36000 38000
46000 48000
56000 58000
66000 68000
76000 78000
86000 88000
96000 98000
106000 108000
116000 118000
126000 128000
138000 140000
148000 150000
158000 160000
168000 170000
178000 180000
188000 190000
198000 200000
208000 210000
218000 220000
228000 230000
240000 242000
250000 252000
260000 262000
270000 272000
280000 282000
290000 292000
300000 302000
310000 312000
320000 322000
330000 332000
342000 344000
352000 354000
362000 364000
372000 374000
382000 384000
392000 394000
402000 404000
412000 414000
422000 424000
432000 434000
444000 446000
454000 456000
464000 466000
474000 476000
484000 486000
494000 496000
504000 506000
514000 516000
524000 526000
534000 536000
546000 548000
556000 558000
566000 568000
576000 578000
586000 588000
596000 598000
606000 608000
616000 618000
626000 628000
636000 638000
648000 650000
658000 660000
668000 670000
678000 680000
688000 690000
698000 700000
708000 710000
718000 720000
728000 730000
