7880245 7885245
7825245 7830245
7765245 7770245
7710245 7715245
7660245 7665245
7595245 7600245
7545245 7550245
7490245 7495245
7425245 7430245
7375245 7380245
7320245 7325245
7260245 7265245
7205245 7210245
7145245 7150245
7090245 7095245
7040245 7045245
6975245 6980245
6925245 6930245
6870245 6875245
6805245 6810245
6755245 6760245
6700245 6705245
6640245 6645245
6585245 6590245
6525245 6530245
6470245 6475245
6420245 6425245
6355245 6360245
6305245 6310245
6250245 6255245
6185245 6190245
6135245 6140245
6070245 6075245
6020245 6025245
5965245 5970245
5905245 5910245
5850245 5855245
5800245 5805245
5735245 5740245
5685245 5690245
5630245 5635245
5565245 5570245
5515245 5520245
5460245 5465245
5400245 5405245
5345245 5350245
5285245 5290245
5230245 5235245
5180245 5185245
5115245 5120245
5065245 5070245
5010245 5015245
4945245 4950245
4895245 4900245
4840245 4845245
4780245 4785245
4725245 4730245
4665245 4670245
4610245 4615245
4560245 4565245
4495245 4500245
4445245 4450245
4390245 4395245
4325245 4330245
4275245 4280245
4210245 4215245
4160245 4165245
4105245 4110245
4045245 4050245
3990245 3995245
3940245 3945245
3875245 3880245
3825245 3830245
3770245 3775245
3705245 3710245
3655245 3660245
3590245 3595245
3540245 3545245
3485245 3490245
3425245 3430245
3370245 3375245
3320245 3325245
3255245 3260245
3205245 3210245
3150245 3155245
3115167 3115245
