7925245 7929713
7929714 7929715
7929721 7929722
7929728 7929729
7915245 7920245
7905245 7910245
7890245 7895245
7875245 7880245
7865245 7870245
7850245 7855245
7840245 7845245
7830245 7835245
7815245 7820245
7800245 7805245
7790245 7795245
7780245 7785245
7760245 7765245
7750245 7755245
7740245 7745245
7725245 7730245
7715245 7720245
7700245 7705245
7690245 7695245
7675245 7680245
7665245 7670245
7655245 7660245
7640245 7645245
7630245 7635245
7620245 7625245
7605245 7610245
7590245 7595245
7580245 7585245
7570245 7575245
7555245 7560245
7540245 7545245
7530245 7535245
7515245 7520245
7505245 7510245
7495245 7500245
7475245 7480245
7465245 7470245
7455245 7460245
7445245 7450245
7430245 7435245
7415245 7420245
7405245 7410245
7390245 7395245
7380245 7385245
7365245 7370245
7350245 7355245
7345245 7350245
7335245 7340245
7325245 7330245
7305245 7310245
7295245 7300245
7285245 7290245
7270245 7275245
7255245 7260245
7245245 7250245
7230245 7235245
7220245 7225245
7210245 7215245
7195245 7200245
7180245 7185245
7170245 7175245
7160245 7165245
7140245 7145245
7130245 7135245
7120245 7125245
7105245 7110245
7095245 7100245
7080245 7085245
7070245 7075245
7055245 7060245
7045245 7050245
7035245 7040245
7020245 7025245
7010245 7015245
7000245 7005245
6985245 6990245
6970245 6975245
6960245 6965245
6950245 6955245
6935245 6940245
6920245 6925245
6910245 6915245
6895245 6900245
6885245 6890245
6875245 6880245
6855245 6860245
6845245 6850245
6835245 6840245
6825245 6830245
6810245 6815245
6795245 6800245
6785245 6790245
6770245 6775245
6760245 6765245
6745245 6750245
6730245 6735245
6725245 6730245
6715245 6720245
6705245 6710245
6685245 6690245
6675245 6680245
6665245 6670245
6650245 6655245
6635245 6640245
6625245 6630245
6610245 6615245
6600245 6605245
6590245 6595245
6575245 6580245
6560245 6565245
6550245 6555245
6540245 6545245
6520245 6525245
6510245 6515245
6500245 6505245
6485245 6490245
6475245 6480245
6460245 6465245
6450245 6455245
6435245 6440245
6425245 6430245
6415245 6420245
6400245 6405245
6390245 6395245
6380245 6385245
6365245 6370245
6350245 6355245
6340245 6345245
6330245 6335245
6315245 6320245
6300245 6305245
6290245 6295245
6275245 6280245
6265245 6270245
6255245 6260245
6235245 6240245
6225245 6230245
6215245 6220245
6205245 6210245
6190245 6195245
6175245 6180245
6165245 6170245
6150245 6155245
6140245 6145245
6125245 6130245
6110245 6115245
6105245 6110245
6095245 6100245
6085245 6090245
6065245 6070245
6055245 6060245
6045245 6050245
6030245 6035245
6015245 6020245
6005245 6010245
5990245 5995245
5980245 5985245
5970245 5975245
5955245 5960245
5940245 5945245
5930245 5935245
5920245 5925245
5900245 5905245
5890245 5895245
5880245 5885245
5865245 5870245
5855245 5860245
5840245 5845245
5830245 5835245
5815245 5820245
5805245 5810245
5795245 5800245
5780245 5785245
5770245 5775245
5760245 5765245
5745245 5750245
5730245 5735245
5720245 5725245
5710245 5715245
5695245 5700245
5680245 5685245
5670245 5675245
5655245 5660245
5645245 5650245
5635245 5640245
5615245 5620245
5605245 5610245
5595245 5600245
5585245 5590245
5570245 5575245
5555245 5560245
5545245 5550245
5530245 5535245
5520245 5525245
5505245 5510245
5490245 5495245
5485245 5490245
5475245 5480245
5465245 5470245
5445245 5450245
5435245 5440245
5425245 5430245
5410245 5415245
5395245 5400245
5385245 5390245
5370245 5375245
5360245 5365245
5350245 5355245
5335245 5340245
5320245 5325245
5310245 5315245
5300245 5305245
5280245 5285245
5270245 5275245
5260245 5265245
5245245 5250245
5235245 5240245
5220245 5225245
5210245 5215245
5195245 5200245
5185245 5190245
5175245 5180245
5160245 5165245
5150245 5155245
5140245 5145245
5125245 5130245
5110245 5115245
5100245 5105245
5090245 5095245
5075245 5080245
5060245 5065245
5050245 5055245
5035245 5040245
5025245 5030245
5015245 5020245
4995245 5000245
4985245 4990245
4975245 4980245
4965245 4970245
4950245 4955245
4935245 4940245
4925245 4930245
4910245 4915245
4900245 4905245
4885245 4890245
4870245 4875245
4865245 4870245
4855245 4860245
4845245 4850245
4825245 4830245
4815245 4820245
4805245 4810245
4790245 4795245
4775245 4780245
4765245 4770245
4750245 4755245
4740245 4745245
4730245 4735245
4715245 4720245
4700245 4705245
4690245 4695245
4680245 4685245
4660245 4665245
4650245 4655245
4640245 4645245
4625245 4630245
4615245 4620245
4600245 4605245
4590245 4595245
4575245 4580245
4565245 4570245
4555245 4560245
4540245 4545245
4530245 4535245
4520245 4525245
4505245 4510245
4490245 4495245
4480245 4485245
4470245 4475245
4455245 4460245
4440245 4445245
4430245 4435245
4415245 4420245
4405245 4410245
4395245 4400245
4375245 4380245
4365245 4370245
4355245 4360245
4345245 4350245
4330245 4335245
4315245 4320245
4305245 4310245
4290245 4295245
4280245 4285245
4265245 4270245
4250245 4255245
4245245 4250245
4235245 4240245
4225245 4230245
4205245 4210245
4195245 4200245
4185245 4190245
4170245 4175245
4155245 4160245
4145245 4150245
4130245 4135245
4120245 4125245
4110245 4115245
4095245 4100245
4080245 4085245
4070245 4075245
4060245 4065245
4040245 4045245
4030245 4035245
4020245 4025245
4005245 4010245
3995245 4000245
3980245 3985245
3970245 3975245
3955245 3960245
3945245 3950245
3935245 3940245
3920245 3925245
3910245 3915245
3900245 3905245
3885245 3890245
3870245 3875245
3860245 3865245
3850245 3855245
3835245 3840245
3820245 3825245
3810245 3815245
3795245 3800245
3785245 3790245
3775245 3780245
3755245 3760245
3745245 3750245
3735245 3740245
3725245 3730245
3710245 3715245
3695245 3700245
3685245 3690245
3670245 3675245
3660245 3665245
3645245 3650245
3630245 3635245
3625245 3630245
3615245 3620245
3605245 3610245
3585245 3590245
3575245 3580245
3565245 3570245
3550245 3555245
3535245 3540245
3525245 3530245
3510245 3515245
3500245 3505245
3490245 3495245
3475245 3480245
3460245 3465245
3450245 3455245
3440245 3445245
3420245 3425245
3410245 3415245
3400245 3405245
3385245 3390245
3375245 3380245
3360245 3365245
3350245 3355245
3335245 3340245
3325245 3330245
3315245 3320245
3300245 3305245
3290245 3295245
3280245 3285245
3265245 3270245
3250245 3255245
3240245 3245245
3230245 3235245
3215245 3220245
3200245 3205245
3190245 3195245
3175245 3180245
3165245 3170245
3155245 3160245
3135245 3140245
3125245 3130245
3115245 3120245
