7920245 7925245
7910245 7915245
7900245 7905245
7885245 7890245
7870245 7875245
7860245 7865245
7845245 7850245
7835245 7840245
7820245 7825245
7805245 7810245
7795245 7800245
7785245 7790245
7770245 7775245
7755245 7760245
7745245 7750245
7735245 7740245
7720245 7725245
7705245 7710245
7695245 7700245
7680245 7685245
7670245 7675245
7650245 7655245
7635245 7640245
7625245 7630245
7615245 7620245
7600245 7605245
7585245 7590245
7575245 7580245
7560245 7565245
7550245 7555245
7535245 7540245
7525245 7530245
7510245 7515245
7500245 7505245
7485245 7490245
7470245 7475245
7460245 7465245
7450245 7455245
7435245 7440245
7420245 7425245
7410245 7415245
7395245 7400245
7385245 7390245
7370245 7375245
7355245 7360245
7340245 7345245
7330245 7335245
7315245 7320245
7300245 7305245
7290245 7295245
7280245 7285245
7265245 7270245
7250245 7255245
7240245 7245245
7225245 7230245
7215245 7220245
7200245 7205245
7185245 7190245
7175245 7180245
7165245 7170245
7150245 7155245
7135245 7140245
7125245 7130245
7115245 7120245
7100245 7105245
7085245 7090245
7075245 7080245
7060245 7065245
7050245 7055245
7030245 7035245
7015245 7020245
7005245 7010245
6995245 7000245
6980245 6985245
6965245 6970245
6955245 6960245
6940245 6945245
6930245 6935245
6915245 6920245
6900245 6905245
6890245 6895245
6880245 6885245
6865245 6870245
6850245 6855245
6840245 6845245
6830245 6835245
6815245 6820245
6800245 6805245
6790245 6795245
6775245 6780245
6765245 6770245
6750245 6755245
6735245 6740245
6720245 6725245
6710245 6715245
6695245 6700245
6680245 6685245
6670245 6675245
6660245 6665245
6645245 6650245
6630245 6635245
6620245 6625245
6605245 6610245
6595245 6600245
6580245 6585245
6565245 6570245
6555245 6560245
6545245 6550245
6530245 6535245
6515245 6520245
6505245 6510245
6495245 6500245
6480245 6485245
6465245 6470245
6455245 6460245
6440245 6445245
6430245 6435245
6410245 6415245
6395245 6400245
6385245 6390245
6375245 6380245
6360245 6365245
6345245 6350245
6335245 6340245
6320245 6325245
6310245 6315245
6295245 6300245
6285245 6290245
6270245 6275245
6260245 6265245
6245245 6250245
6230245 6235245
6220245 6225245
6210245 6215245
6195245 6200245
6180245 6185245
6170245 6175245
6155245 6160245
6145245 6150245
6130245 6135245
6115245 6120245
6100245 6105245
6090245 6095245
6080245 6085245
6060245 6065245
6050245 6055245
6040245 6045245
6025245 6030245
6010245 6015245
6000245 6005245
5985245 5990245
5975245 5980245
5960245 5965245
5945245 5950245
5935245 5940245
5925245 5930245
5910245 5915245
5895245 5900245
5885245 5890245
5870245 5875245
5860245 5865245
5845245 5850245
5835245 5840245
5820245 5825245
5810245 5815245
5790245 5795245
5775245 5780245
5765245 5770245
5755245 5760245
5740245 5745245
5725245 5730245
5715245 5720245
5700245 5705245
5690245 5695245
5675245 5680245
5665245 5670245
5650245 5655245
5640245 5645245
5625245 5630245
5610245 5615245
5600245 5605245
5590245 5595245
5575245 5580245
5560245 5565245
5550245 5555245
5535245 5540245
5525245 5530245
5510245 5515245
5495245 5500245
5480245 5485245
5470245 5475245
5455245 5460245
5440245 5445245
5430245 5435245
5420245 5425245
5405245 5410245
5390245 5395245
5380245 5385245
5365245 5370245
5355245 5360245
5340245 5345245
5325245 5330245
5315245 5320245
5305245 5310245
5290245 5295245
5275245 5280245
5265245 5270245
5250245 5255245
5240245 5245245
5225245 5230245
5215245 5220245
5200245 5205245
5190245 5195245
5170245 5175245
5155245 5160245
5145245 5150245
5135245 5140245
5120245 5125245
5105245 5110245
5095245 5100245
5080245 5085245
5070245 5075245
5055245 5060245
5045245 5050245
5030245 5035245
5020245 5025245
5005245 5010245
4990245 4995245
4980245 4985245
4970245 4975245
4955245 4960245
4940245 4945245
4930245 4935245
4915245 4920245
4905245 4910245
4890245 4895245
4875245 4880245
4860245 4865245
4850245 4855245
4835245 4840245
4820245 4825245
4810245 4815245
4800245 4805245
4785245 4790245
4770245 4775245
4760245 4765245
4745245 4750245
4735245 4740245
4720245 4725245
4705245 4710245
4695245 4700245
4685245 4690245
4670245 4675245
4655245 4660245
4645245 4650245
4635245 4640245
4620245 4625245
4605245 4610245
4595245 4600245
4580245 4585245
4570245 4575245
4550245 4555245
4535245 4540245
4525245 4530245
4515245 4520245
4500245 4505245
4485245 4490245
4475245 4480245
4460245 4465245
4450245 4455245
4435245 4440245
4420245 4425245
4410245 4415245
4400245 4405245
4385245 4390245
4370245 4375245
4360245 4365245
4350245 4355245
4335245 4340245
4320245 4325245
4310245 4315245
4295245 4300245
4285245 4290245
4270245 4275245
4255245 4260245
4240245 4245245
4230245 4235245
4220245 4225245
4200245 4205245
4190245 4195245
4180245 4185245
4165245 4170245
4150245 4155245
4140245 4145245
4125245 4130245
4115245 4120245
4100245 4105245
4085245 4090245
4075245 4080245
4065245 4070245
4050245 4055245
4035245 4040245
4025245 4030245
4015245 4020245
4000245 4005245
3985245 3990245
3975245 3980245
3960245 3965245
3950245 3955245
3930245 3935245
3915245 3920245
3905245 3910245
3895245 3900245
3880245 3885245
3865245 3870245
3855245 3860245
3840245 3845245
3830245 3835245
3815245 3820245
3800245 3805245
3790245 3795245
3780245 3785245
3765245 3770245
3750245 3755245
3740245 3745245
3730245 3735245
3715245 3720245
3700245 3705245
3690245 3695245
3675245 3680245
3665245 3670245
3650245 3655245
3635245 3640245
3620245 3625245
3610245 3615245
3600245 3605245
3580245 3585245
3570245 3575245
3560245 3565245
3545245 3550245
3530245 3535245
3520245 3525245
3505245 3510245
3495245 3500245
3480245 3485245
3465245 3470245
3455245 3460245
3445245 3450245
3430245 3435245
3415245 3420245
3405245 3410245
3395245 3400245
3380245 3385245
3365245 3370245
3355245 3360245
3340245 3345245
3330245 3335245
3310245 3315245
3295245 3300245
3285245 3290245
3275245 3280245
3260245 3265245
3245245 3250245
3235245 3240245
3220245 3225245
3210245 3215245
3195245 3200245
3180245 3185245
3170245 3175245
3160245 3165245
3145245 3150245
3130245 3135245
3120245 3125245
