7895245 7900245
7855245 7860245
7810245 7815245
7775245 7780245
7730245 7735245
7685245 7690245
7645245 7650245
7610245 7615245
7565245 7570245
7520245 7525245
7480245 7485245
7440245 7445245
7400245 7405245
7360245 7365245
7310245 7315245
7275245 7280245
7235245 7240245
7190245 7195245
7155245 7160245
7110245 7115245
7065245 7070245
7025245 7030245
6990245 6995245
6945245 6950245
6905245 6910245
6860245 6865245
6820245 6825245
6780245 6785245
6740245 6745245
6690245 6695245
6655245 6660245
6615245 6620245
6570245 6575245
6535245 6540245
6490245 6495245
6445245 6450245
6405245 6410245
6370245 6375245
6325245 6330245
6280245 6285245
6240245 6245245
6200245 6205245
6160245 6165245
6120245 6125245
6075245 6080245
6035245 6040245
5995245 6000245
5950245 5955245
5915245 5920245
5875245 5880245
5825245 5830245
5785245 5790245
5750245 5755245
5705245 5710245
5660245 5665245
5620245 5625245
5580245 5585245
5540245 5545245
5500245 5505245
5450245 5455245
5415245 5420245
5375245 5380245
5330245 5335245
5295245 5300245
5255245 5260245
5205245 5210245
5165245 5170245
5130245 5135245
5085245 5090245
5040245 5045245
5000245 5005245
4960245 4965245
4920245 4925245
4880245 4885245
4830245 4835245
4795245 4800245
4755245 4760245
4710245 4715245
4675245 4680245
4630245 4635245
4585245 4590245
4545245 4550245
4510245 4515245
4465245 4470245
4425245 4430245
4380245 4385245
4340245 4345245
4300245 4305245
4260245 4265245
4215245 4220245
4175245 4180245
4135245 4140245
4090245 4095245
4055245 4060245
4010245 4015245
3965245 3970245
3925245 3930245
3890245 3895245
3845245 3850245
3805245 3810245
3760245 3765245
3720245 3725245
3680245 3685245
3640245 3645245
3595245 3600245
3555245 3560245
3515245 3520245
3470245 3475245
3435245 3440245
3390245 3395245
3345245 3350245
3305245 3310245
3270245 3275245
3225245 3230245
3185245 3190245
3140245 3145245
