1 5
2 26
3 121
4 300
5 1009
6 1477
7 4591
8 15049
9 35101
10 35101
11 83161
12 176401
13 291721
14 291721
15 720721
16 1081081
17 1496881
18 2106721
19 3341521
20 3341521
21 5654881
22 7207201
23 8648641
24 10810801
25 13693681
26 15135121
27 21621601
28 28274401
29 28274401
30 41081041
31 41081041
32 41081041
33 61261201
34 73513441
35 73513441
36 97297201
37 97297201
38 97297201
39 122522401
40 122522401
41 164324161
42 205405201
43 205405201
44 205405201
45 281801521
46 302702401
47 367567201
48 367567201
49 367567201
50 497296801
51 497296801
52 698377681
53 735134401
54 735134401
55 735134401
56 1029188161
57 1029188161
58 1163962801
59 1163962801
60 1396755361
61 1396755361
62 1396755361
63 1396755361
64 1396755361
65 1396755361
66 2205403201
67 2205403201
68 2327925601
69 2327925601
70 2572970401
71 2793510721
72 2793510721
73 3491888401
74 3491888401
75 3491888401
76 3491888401
77 3491888401
78 4227022801
79 5072427361
80 5587021441
81 6983776801
82 6983776801
83 6983776801
84 6983776801
85 6983776801
86 6983776801
87 6983776801
88 6983776801
89 6983776801
90 6983776801
91 8454045601
92 8454045601
93 8454045601
94 8454045601
95 8454045601
96 8454045601
97 13967553601
98 13967553601
99 13967553601
100 13967553601
