# A200503 b-file using results found by Alexei Kourbatov, Norman Luhn, Martin Raab, and Karl Desfontaines
1 90
2 15960
3 24360
4 1047480
5 2605680
6 2856000
7 3605070
8 4438560
9 5268900
10 17958150
11 21955290
12 23910600
13 37284660
14 40198200
15 62438460
16 64094520
17 66134250
18 70590030
19 77649390
20 83360970
21 90070470
22 93143820
23 98228130
24 117164040
25 131312160
26 151078830
27 154904820
28 158654580
29 159663630
30 182378280
31 194658240
32 215261760
33 230683530
34 245336910
35 258121710
36 263737740
37 311017980
38 322552230
39 342447210
40 421877610
41 475997340
42 507945690
43 509301870
44 629540730
45 659616720
46 797025180
47 813158010
48 823158840
49 854569590
50 888931050
51 1010092650
52 1018139850
53 1139590200
54 1152229260
55 1204960680
56 1457965740
57 1566232710
58 1620857700
59 1632772680
60 1756969830
61 1854693120
62 1880371080
63 1882303290
64 2012265360
65 2076020940
66 2650231920
67 2865745680
68 2974185270
69 3630679290
70 3723060600
71 4010279070
72 4174554300
73 4276641390
74 4364876880
75 4522015260
76 4527413100
77 4802739270
78 5185264980
79 5402643960
80 5454427650
81 5497271220
82 5752574310
83 7036105440
84 7656267360
85 7683605370
86 7933434180
87 8465868180
88 8534299620
89 9436970340
90 9492978810
91 9774670290
