# A200504
1 7
2 97
3 19417
4 43777
5 3400207
6 11664547
7 37055647
8 82984537
9 89483827
10 94752727
11 381674467
12 1569747997
13 2019957337
14 5892947647
15 6797589427
16 14048370097
17 23438578897
18 24649559647
19 29637700987
20 29869155847
21 45555183127
22 52993564567
23 58430706067
24 93378527647
25 97236244657
26 240065351077
27 413974098817
28 419322931117
29 422088931207
30 427190088877
31 610418426197
32 659829553837
33 660863670277
34 853633486957
35 1089611097007
36 1247852774797
37 1475007144967
38 1914335271127
39 1953892356667
40 3428196061177
41 9367921374937
42 10254799647007
43 13786576306957
44 21016714812547
45 33157788914347
46 41348577354307
47 72702520226377
48 89165783669857
49 122421000846367
50 139864197232927
51 147693859139077
52 186009633998047
53 202607131405027
54 332396845335547
55 424681656944257
56 437804272277497
