# A233426
1 97
2 16057
3 43777
4 1091257
5 6005887
6 14520547
7 40660717
8 87423097
9 94752727
10 112710877
11 403629757
12 1593658597
13 2057241997
14 5933145847
15 6860027887
16 14112464617
17 23504713147
18 24720149677
19 29715350377
20 29952516817
21 45645253597
22 53086708387
23 58528934197
24 93495691687
25 97367556817
26 240216429907
27 414129003637
28 419481585697
29 422248594837
30 427372467157
31 610613084437
32 660044815597
33 661094353807
34 853878823867
35 1089869218717
36 1248116512537
37 1475318162947
38 1914657823357
39 1954234803877
40 3428617938787
41 9368397372277
42 10255307592697
43 13787085608827
44 21017344353277
45 33158448531067
46 41349374379487
47 72703333384387
48 89166606828697
49 122421855415957
50 139865086163977
51 147694869231727
52 186010652137897
53 202608270995227
54 332397997564807
55 424682861904937
56 437805730243237


