1 7
2 11
3 13
4 17
5 19
6 23
7 97
8 101
9 103
10 107
11 109
12 113
13 16057
14 16061
15 16063
16 16067
17 16069
18 16073
19 19417
20 19421
21 19423
22 19427
23 19429
24 19433
25 43777
26 43781
27 43783
28 43787
29 43789
30 43793
31 1091257
32 1091261
33 1091263
34 1091267
35 1091269
36 1091273
37 1615837
38 1615841
39 1615843
40 1615847
41 1615849
42 1615853
43 1954357
44 1954361
45 1954363
46 1954367
47 1954369
48 1954373
49 2822707
50 2822711
51 2822713
52 2822717
53 2822719
54 2822723
55 2839927
56 2839931
57 2839933
58 2839937
59 2839939
60 2839943
61 3243337
62 3243341
63 3243343
64 3243347
65 3243349
66 3243353
67 3400207
68 3400211
69 3400213
70 3400217
71 3400219
72 3400223
73 6005887
74 6005891
75 6005893
76 6005897
77 6005899
78 6005903
79 6503587
80 6503591
81 6503593
82 6503597
83 6503599
84 6503603
85 7187767
86 7187771
87 7187773
88 7187777
89 7187779
90 7187783
91 7641367
92 7641371
93 7641373
94 7641377
95 7641379
96 7641383
97 8061997
98 8062001
99 8062003
100 8062007
101 8062009
102 8062013
103 8741137
104 8741141
105 8741143
106 8741147
107 8741149
108 8741153
109 10526557
110 10526561
111 10526563
112 10526567
113 10526569
114 10526573
115 11086837
116 11086841
117 11086843
118 11086847
119 11086849
120 11086853
121 11664547
122 11664551
123 11664553
124 11664557
125 11664559
126 11664563
127 14520547
128 14520551
129 14520553
130 14520557
131 14520559
132 14520563
133 14812867
134 14812871
135 14812873
136 14812877
137 14812879
138 14812883
139 14834707
140 14834711
141 14834713
142 14834717
143 14834719
144 14834723
145 14856757
146 14856761
147 14856763
148 14856767
149 14856769
150 14856773
151 16025827
152 16025831
153 16025833
154 16025837
155 16025839
156 16025843
157 16094707
158 16094711
159 16094713
160 16094717
161 16094719
162 16094723
163 18916477
164 18916481
165 18916483
166 18916487
167 18916489
168 18916493
169 19197247
170 19197251
171 19197253
172 19197257
173 19197259
174 19197263
175 19634047
176 19634051
177 19634053
178 19634057
179 19634059
180 19634063
181 19800367
182 19800371
183 19800373
184 19800377
185 19800379
186 19800383
187 20112217
188 20112221
189 20112223
190 20112227
191 20112229
192 20112233
193 20247037
194 20247041
195 20247043
196 20247047
197 20247049
198 20247053
199 21321187
200 21321191
201 21321193
202 21321197
203 21321199
204 21321203
205 21850177
206 21850181
207 21850183
208 21850187
209 21850189
210 21850193
211 22587277
212 22587281
213 22587283
214 22587287
215 22587289
216 22587293
217 24786397
218 24786401
219 24786403
220 24786407
221 24786409
222 24786413
223 25009417
224 25009421
225 25009423
226 25009427
227 25009429
228 25009433
229 25524127
230 25524131
231 25524133
232 25524137
233 25524139
234 25524143
235 27305557
236 27305561
237 27305563
238 27305567
239 27305569
240 27305573
241 29153557
242 29153561
243 29153563
244 29153567
245 29153569
246 29153573
247 31563937
248 31563941
249 31563943
250 31563947
251 31563949
252 31563953
253 31875577
254 31875581
255 31875583
256 31875587
257 31875589
258 31875593
259 32836747
260 32836751
261 32836753
262 32836757
263 32836759
264 32836763
265 33575947
266 33575951
267 33575953
268 33575957
269 33575959
270 33575963
271 36319177
272 36319181
273 36319183
274 36319187
275 36319189
276 36319193
277 36985297
278 36985301
279 36985303
280 36985307
281 36985309
282 36985313
283 37055647
284 37055651
285 37055653
286 37055657
287 37055659
288 37055663
289 40660717
290 40660721
291 40660723
292 40660727
293 40660729
294 40660733
295 41214067
296 41214071
297 41214073
298 41214077
299 41214079
300 41214083
301 41763427
302 41763431
303 41763433
304 41763437
305 41763439
306 41763443
307 41927437
308 41927441
309 41927443
310 41927447
311 41927449
312 41927453
313 44842867
314 44842871
315 44842873
316 44842877
317 44842879
318 44842883
319 45974557
320 45974561
321 45974563
322 45974567
323 45974569
324 45974573
325 47204737
326 47204741
327 47204743
328 47204747
329 47204749
330 47204753
331 48660247
332 48660251
333 48660253
334 48660257
335 48660259
336 48660263
337 49157737
338 49157741
339 49157743
340 49157747
341 49157749
342 49157753
343 50685907
344 50685911
345 50685913
346 50685917
347 50685919
348 50685923
349 50943787
350 50943791
351 50943793
352 50943797
353 50943799
354 50943803
355 51255637
356 51255641
357 51255643
358 51255647
359 51255649
360 51255653
361 53204857
362 53204861
363 53204863
364 53204867
365 53204869
366 53204873
367 53266387
368 53266391
369 53266393
370 53266397
371 53266399
372 53266403
373 55057897
374 55057901
375 55057903
376 55057907
377 55057909
378 55057913
379 56431927
380 56431931
381 56431933
382 56431937
383 56431939
384 56431943
385 57812467
386 57812471
387 57812473
388 57812477
389 57812479
390 57812483
391 59877397
392 59877401
393 59877403
394 59877407
395 59877409
396 59877413
397 61052347
398 61052351
399 61052353
400 61052357
401 61052359
402 61052363
403 62757967
404 62757971
405 62757973
406 62757977
407 62757979
408 62757983
409 63655717
410 63655721
411 63655723
412 63655727
413 63655729
414 63655733
415 65689567
416 65689571
417 65689573
418 65689577
419 65689579
420 65689583
421 67022227
422 67022231
423 67022233
424 67022237
425 67022239
426 67022243
427 69296317
428 69296321
429 69296323
430 69296327
431 69296329
432 69296333
433 72610117
434 72610121
435 72610123
436 72610127
437 72610129
438 72610133
439 74283607
440 74283611
441 74283613
442 74283617
443 74283619
444 74283623
445 74390077
446 74390081
447 74390083
448 74390087
449 74390089
450 74390093
451 75085597
452 75085601
453 75085603
454 75085607
455 75085609
456 75085613
457 76150507
458 76150511
459 76150513
460 76150517
461 76150519
462 76150523
463 79413067
464 79413071
465 79413073
466 79413077
467 79413079
468 79413083
469 82984537
470 82984541
471 82984543
472 82984547
473 82984549
474 82984553
475 87423097
476 87423101
477 87423103
478 87423107
479 87423109
480 87423113
481 89483827
482 89483831
483 89483833
484 89483837
485 89483839
486 89483843
487 94752727
488 94752731
489 94752733
490 94752737
491 94752739
492 94752743
493 112710877
494 112710881
495 112710883
496 112710887
497 112710889
498 112710893
499 114405997
500 114406001
501 114406003
502 114406007
503 114406009
504 114406013
505 114812767
506 114812771
507 114812773
508 114812777
509 114812779
510 114812783
511 115198537
512 115198541
513 115198543
514 115198547
515 115198549
516 115198553
517 115921567
518 115921571
519 115921573
520 115921577
521 115921579
522 115921583
523 119279257
524 119279261
525 119279263
526 119279267
527 119279269
528 119279273
529 119732017
530 119732021
531 119732023
532 119732027
533 119732029
534 119732033
535 123821767
536 123821771
537 123821773
538 123821777
539 123821779
540 123821783
541 124160077
542 124160081
543 124160083
544 124160087
545 124160089
546 124160093
547 125847847
548 125847851
549 125847853
550 125847857
551 125847859
552 125847863
553 130278007
554 130278011
555 130278013
556 130278017
557 130278019
558 130278023
559 131118847
560 131118851
561 131118853
562 131118857
563 131118859
564 131118863
565 132842107
566 132842111
567 132842113
568 132842117
569 132842119
570 132842123
571 135941077
572 135941081
573 135941083
574 135941087
575 135941089
576 135941093
577 140124697
578 140124701
579 140124703
580 140124707
581 140124709
582 140124713
583 146022127
584 146022131
585 146022133
586 146022137
587 146022139
588 146022143
589 149620057
590 149620061
591 149620063
592 149620067
593 149620069
594 149620073
595 150733477
596 150733481
597 150733483
598 150733487
599 150733489
600 150733493
601 151048477
602 151048481
603 151048483
604 151048487
605 151048489
606 151048493
607 151659367
608 151659371
609 151659373
610 151659377
611 151659379
612 151659383
613 151848787
614 151848791
615 151848793
616 151848797
617 151848799
618 151848803
619 151946227
620 151946231
621 151946233
622 151946237
623 151946239
624 151946243
625 152574547
626 152574551
627 152574553
628 152574557
629 152574559
630 152574563
631 153090517
632 153090521
633 153090523
634 153090527
635 153090529
636 153090533
637 153514717
638 153514721
639 153514723
640 153514727
641 153514729
642 153514733
643 154597897
644 154597901
645 154597903
646 154597907
647 154597909
648 154597913
649 155011387
650 155011391
651 155011393
652 155011397
653 155011399
654 155011403
655 156896137
656 156896141
657 156896143
658 156896147
659 156896149
660 156896153
661 163893127
662 163893131
663 163893133
664 163893137
665 163893139
666 163893143
667 164221147
668 164221151
669 164221153
670 164221157
671 164221159
672 164221163
673 164564497
674 164564501
675 164564503
676 164564507
677 164564509
678 164564513
679 165601477
680 165601481
681 165601483
682 165601487
683 165601489
684 165601493
685 166000057
686 166000061
687 166000063
688 166000067
689 166000069
690 166000073
691 175258537
692 175258541
693 175258543
694 175258547
695 175258549
696 175258553
697 176919637
698 176919641
699 176919643
700 176919647
701 176919649
702 176919653
703 180646717
704 180646721
705 180646723
706 180646727
707 180646729
708 180646733
709 184706437
710 184706441
711 184706443
712 184706447
713 184706449
714 184706453
715 185938927
716 185938931
717 185938933
718 185938937
719 185938939
720 185938943
721 187315477
722 187315481
723 187315483
724 187315487
725 187315489
726 187315493
727 188722477
728 188722481
729 188722483
730 188722487
731 188722489
732 188722493
733 190504747
734 190504751
735 190504753
736 190504757
737 190504759
738 190504763
739 191128027
740 191128031
741 191128033
742 191128037
743 191128039
744 191128043
745 204332407
746 204332411
747 204332413
748 204332417
749 204332419
750 204332423
751 205137337
752 205137341
753 205137343
754 205137347
755 205137349
756 205137353
757 205216717
758 205216721
759 205216723
760 205216727
761 205216729
762 205216733
763 209823067
764 209823071
765 209823073
766 209823077
767 209823079
768 209823083
769 213861997
770 213862001
771 213862003
772 213862007
773 213862009
774 213862013
775 214187917
776 214187921
777 214187923
778 214187927
779 214187929
780 214187933
781 215989717
782 215989721
783 215989723
784 215989727
785 215989729
786 215989733
787 221389027
788 221389031
789 221389033
790 221389037
791 221389039
792 221389043
793 222762637
794 222762641
795 222762643
796 222762647
797 222762649
798 222762653
799 223136647
800 223136651
801 223136653
802 223136657
803 223136659
804 223136663
805 223789117
806 223789121
807 223789123
808 223789127
809 223789129
810 223789133
811 225443077
812 225443081
813 225443083
814 225443087
815 225443089
816 225443093
817 226901107
818 226901111
819 226901113
820 226901117
821 226901119
822 226901123
823 228667837
824 228667841
825 228667843
826 228667847
827 228667849
828 228667853
829 234929407
830 234929411
831 234929413
832 234929417
833 234929419
834 234929423
835 236608777
836 236608781
837 236608783
838 236608787
839 236608789
840 236608793
841 238523557
842 238523561
843 238523563
844 238523567
845 238523569
846 238523573
847 240293227
848 240293231
849 240293233
850 240293237
851 240293239
852 240293243
853 243857347
854 243857351
855 243857353
856 243857357
857 243857359
858 243857363
859 246843127
860 246843131
861 246843133
862 246843137
863 246843139
864 246843143
865 248834137
866 248834141
867 248834143
868 248834147
869 248834149
870 248834153
871 253746667
872 253746671
873 253746673
874 253746677
875 253746679
876 253746683
877 257699077
878 257699081
879 257699083
880 257699087
881 257699089
882 257699093
883 258145747
884 258145751
885 258145753
886 258145757
887 258145759
888 258145763
889 260708797
890 260708801
891 260708803
892 260708807
893 260708809
894 260708813
895 273649627
896 273649631
897 273649633
898 273649637
899 273649639
900 273649643
901 276244597
902 276244601
903 276244603
904 276244607
905 276244609
906 276244613
907 277682677
908 277682681
909 277682683
910 277682687
911 277682689
912 277682693
913 278340187
914 278340191
915 278340193
916 278340197
917 278340199
918 278340203
919 279328447
920 279328451
921 279328453
922 279328457
923 279328459
924 279328463
925 288004807
926 288004811
927 288004813
928 288004817
929 288004819
930 288004823
931 290181247
932 290181251
933 290181253
934 290181257
935 290181259
936 290181263
937 294430177
938 294430181
939 294430183
940 294430187
941 294430189
942 294430193
943 296095687
944 296095691
945 296095693
946 296095697
947 296095699
948 296095703
949 298713967
950 298713971
951 298713973
952 298713977
953 298713979
954 298713983
955 300466417
956 300466421
957 300466423
958 300466427
959 300466429
960 300466433
961 313106737
962 313106741
963 313106743
964 313106747
965 313106749
966 313106753
967 316650277
968 316650281
969 316650283
970 316650287
971 316650289
972 316650293
973 323301607
974 323301611
975 323301613
976 323301617
977 323301619
978 323301623
979 324805837
980 324805841
981 324805843
982 324805847
983 324805849
984 324805853
985 327160777
986 327160781
987 327160783
988 327160787
989 327160789
990 327160793
991 329549317
992 329549321
993 329549323
994 329549327
995 329549329
996 329549333
997 335699587
998 335699591
999 335699593
1000 335699597
1001 335699599
1002 335699603
1003 338861977
1004 338861981
1005 338861983
1006 338861987
1007 338861989
1008 338861993
1009 339484417
1010 339484421
1011 339484423
1012 339484427
1013 339484429
1014 339484433
1015 344941687
1016 344941691
1017 344941693
1018 344941697
1019 344941699
1020 344941703
1021 358413817
1022 358413821
1023 358413823
1024 358413827
1025 358413829
1026 358413833
1027 359772307
1028 359772311
1029 359772313
1030 359772317
1031 359772319
1032 359772323
1033 360054127
1034 360054131
1035 360054133
1036 360054137
1037 360054139
1038 360054143
1039 360876067
1040 360876071
1041 360876073
1042 360876077
1043 360876079
1044 360876083
1045 361361587
1046 361361591
1047 361361593
1048 361361597
1049 361361599
1050 361361603
1051 363720937
1052 363720941
1053 363720943
1054 363720947
1055 363720949
1056 363720953
1057 372791047
1058 372791051
1059 372791053
1060 372791057
1061 372791059
1062 372791063
1063 373434697
1064 373434701
1065 373434703
1066 373434707
1067 373434709
1068 373434713
1069 381674467
1070 381674471
1071 381674473
1072 381674477
1073 381674479
1074 381674483
1075 403629757
1076 403629761
1077 403629763
1078 403629767
1079 403629769
1080 403629773
1081 404941627
1082 404941631
1083 404941633
1084 404941637
1085 404941639
1086 404941643
1087 411454777
1088 411454781
1089 411454783
1090 411454787
1091 411454789
1092 411454793
1093 411634117
1094 411634121
1095 411634123
1096 411634127
1097 411634129
1098 411634133
1099 411746047
1100 411746051
1101 411746053
1102 411746057
1103 411746059
1104 411746063
1105 412633927
1106 412633931
1107 412633933
1108 412633937
1109 412633939
1110 412633943
1111 414572227
1112 414572231
1113 414572233
1114 414572237
1115 414572239
1116 414572243
1117 417397147
1118 417397151
1119 417397153
1120 417397157
1121 417397159
1122 417397163
1123 417962257
1124 417962261
1125 417962263
1126 417962267
1127 417962269
1128 417962273
1129 419208607
1130 419208611
1131 419208613
1132 419208617
1133 419208619
1134 419208623
1135 429747667
1136 429747671
1137 429747673
1138 429747677
1139 429747679
1140 429747683
1141 434056027
1142 434056031
1143 434056033
1144 434056037
1145 434056039
1146 434056043
1147 434863057
1148 434863061
1149 434863063
1150 434863067
1151 434863069
1152 434863073
1153 441950137
1154 441950141
1155 441950143
1156 441950147
1157 441950149
1158 441950153
1159 450614107
1160 450614111
1161 450614113
1162 450614117
1163 450614119
1164 450614123
1165 451556377
1166 451556381
1167 451556383
1168 451556387
1169 451556389
1170 451556393
1171 454544257
1172 454544261
1173 454544263
1174 454544267
1175 454544269
1176 454544273
1177 462926407
1178 462926411
1179 462926413
1180 462926417
1181 462926419
1182 462926423
1183 466193797
1184 466193801
1185 466193803
1186 466193807
1187 466193809
1188 466193813
1189 474190807
1190 474190811
1191 474190813
1192 474190817
1193 474190819
1194 474190823
1195 474225667
1196 474225671
1197 474225673
1198 474225677
1199 474225679
1200 474225683
1201 481326397
1202 481326401
1203 481326403
1204 481326407
1205 481326409
1206 481326413
1207 487027897
1208 487027901
1209 487027903
1210 487027907
1211 487027909
1212 487027913
1213 489846937
1214 489846941
1215 489846943
1216 489846947
1217 489846949
1218 489846953
1219 494319097
1220 494319101
1221 494319103
1222 494319107
1223 494319109
1224 494319113
1225 495303157
1226 495303161
1227 495303163
1228 495303167
1229 495303169
1230 495303173
1231 495588547
1232 495588551
1233 495588553
1234 495588557
1235 495588559
1236 495588563
1237 507420367
1238 507420371
1239 507420373
1240 507420377
1241 507420379
1242 507420383
1243 508055407
1244 508055411
1245 508055413
1246 508055417
1247 508055419
1248 508055423
1249 511015777
1250 511015781
1251 511015783
1252 511015787
1253 511015789
1254 511015793
1255 516518407
1256 516518411
1257 516518413
1258 516518417
1259 516518419
1260 516518423
1261 519696757
1262 519696761
1263 519696763
1264 519696767
1265 519696769
1266 519696773
1267 538281967
1268 538281971
1269 538281973
1270 538281977
1271 538281979
1272 538281983
1273 541937647
1274 541937651
1275 541937653
1276 541937657
1277 541937659
1278 541937663
1279 542460547
1280 542460551
1281 542460553
1282 542460557
1283 542460559
1284 542460563
1285 545170177
1286 545170181
1287 545170183
1288 545170187
1289 545170189
1290 545170193
1291 554504047
1292 554504051
1293 554504053
1294 554504057
1295 554504059
1296 554504063
1297 555319477
1298 555319481
1299 555319483
1300 555319487
1301 555319489
1302 555319493
1303 561116317
1304 561116321
1305 561116323
1306 561116327
1307 561116329
1308 561116333
1309 562887037
1310 562887041
1311 562887043
1312 562887047
1313 562887049
1314 562887053
1315 563069317
1316 563069321
1317 563069323
1318 563069327
1319 563069329
1320 563069333
1321 563681467
1322 563681471
1323 563681473
1324 563681477
1325 563681479
1326 563681483
1327 565204807
1328 565204811
1329 565204813
1330 565204817
1331 565204819
1332 565204823
1333 569347057
1334 569347061
1335 569347063
1336 569347067
1337 569347069
1338 569347073
1339 570197977
1340 570197981
1341 570197983
1342 570197987
1343 570197989
1344 570197993
1345 572792317
1346 572792321
1347 572792323
1348 572792327
1349 572792329
1350 572792333
1351 578791387
1352 578791391
1353 578791393
1354 578791397
1355 578791399
1356 578791403
1357 579276277
1358 579276281
1359 579276283
1360 579276287
1361 579276289
1362 579276293
1363 586313587
1364 586313591
1365 586313593
1366 586313597
1367 586313599
1368 586313603
1369 587191597
1370 587191601
1371 587191603
1372 587191607
1373 587191609
1374 587191613
1375 591130357
1376 591130361
1377 591130363
1378 591130367
1379 591130369
1380 591130373
1381 591535657
1382 591535661
1383 591535663
1384 591535667
1385 591535669
1386 591535673
1387 591914497
1388 591914501
1389 591914503
1390 591914507
1391 591914509
1392 591914513
1393 599142277
1394 599142281
1395 599142283
1396 599142287
1397 599142289
1398 599142293
1399 600976417
1400 600976421
1401 600976423
1402 600976427
1403 600976429
1404 600976433
1405 600998677
1406 600998681
1407 600998683
1408 600998687
1409 600998689
1410 600998693
1411 602699677
1412 602699681
1413 602699683
1414 602699687
1415 602699689
1416 602699693
1417 603324637
1418 603324641
1419 603324643
1420 603324647
1421 603324649
1422 603324653
1423 604313527
1424 604313531
1425 604313533
1426 604313537
1427 604313539
1428 604313543
1429 609735937
1430 609735941
1431 609735943
1432 609735947
1433 609735949
1434 609735953
1435 611984827
1436 611984831
1437 611984833
1438 611984837
1439 611984839
1440 611984843
1441 615240667
1442 615240671
1443 615240673
1444 615240677
1445 615240679
1446 615240683
1447 615306397
1448 615306401
1449 615306403
1450 615306407
1451 615306409
1452 615306413
1453 616299907
1454 616299911
1455 616299913
1456 616299917
1457 616299919
1458 616299923
1459 631585177
1460 631585181
1461 631585183
1462 631585187
1463 631585189
1464 631585193
1465 631751707
1466 631751711
1467 631751713
1468 631751717
1469 631751719
1470 631751723
1471 646616137
1472 646616141
1473 646616143
1474 646616147
1475 646616149
1476 646616153
1477 656317297
1478 656317301
1479 656317303
1480 656317307
1481 656317309
1482 656317313
1483 660329767
1484 660329771
1485 660329773
1486 660329777
1487 660329779
1488 660329783
1489 667624537
1490 667624541
1491 667624543
1492 667624547
1493 667624549
1494 667624553
1495 674084767
1496 674084771
1497 674084773
1498 674084777
1499 674084779
1500 674084783
1501 677637127
1502 677637131
1503 677637133
1504 677637137
1505 677637139
1506 677637143
1507 682324537
1508 682324541
1509 682324543
1510 682324547
1511 682324549
1512 682324553
1513 682478887
1514 682478891
1515 682478893
1516 682478897
1517 682478899
1518 682478903
1519 682715977
1520 682715981
1521 682715983
1522 682715987
1523 682715989
1524 682715993
1525 683689537
1526 683689541
1527 683689543
1528 683689547
1529 683689549
1530 683689553
1531 687979207
1532 687979211
1533 687979213
1534 687979217
1535 687979219
1536 687979223
1537 699234577
1538 699234581
1539 699234583
1540 699234587
1541 699234589
1542 699234593
1543 707326507
1544 707326511
1545 707326513
1546 707326517
1547 707326519
1548 707326523
1549 710591587
1550 710591591
1551 710591593
1552 710591597
1553 710591599
1554 710591603
1555 711574597
1556 711574601
1557 711574603
1558 711574607
1559 711574609
1560 711574613
1561 714435427
1562 714435431
1563 714435433
1564 714435437
1565 714435439
1566 714435443
1567 715571947
1568 715571951
1569 715571953
1570 715571957
1571 715571959
1572 715571963
1573 722076907
1574 722076911
1575 722076913
1576 722076917
1577 722076919
1578 722076923
1579 725565427
1580 725565431
1581 725565433
1582 725565437
1583 725565439
1584 725565443
1585 729562567
1586 729562571
1587 729562573
1588 729562577
1589 729562579
1590 729562583
1591 742987237
1592 742987241
1593 742987243
1594 742987247
1595 742987249
1596 742987253
1597 751027087
1598 751027091
1599 751027093
1600 751027097
1601 751027099
1602 751027103
1603 751751167
1604 751751171
1605 751751173
1606 751751177
1607 751751179
1608 751751183
1609 759297937
1610 759297941
1611 759297943
1612 759297947
1613 759297949
1614 759297953
1615 762112987
1616 762112991
1617 762112993
1618 762112997
1619 762112999
1620 762113003
1621 763502557
1622 763502561
1623 763502563
1624 763502567
1625 763502569
1626 763502573
1627 771517837
1628 771517841
1629 771517843
1630 771517847
1631 771517849
1632 771517853
1633 776447797
1634 776447801
1635 776447803
1636 776447807
1637 776447809
1638 776447813
1639 780885097
1640 780885101
1641 780885103
1642 780885107
1643 780885109
1644 780885113
1645 787985827
1646 787985831
1647 787985833
1648 787985837
1649 787985839
1650 787985843
1651 794929897
1652 794929901
1653 794929903
1654 794929907
1655 794929909
1656 794929913
1657 796908517
1658 796908521
1659 796908523
1660 796908527
1661 796908529
1662 796908533
1663 809895127
1664 809895131
1665 809895133
1666 809895137
1667 809895139
1668 809895143
1669 817097917
1670 817097921
1671 817097923
1672 817097927
1673 817097929
1674 817097933
1675 822943477
1676 822943481
1677 822943483
1678 822943487
1679 822943489
1680 822943493
1681 823145497
1682 823145501
1683 823145503
1684 823145507
1685 823145509
1686 823145513
1687 823568017
1688 823568021
1689 823568023
1690 823568027
1691 823568029
1692 823568033
1693 838112827
1694 838112831
1695 838112833
1696 838112837
1697 838112839
1698 838112843
1699 841897867
1700 841897871
1701 841897873
1702 841897877
1703 841897879
1704 841897883
1705 844501237
1706 844501241
1707 844501243
1708 844501247
1709 844501249
1710 844501253
1711 854248387
1712 854248391
1713 854248393
1714 854248397
1715 854248399
1716 854248403
1717 858033427
1718 858033431
1719 858033433
1720 858033437
1721 858033439
1722 858033443
1723 862920337
1724 862920341
1725 862920343
1726 862920347
1727 862920349
1728 862920353
1729 868339177
1730 868339181
1731 868339183
1732 868339187
1733 868339189
1734 868339193
1735 870132157
1736 870132161
1737 870132163
1738 870132167
1739 870132169
1740 870132173
1741 870231487
1742 870231491
1743 870231493
1744 870231497
1745 870231499
1746 870231503
1747 872922217
1748 872922221
1749 872922223
1750 872922227
1751 872922229
1752 872922233
1753 887895637
1754 887895641
1755 887895643
1756 887895647
1757 887895649
1758 887895653
1759 889753297
1760 889753301
1761 889753303
1762 889753307
1763 889753309
1764 889753313
1765 895397677
1766 895397681
1767 895397683
1768 895397687
1769 895397689
1770 895397693
1771 907438657
1772 907438661
1773 907438663
1774 907438667
1775 907438669
1776 907438673
1777 907907167
1778 907907171
1779 907907173
1780 907907177
1781 907907179
1782 907907183
1783 910537207
1784 910537211
1785 910537213
1786 910537217
1787 910537219
1788 910537223
1789 912786307
1790 912786311
1791 912786313
1792 912786317
1793 912786319
1794 912786323
1795 918492007
1796 918492011
1797 918492013
1798 918492017
1799 918492019
1800 918492023
1801 918649087
1802 918649091
1803 918649093
1804 918649097
1805 918649099
1806 918649103
1807 919496437
1808 919496441
1809 919496443
1810 919496447
1811 919496449
1812 919496453
1813 926463397
1814 926463401
1815 926463403
1816 926463407
1817 926463409
1818 926463413
1819 933449047
1820 933449051
1821 933449053
1822 933449057
1823 933449059
1824 933449063
1825 937630147
1826 937630151
1827 937630153
1828 937630157
1829 937630159
1830 937630163
1831 941357227
1832 941357231
1833 941357233
1834 941357237
1835 941357239
1836 941357243
1837 954965647
1838 954965651
1839 954965653
1840 954965657
1841 954965659
1842 954965663
1843 957236167
1844 957236171
1845 957236173
1846 957236177
1847 957236179
1848 957236183
1849 962551687
1850 962551691
1851 962551693
1852 962551697
1853 962551699
1854 962551703
1855 966397837
1856 966397841
1857 966397843
1858 966397847
1859 966397849
1860 966397853
1861 972066367
1862 972066371
1863 972066373
1864 972066377
1865 972066379
1866 972066383
1867 974334997
1868 974335001
1869 974335003
1870 974335007
1871 974335009
1872 974335013
1873 979662907
1874 979662911
1875 979662913
1876 979662917
1877 979662919
1878 979662923
1879 981328627
1880 981328631
1881 981328633
1882 981328637
1883 981328639
1884 981328643
1885 982936387
1886 982936391
1887 982936393
1888 982936397
1889 982936399
1890 982936403
1891 983290657
1892 983290661
1893 983290663
1894 983290667
1895 983290669
1896 983290673
1897 984491857
1898 984491861
1899 984491863
1900 984491867
1901 984491869
1902 984491873
1903 1002054787
1904 1002054791
1905 1002054793
1906 1002054797
1907 1002054799
1908 1002054803
1909 1002248827
1910 1002248831
1911 1002248833
1912 1002248837
1913 1002248839
1914 1002248843
1915 1008571507
1916 1008571511
1917 1008571513
1918 1008571517
1919 1008571519
1920 1008571523
1921 1017249127
1922 1017249131
1923 1017249133
1924 1017249137
1925 1017249139
1926 1017249143
1927 1017630067
1928 1017630071
1929 1017630073
1930 1017630077
1931 1017630079
1932 1017630083
1933 1022665867
1934 1022665871
1935 1022665873
1936 1022665877
1937 1022665879
1938 1022665883
1939 1024591147
1940 1024591151
1941 1024591153
1942 1024591157
1943 1024591159
1944 1024591163
1945 1028314867
1946 1028314871
1947 1028314873
1948 1028314877
1949 1028314879
1950 1028314883
1951 1032171727
1952 1032171731
1953 1032171733
1954 1032171737
1955 1032171739
1956 1032171743
1957 1039275817
1958 1039275821
1959 1039275823
1960 1039275827
1961 1039275829
1962 1039275833
1963 1039410007
1964 1039410011
1965 1039410013
1966 1039410017
1967 1039410019
1968 1039410023
1969 1040321197
1970 1040321201
1971 1040321203
1972 1040321207
1973 1040321209
1974 1040321213
1975 1041074257
1976 1041074261
1977 1041074263
1978 1041074267
1979 1041074269
1980 1041074273
1981 1042652197
1982 1042652201
1983 1042652203
1984 1042652207
1985 1042652209
1986 1042652213
1987 1042709947
1988 1042709951
1989 1042709953
1990 1042709957
1991 1042709959
1992 1042709963
1993 1049565607
1994 1049565611
1995 1049565613
1996 1049565617
1997 1049565619
1998 1049565623
1999 1053347287
2000 1053347291
2001 1053347293
2002 1053347297
2003 1053347299
2004 1053347303
2005 1055142157
2006 1055142161
2007 1055142163
2008 1055142167
2009 1055142169
2010 1055142173
2011 1056605647
2012 1056605651
2013 1056605653
2014 1056605657
2015 1056605659
2016 1056605663
2017 1061494657
2018 1061494661
2019 1061494663
2020 1061494667
2021 1061494669
2022 1061494673
2023 1061859427
2024 1061859431
2025 1061859433
2026 1061859437
2027 1061859439
2028 1061859443
2029 1070307517
2030 1070307521
2031 1070307523
2032 1070307527
2033 1070307529
2034 1070307533
2035 1075624717
2036 1075624721
2037 1075624723
2038 1075624727
2039 1075624729
2040 1075624733
2041 1078510327
2042 1078510331
2043 1078510333
2044 1078510337
2045 1078510339
2046 1078510343
2047 1079342977
2048 1079342981
2049 1079342983
2050 1079342987
2051 1079342989
2052 1079342993
2053 1089330367
2054 1089330371
2055 1089330373
2056 1089330377
2057 1089330379
2058 1089330383
2059 1097891017
2060 1097891021
2061 1097891023
2062 1097891027
2063 1097891029
2064 1097891033
2065 1102078837
2066 1102078841
2067 1102078843
2068 1102078847
2069 1102078849
2070 1102078853
2071 1109341687
2072 1109341691
2073 1109341693
2074 1109341697
2075 1109341699
2076 1109341703
2077 1112588287
2078 1112588291
2079 1112588293
2080 1112588297
2081 1112588299
2082 1112588303
2083 1114962127
2084 1114962131
2085 1114962133
2086 1114962137
2087 1114962139
2088 1114962143
2089 1121630677
2090 1121630681
2091 1121630683
2092 1121630687
2093 1121630689
2094 1121630693
2095 1121852857
2096 1121852861
2097 1121852863
2098 1121852867
2099 1121852869
2100 1121852873
2101 1127582707
2102 1127582711
2103 1127582713
2104 1127582717
2105 1127582719
2106 1127582723
2107 1131323647
2108 1131323651
2109 1131323653
2110 1131323657
2111 1131323659
2112 1131323663
2113 1133390887
2114 1133390891
2115 1133390893
2116 1133390897
2117 1133390899
2118 1133390903
2119 1134148567
2120 1134148571
2121 1134148573
2122 1134148577
2123 1134148579
2124 1134148583
2125 1136784277
2126 1136784281
2127 1136784283
2128 1136784287
2129 1136784289
2130 1136784293
2131 1138950217
2132 1138950221
2133 1138950223
2134 1138950227
2135 1138950229
2136 1138950233
2137 1139884507
2138 1139884511
2139 1139884513
2140 1139884517
2141 1139884519
2142 1139884523
2143 1140631897
2144 1140631901
2145 1140631903
2146 1140631907
2147 1140631909
2148 1140631913
2149 1141694497
2150 1141694501
2151 1141694503
2152 1141694507
2153 1141694509
2154 1141694513
2155 1146474727
2156 1146474731
2157 1146474733
2158 1146474737
2159 1146474739
2160 1146474743
2161 1149538207
2162 1149538211
2163 1149538213
2164 1149538217
2165 1149538219
2166 1149538223
2167 1150140907
2168 1150140911
2169 1150140913
2170 1150140917
2171 1150140919
2172 1150140923
2173 1150877587
2174 1150877591
2175 1150877593
2176 1150877597
2177 1150877599
2178 1150877603
2179 1166795797
2180 1166795801
2181 1166795803
2182 1166795807
2183 1166795809
2184 1166795813
2185 1170340807
2186 1170340811
2187 1170340813
2188 1170340817
2189 1170340819
2190 1170340823
2191 1170706627
2192 1170706631
2193 1170706633
2194 1170706637
2195 1170706639
2196 1170706643
2197 1171622857
2198 1171622861
2199 1171622863
2200 1171622867
2201 1171622869
2202 1171622873
2203 1175228767
2204 1175228771
2205 1175228773
2206 1175228777
2207 1175228779
2208 1175228783
2209 1176995917
2210 1176995921
2211 1176995923
2212 1176995927
2213 1176995929
2214 1176995933
2215 1181915167
2216 1181915171
2217 1181915173
2218 1181915177
2219 1181915179
2220 1181915183
2221 1187684077
2222 1187684081
2223 1187684083
2224 1187684087
2225 1187684089
2226 1187684093
2227 1191535057
2228 1191535061
2229 1191535063
2230 1191535067
2231 1191535069
2232 1191535073
2233 1191995797
2234 1191995801
2235 1191995803
2236 1191995807
2237 1191995809
2238 1191995813
2239 1203463897
2240 1203463901
2241 1203463903
2242 1203463907
2243 1203463909
2244 1203463913
2245 1213608157
2246 1213608161
2247 1213608163
2248 1213608167
2249 1213608169
2250 1213608173
2251 1214790667
2252 1214790671
2253 1214790673
2254 1214790677
2255 1214790679
2256 1214790683
2257 1215988507
2258 1215988511
2259 1215988513
2260 1215988517
2261 1215988519
2262 1215988523
2263 1216572937
2264 1216572941
2265 1216572943
2266 1216572947
2267 1216572949
2268 1216572953
2269 1217986657
2270 1217986661
2271 1217986663
2272 1217986667
2273 1217986669
2274 1217986673
2275 1219284877
2276 1219284881
2277 1219284883
2278 1219284887
2279 1219284889
2280 1219284893
2281 1220877517
2282 1220877521
2283 1220877523
2284 1220877527
2285 1220877529
2286 1220877533
2287 1227427837
2288 1227427841
2289 1227427843
2290 1227427847
2291 1227427849
2292 1227427853
2293 1233468487
2294 1233468491
2295 1233468493
2296 1233468497
2297 1233468499
2298 1233468503
2299 1237558237
2300 1237558241
2301 1237558243
2302 1237558247
2303 1237558249
2304 1237558253
2305 1238775817
2306 1238775821
2307 1238775823
2308 1238775827
2309 1238775829
2310 1238775833
2311 1239941107
2312 1239941111
2313 1239941113
2314 1239941117
2315 1239941119
2316 1239941123
2317 1243320427
2318 1243320431
2319 1243320433
2320 1243320437
2321 1243320439
2322 1243320443
2323 1244819617
2324 1244819621
2325 1244819623
2326 1244819627
2327 1244819629
2328 1244819633
2329 1252289317
2330 1252289321
2331 1252289323
2332 1252289327
2333 1252289329
2334 1252289333
2335 1266460957
2336 1266460961
2337 1266460963
2338 1266460967
2339 1266460969
2340 1266460973
2341 1273334467
2342 1273334471
2343 1273334473
2344 1273334477
2345 1273334479
2346 1273334483
2347 1275259747
2348 1275259751
2349 1275259753
2350 1275259757
2351 1275259759
2352 1275259763
2353 1275851107
2354 1275851111
2355 1275851113
2356 1275851117
2357 1275851119
2358 1275851123
2359 1282466737
2360 1282466741
2361 1282466743
2362 1282466747
2363 1282466749
2364 1282466753
2365 1285729717
2366 1285729721
2367 1285729723
2368 1285729727
2369 1285729729
2370 1285729733
2371 1285825897
2372 1285825901
2373 1285825903
2374 1285825907
2375 1285825909
2376 1285825913
2377 1286807437
2378 1286807441
2379 1286807443
2380 1286807447
2381 1286807449
2382 1286807453
2383 1287544327
2384 1287544331
2385 1287544333
2386 1287544337
2387 1287544339
2388 1287544343
2389 1296408847
2390 1296408851
2391 1296408853
2392 1296408857
2393 1296408859
2394 1296408863
2395 1296968077
2396 1296968081
2397 1296968083
2398 1296968087
2399 1296968089
2400 1296968093
2401 1313864467
2402 1313864471
2403 1313864473
2404 1313864477
2405 1313864479
2406 1313864483
2407 1314853357
2408 1314853361
2409 1314853363
2410 1314853367
2411 1314853369
2412 1314853373
2413 1316136457
2414 1316136461
2415 1316136463
2416 1316136467
2417 1316136469
2418 1316136473
2419 1317634387
2420 1317634391
2421 1317634393
2422 1317634397
2423 1317634399
2424 1317634403
2425 1319780167
2426 1319780171
2427 1319780173
2428 1319780177
2429 1319780179
2430 1319780183
2431 1324341367
2432 1324341371
2433 1324341373
2434 1324341377
2435 1324341379
2436 1324341383
2437 1328809117
2438 1328809121
2439 1328809123
2440 1328809127
2441 1328809129
2442 1328809133
2443 1332348877
2444 1332348881
2445 1332348883
2446 1332348887
2447 1332348889
2448 1332348893
2449 1335952687
2450 1335952691
2451 1335952693
2452 1335952697
2453 1335952699
2454 1335952703
2455 1343141197
2456 1343141201
2457 1343141203
2458 1343141207
2459 1343141209
2460 1343141213
2461 1343203777
2462 1343203781
2463 1343203783
2464 1343203787
2465 1343203789
2466 1343203793
2467 1352139067
2468 1352139071
2469 1352139073
2470 1352139077
2471 1352139079
2472 1352139083
2473 1356784057
2474 1356784061
2475 1356784063
2476 1356784067
2477 1356784069
2478 1356784073
2479 1370138587
2480 1370138591
2481 1370138593
2482 1370138597
2483 1370138599
2484 1370138603
2485 1373905987
2486 1373905991
2487 1373905993
2488 1373905997
2489 1373905999
2490 1373906003
2491 1377838867
2492 1377838871
2493 1377838873
2494 1377838877
2495 1377838879
2496 1377838883
2497 1380689407
2498 1380689411
2499 1380689413
2500 1380689417
2501 1380689419
2502 1380689423
2503 1382013037
2504 1382013041
2505 1382013043
2506 1382013047
2507 1382013049
2508 1382013053
2509 1385146657
2510 1385146661
2511 1385146663
2512 1385146667
2513 1385146669
2514 1385146673
2515 1391341867
2516 1391341871
2517 1391341873
2518 1391341877
2519 1391341879
2520 1391341883
2521 1396546507
2522 1396546511
2523 1396546513
2524 1396546517
2525 1396546519
2526 1396546523
2527 1399627627
2528 1399627631
2529 1399627633
2530 1399627637
2531 1399627639
2532 1399627643
2533 1404151027
2534 1404151031
2535 1404151033
2536 1404151037
2537 1404151039
2538 1404151043
2539 1409332357
2540 1409332361
2541 1409332363
2542 1409332367
2543 1409332369
2544 1409332373
2545 1411369777
2546 1411369781
2547 1411369783
2548 1411369787
2549 1411369789
2550 1411369793
2551 1411949167
2552 1411949171
2553 1411949173
2554 1411949177
2555 1411949179
2556 1411949183
2557 1415950297
2558 1415950301
2559 1415950303
2560 1415950307
2561 1415950309
2562 1415950313
2563 1417713877
2564 1417713881
2565 1417713883
2566 1417713887
2567 1417713889
2568 1417713893
2569 1419070057
2570 1419070061
2571 1419070063
2572 1419070067
2573 1419070069
2574 1419070073
2575 1426839847
2576 1426839851
2577 1426839853
2578 1426839857
2579 1426839859
2580 1426839863
2581 1428677347
2582 1428677351
2583 1428677353
2584 1428677357
2585 1428677359
2586 1428677363
2587 1430297497
2588 1430297501
2589 1430297503
2590 1430297507
2591 1430297509
2592 1430297513
2593 1430571547
2594 1430571551
2595 1430571553
2596 1430571557
2597 1430571559
2598 1430571563
2599 1437391507
2600 1437391511
2601 1437391513
2602 1437391517
2603 1437391519
2604 1437391523
2605 1438486867
2606 1438486871
2607 1438486873
2608 1438486877
2609 1438486879
2610 1438486883
2611 1442654947
2612 1442654951
2613 1442654953
2614 1442654957
2615 1442654959
2616 1442654963
2617 1448979937
2618 1448979941
2619 1448979943
2620 1448979947
2621 1448979949
2622 1448979953
2623 1454384287
2624 1454384291
2625 1454384293
2626 1454384297
2627 1454384299
2628 1454384303
2629 1456907857
2630 1456907861
2631 1456907863
2632 1456907867
2633 1456907869
2634 1456907873
2635 1464975427
2636 1464975431
2637 1464975433
2638 1464975437
2639 1464975439
2640 1464975443
2641 1474761637
2642 1474761641
2643 1474761643
2644 1474761647
2645 1474761649
2646 1474761653
2647 1481266597
2648 1481266601
2649 1481266603
2650 1481266607
2651 1481266609
2652 1481266613
2653 1486616767
2654 1486616771
2655 1486616773
2656 1486616777
2657 1486616779
2658 1486616783
2659 1487080027
2660 1487080031
2661 1487080033
2662 1487080037
2663 1487080039
2664 1487080043
2665 1487988907
2666 1487988911
2667 1487988913
2668 1487988917
2669 1487988919
2670 1487988923
2671 1492960867
2672 1492960871
2673 1492960873
2674 1492960877
2675 1492960879
2676 1492960883
2677 1495515937
2678 1495515941
2679 1495515943
2680 1495515947
2681 1495515949
2682 1495515953
2683 1496431747
2684 1496431751
2685 1496431753
2686 1496431757
2687 1496431759
2688 1496431763
2689 1500426787
2690 1500426791
2691 1500426793
2692 1500426797
2693 1500426799
2694 1500426803
2695 1503798337
2696 1503798341
2697 1503798343
2698 1503798347
2699 1503798349
2700 1503798353
2701 1511101507
2702 1511101511
2703 1511101513
2704 1511101517
2705 1511101519
2706 1511101523
2707 1512942787
2708 1512942791
2709 1512942793
2710 1512942797
2711 1512942799
2712 1512942803
2713 1513786987
2714 1513786991
2715 1513786993
2716 1513786997
2717 1513786999
2718 1513787003
2719 1525898317
2720 1525898321
2721 1525898323
2722 1525898327
2723 1525898329
2724 1525898333
2725 1530077947
2726 1530077951
2727 1530077953
2728 1530077957
2729 1530077959
2730 1530077963
2731 1538999587
2732 1538999591
2733 1538999593
2734 1538999597
2735 1538999599
2736 1538999603
2737 1542684877
2738 1542684881
2739 1542684883
2740 1542684887
2741 1542684889
2742 1542684893
2743 1550468737
2744 1550468741
2745 1550468743
2746 1550468747
2747 1550468749
2748 1550468753
2749 1551439777
2750 1551439781
2751 1551439783
2752 1551439787
2753 1551439789
2754 1551439793
2755 1557032287
2756 1557032291
2757 1557032293
2758 1557032297
2759 1557032299
2760 1557032303
2761 1569747997
2762 1569748001
2763 1569748003
2764 1569748007
2765 1569748009
2766 1569748013
2767 1593658597
2768 1593658601
2769 1593658603
2770 1593658607
2771 1593658609
2772 1593658613
2773 1613552527
2774 1613552531
2775 1613552533
2776 1613552537
2777 1613552539
2778 1613552543
2779 1616765317
2780 1616765321
2781 1616765323
2782 1616765327
2783 1616765329
2784 1616765333
2785 1622559217
2786 1622559221
2787 1622559223
2788 1622559227
2789 1622559229
2790 1622559233
2791 1624796347
2792 1624796351
2793 1624796353
2794 1624796357
2795 1624796359
2796 1624796363
2797 1625326597
2798 1625326601
2799 1625326603
2800 1625326607
2801 1625326609
2802 1625326613
2803 1628753377
2804 1628753381
2805 1628753383
2806 1628753387
2807 1628753389
2808 1628753393
2809 1638495487
2810 1638495491
2811 1638495493
2812 1638495497
2813 1638495499
2814 1638495503
2815 1647339427
2816 1647339431
2817 1647339433
2818 1647339437
2819 1647339439
2820 1647339443
2821 1653593857
2822 1653593861
2823 1653593863
2824 1653593867
2825 1653593869
2826 1653593873
2827 1656107347
2828 1656107351
2829 1656107353
2830 1656107357
2831 1656107359
2832 1656107363
2833 1666799077
2834 1666799081
2835 1666799083
2836 1666799087
2837 1666799089
2838 1666799093
2839 1669486447
2840 1669486451
2841 1669486453
2842 1669486457
2843 1669486459
2844 1669486463
2845 1674508597
2846 1674508601
2847 1674508603
2848 1674508607
2849 1674508609
2850 1674508613
2851 1678779997
2852 1678780001
2853 1678780003
2854 1678780007
2855 1678780009
2856 1678780013
2857 1683517597
2858 1683517601
2859 1683517603
2860 1683517607
2861 1683517609
2862 1683517613
2863 1700985817
2864 1700985821
2865 1700985823
2866 1700985827
2867 1700985829
2868 1700985833
2869 1702266607
2870 1702266611
2871 1702266613
2872 1702266617
2873 1702266619
2874 1702266623
2875 1705109167
2876 1705109171
2877 1705109173
2878 1705109177
2879 1705109179
2880 1705109183
2881 1709465827
2882 1709465831
2883 1709465833
2884 1709465837
2885 1709465839
2886 1709465843
2887 1713585817
2888 1713585821
2889 1713585823
2890 1713585827
2891 1713585829
2892 1713585833
2893 1715351497
2894 1715351501
2895 1715351503
2896 1715351507
2897 1715351509
2898 1715351513
2899 1721341747
2900 1721341751
2901 1721341753
2902 1721341757
2903 1721341759
2904 1721341763
2905 1729287727
2906 1729287731
2907 1729287733
2908 1729287737
2909 1729287739
2910 1729287743
2911 1731229597
2912 1731229601
2913 1731229603
2914 1731229607
2915 1731229609
2916 1731229613
2917 1731633847
2918 1731633851
2919 1731633853
2920 1731633857
2921 1731633859
2922 1731633863
2923 1740969397
2924 1740969401
2925 1740969403
2926 1740969407
2927 1740969409
2928 1740969413
2929 1740989137
2930 1740989141
2931 1740989143
2932 1740989147
2933 1740989149
2934 1740989153
2935 1741715527
2936 1741715531
2937 1741715533
2938 1741715537
2939 1741715539
2940 1741715543
2941 1741748077
2942 1741748081
2943 1741748083
2944 1741748087
2945 1741748089
2946 1741748093
2947 1742804797
2948 1742804801
2949 1742804803
2950 1742804807
2951 1742804809
2952 1742804813
2953 1744485637
2954 1744485641
2955 1744485643
2956 1744485647
2957 1744485649
2958 1744485653
2959 1746336997
2960 1746337001
2961 1746337003
2962 1746337007
2963 1746337009
2964 1746337013
2965 1746342457
2966 1746342461
2967 1746342463
2968 1746342467
2969 1746342469
2970 1746342473
2971 1747567177
2972 1747567181
2973 1747567183
2974 1747567187
2975 1747567189
2976 1747567193
2977 1752182347
2978 1752182351
2979 1752182353
2980 1752182357
2981 1752182359
2982 1752182363
2983 1768240417
2984 1768240421
2985 1768240423
2986 1768240427
2987 1768240429
2988 1768240433
2989 1768535047
2990 1768535051
2991 1768535053
2992 1768535057
2993 1768535059
2994 1768535063
2995 1787252557
2996 1787252561
2997 1787252563
2998 1787252567
2999 1787252569
3000 1787252573
3001 1788120277
3002 1788120281
3003 1788120283
3004 1788120287
3005 1788120289
3006 1788120293
3007 1789459027
3008 1789459031
3009 1789459033
3010 1789459037
3011 1789459039
3012 1789459043
3013 1791698257
3014 1791698261
3015 1791698263
3016 1791698267
3017 1791698269
3018 1791698273
3019 1806564157
3020 1806564161
3021 1806564163
3022 1806564167
3023 1806564169
3024 1806564173
3025 1817470927
3026 1817470931
3027 1817470933
3028 1817470937
3029 1817470939
3030 1817470943
3031 1818084337
3032 1818084341
3033 1818084343
3034 1818084347
3035 1818084349
3036 1818084353
3037 1820729497
3038 1820729501
3039 1820729503
3040 1820729507
3041 1820729509
3042 1820729513
3043 1825635937
3044 1825635941
3045 1825635943
3046 1825635947
3047 1825635949
3048 1825635953
3049 1831775707
3050 1831775711
3051 1831775713
3052 1831775717
3053 1831775719
3054 1831775723
3055 1838705497
3056 1838705501
3057 1838705503
3058 1838705507
3059 1838705509
3060 1838705513
3061 1852717117
3062 1852717121
3063 1852717123
3064 1852717127
3065 1852717129
3066 1852717133
3067 1857762157
3068 1857762161
3069 1857762163
3070 1857762167
3071 1857762169
3072 1857762173
3073 1870992577
3074 1870992581
3075 1870992583
3076 1870992587
3077 1870992589
3078 1870992593
3079 1873063597
3080 1873063601
3081 1873063603
3082 1873063607
3083 1873063609
3084 1873063613
3085 1885835587
3086 1885835591
3087 1885835593
3088 1885835597
3089 1885835599
3090 1885835603
3091 1886522497
3092 1886522501
3093 1886522503
3094 1886522507
3095 1886522509
3096 1886522513
3097 1889998207
3098 1889998211
3099 1889998213
3100 1889998217
3101 1889998219
3102 1889998223
3103 1901532037
3104 1901532041
3105 1901532043
3106 1901532047
3107 1901532049
3108 1901532053
3109 1903822507
3110 1903822511
3111 1903822513
3112 1903822517
3113 1903822519
3114 1903822523
3115 1910412937
3116 1910412941
3117 1910412943
3118 1910412947
3119 1910412949
3120 1910412953
3121 1912416757
3122 1912416761
3123 1912416763
3124 1912416767
3125 1912416769
3126 1912416773
3127 1916723437
3128 1916723441
3129 1916723443
3130 1916723447
3131 1916723449
3132 1916723453
3133 1917262927
3134 1917262931
3135 1917262933
3136 1917262937
3137 1917262939
3138 1917262943
3139 1923863647
3140 1923863651
3141 1923863653
3142 1923863657
3143 1923863659
3144 1923863663
3145 1924344337
3146 1924344341
3147 1924344343
3148 1924344347
3149 1924344349
3150 1924344353
3151 1925531887
3152 1925531891
3153 1925531893
3154 1925531897
3155 1925531899
3156 1925531903
3157 1926245677
3158 1926245681
3159 1926245683
3160 1926245687
3161 1926245689
3162 1926245693
3163 1938649117
3164 1938649121
3165 1938649123
3166 1938649127
3167 1938649129
3168 1938649133
3169 1950513277
3170 1950513281
3171 1950513283
3172 1950513287
3173 1950513289
3174 1950513293
3175 1958011327
3176 1958011331
3177 1958011333
3178 1958011337
3179 1958011339
3180 1958011343
3181 1965818077
3182 1965818081
3183 1965818083
3184 1965818087
3185 1965818089
3186 1965818093
3187 1974197497
3188 1974197501
3189 1974197503
3190 1974197507
3191 1974197509
3192 1974197513
3193 1993201027
3194 1993201031
3195 1993201033
3196 1993201037
3197 1993201039
3198 1993201043
3199 1994717437
3200 1994717441
3201 1994717443
3202 1994717447
3203 1994717449
3204 1994717453
3205 2000525617
3206 2000525621
3207 2000525623
3208 2000525627
3209 2000525629
3210 2000525633
3211 2019957337
3212 2019957341
3213 2019957343
3214 2019957347
3215 2019957349
3216 2019957353
3217 2057241997
3218 2057242001
3219 2057242003
3220 2057242007
3221 2057242009
3222 2057242013
3223 2058214507
3224 2058214511
3225 2058214513
3226 2058214517
3227 2058214519
3228 2058214523
3229 2073929437
3230 2073929441
3231 2073929443
3232 2073929447
3233 2073929449
3234 2073929453
3235 2076623947
3236 2076623951
3237 2076623953
3238 2076623957
3239 2076623959
3240 2076623963
3241 2076916477
3242 2076916481
3243 2076916483
3244 2076916487
3245 2076916489
3246 2076916493
3247 2092460467
3248 2092460471
3249 2092460473
3250 2092460477
3251 2092460479
3252 2092460483
3253 2092932757
3254 2092932761
3255 2092932763
3256 2092932767
3257 2092932769
3258 2092932773
3259 2112588757
3260 2112588761
3261 2112588763
3262 2112588767
3263 2112588769
3264 2112588773
3265 2117786257
3266 2117786261
3267 2117786263
3268 2117786267
3269 2117786269
3270 2117786273
3271 2131756717
3272 2131756721
3273 2131756723
3274 2131756727
3275 2131756729
3276 2131756733
3277 2139006967
3278 2139006971
3279 2139006973
3280 2139006977
3281 2139006979
3282 2139006983
3283 2142129877
3284 2142129881
3285 2142129883
3286 2142129887
3287 2142129889
3288 2142129893
3289 2150622697
3290 2150622701
3291 2150622703
3292 2150622707
3293 2150622709
3294 2150622713
3295 2157827797
3296 2157827801
3297 2157827803
3298 2157827807
3299 2157827809
3300 2157827813
3301 2161030507
3302 2161030511
3303 2161030513
3304 2161030517
3305 2161030519
3306 2161030523
3307 2162244307
3308 2162244311
3309 2162244313
3310 2162244317
3311 2162244319
3312 2162244323
3313 2169562387
3314 2169562391
3315 2169562393
3316 2169562397
3317 2169562399
3318 2169562403
3319 2176842247
3320 2176842251
3321 2176842253
3322 2176842257
3323 2176842259
3324 2176842263
3325 2183874097
3326 2183874101
3327 2183874103
3328 2183874107
3329 2183874109
3330 2183874113
3331 2188932997
3332 2188933001
3333 2188933003
3334 2188933007
3335 2188933009
3336 2188933013
3337 2200746127
3338 2200746131
3339 2200746133
3340 2200746137
3341 2200746139
3342 2200746143
3343 2203276627
3344 2203276631
3345 2203276633
3346 2203276637
3347 2203276639
3348 2203276643
3349 2205797047
3350 2205797051
3351 2205797053
3352 2205797057
3353 2205797059
3354 2205797063
3355 2219617987
3356 2219617991
3357 2219617993
3358 2219617997
3359 2219617999
3360 2219618003
3361 2248024057
3362 2248024061
3363 2248024063
3364 2248024067
3365 2248024069
3366 2248024073
3367 2248744777
3368 2248744781
3369 2248744783
3370 2248744787
3371 2248744789
3372 2248744793
3373 2254764427
3374 2254764431
3375 2254764433
3376 2254764437
3377 2254764439
3378 2254764443
3379 2269547167
3380 2269547171
3381 2269547173
3382 2269547177
3383 2269547179
3384 2269547183
3385 2269947847
3386 2269947851
3387 2269947853
3388 2269947857
3389 2269947859
3390 2269947863
3391 2278911907
3392 2278911911
3393 2278911913
3394 2278911917
3395 2278911919
3396 2278911923
3397 2288938777
3398 2288938781
3399 2288938783
3400 2288938787
3401 2288938789
3402 2288938793
3403 2292189787
3404 2292189791
3405 2292189793
3406 2292189797
3407 2292189799
3408 2292189803
3409 2292298357
3410 2292298361
3411 2292298363
3412 2292298367
3413 2292298369
3414 2292298373
3415 2299088497
3416 2299088501
3417 2299088503
3418 2299088507
3419 2299088509
3420 2299088513
3421 2299224787
3422 2299224791
3423 2299224793
3424 2299224797
3425 2299224799
3426 2299224803
3427 2300067937
3428 2300067941
3429 2300067943
3430 2300067947
3431 2300067949
3432 2300067953
3433 2302172767
3434 2302172771
3435 2302172773
3436 2302172777
3437 2302172779
3438 2302172783
3439 2310186157
3440 2310186161
3441 2310186163
3442 2310186167
3443 2310186169
3444 2310186173
3445 2315429647
3446 2315429651
3447 2315429653
3448 2315429657
3449 2315429659
3450 2315429663
3451 2319738007
3452 2319738011
3453 2319738013
3454 2319738017
3455 2319738019
3456 2319738023
3457 2344968667
3458 2344968671
3459 2344968673
3460 2344968677
3461 2344968679
3462 2344968683
3463 2346623677
3464 2346623681
3465 2346623683
3466 2346623687
3467 2346623689
3468 2346623693
3469 2350360417
3470 2350360421
3471 2350360423
3472 2350360427
3473 2350360429
3474 2350360433
3475 2363112877
3476 2363112881
3477 2363112883
3478 2363112887
3479 2363112889
3480 2363112893
3481 2364798967
3482 2364798971
3483 2364798973
3484 2364798977
3485 2364798979
3486 2364798983
3487 2369488477
3488 2369488481
3489 2369488483
3490 2369488487
3491 2369488489
3492 2369488493
3493 2371905577
3494 2371905581
3495 2371905583
3496 2371905587
3497 2371905589
3498 2371905593
3499 2383699597
3500 2383699601
3501 2383699603
3502 2383699607
3503 2383699609
3504 2383699613
3505 2384022997
3506 2384023001
3507 2384023003
3508 2384023007
3509 2384023009
3510 2384023013
3511 2384907517
3512 2384907521
3513 2384907523
3514 2384907527
3515 2384907529
3516 2384907533
3517 2385521767
3518 2385521771
3519 2385521773
3520 2385521777
3521 2385521779
3522 2385521783
3523 2393282527
3524 2393282531
3525 2393282533
3526 2393282537
3527 2393282539
3528 2393282543
3529 2404425967
3530 2404425971
3531 2404425973
3532 2404425977
3533 2404425979
3534 2404425983
3535 2418144007
3536 2418144011
3537 2418144013
3538 2418144017
3539 2418144019
3540 2418144023
3541 2427206137
3542 2427206141
3543 2427206143
3544 2427206147
3545 2427206149
3546 2427206153
3547 2432457607
3548 2432457611
3549 2432457613
3550 2432457617
3551 2432457619
3552 2432457623
3553 2435288407
3554 2435288411
3555 2435288413
3556 2435288417
3557 2435288419
3558 2435288423
3559 2436277297
3560 2436277301
3561 2436277303
3562 2436277307
3563 2436277309
3564 2436277313
3565 2450182447
3566 2450182451
3567 2450182453
3568 2450182457
3569 2450182459
3570 2450182463
3571 2454908707
3572 2454908711
3573 2454908713
3574 2454908717
3575 2454908719
3576 2454908723
3577 2454968557
3578 2454968561
3579 2454968563
3580 2454968567
3581 2454968569
3582 2454968573
3583 2461957567
3584 2461957571
3585 2461957573
3586 2461957577
3587 2461957579
3588 2461957583
3589 2462301757
3590 2462301761
3591 2462301763
3592 2462301767
3593 2462301769
3594 2462301773
3595 2462778667
3596 2462778671
3597 2462778673
3598 2462778677
3599 2462778679
3600 2462778683
3601 2471908837
3602 2471908841
3603 2471908843
3604 2471908847
3605 2471908849
3606 2471908853
3607 2480521777
3608 2480521781
3609 2480521783
3610 2480521787
3611 2480521789
3612 2480521793
3613 2486133817
3614 2486133821
3615 2486133823
3616 2486133827
3617 2486133829
3618 2486133833
3619 2499455587
3620 2499455591
3621 2499455593
3622 2499455597
3623 2499455599
3624 2499455603
3625 2508327457
3626 2508327461
3627 2508327463
3628 2508327467
3629 2508327469
3630 2508327473
3631 2515746967
3632 2515746971
3633 2515746973
3634 2515746977
3635 2515746979
3636 2515746983
3637 2522705947
3638 2522705951
3639 2522705953
3640 2522705957
3641 2522705959
3642 2522705963
3643 2524947697
3644 2524947701
3645 2524947703
3646 2524947707
3647 2524947709
3648 2524947713
3649 2531615617
3650 2531615621
3651 2531615623
3652 2531615627
3653 2531615629
3654 2531615633
3655 2534808037
3656 2534808041
3657 2534808043
3658 2534808047
3659 2534808049
3660 2534808053
3661 2539584907
3662 2539584911
3663 2539584913
3664 2539584917
3665 2539584919
3666 2539584923
3667 2549407027
3668 2549407031
3669 2549407033
3670 2549407037
3671 2549407039
3672 2549407043
3673 2557350067
3674 2557350071
3675 2557350073
3676 2557350077
3677 2557350079
3678 2557350083
3679 2560011187
3680 2560011191
3681 2560011193
3682 2560011197
3683 2560011199
3684 2560011203
3685 2562055747
3686 2562055751
3687 2562055753
3688 2562055757
3689 2562055759
3690 2562055763
3691 2582639947
3692 2582639951
3693 2582639953
3694 2582639957
3695 2582639959
3696 2582639963
3697 2603639317
3698 2603639321
3699 2603639323
3700 2603639327
3701 2603639329
3702 2603639333
3703 2622798457
3704 2622798461
3705 2622798463
3706 2622798467
3707 2622798469
3708 2622798473
3709 2628849397
3710 2628849401
3711 2628849403
3712 2628849407
3713 2628849409
3714 2628849413
3715 2635636177
3716 2635636181
3717 2635636183
3718 2635636187
3719 2635636189
3720 2635636193
3721 2644779997
3722 2644780001
3723 2644780003
3724 2644780007
3725 2644780009
3726 2644780013
3727 2649170467
3728 2649170471
3729 2649170473
3730 2649170477
3731 2649170479
3732 2649170483
3733 2662721767
3734 2662721771
3735 2662721773
3736 2662721777
3737 2662721779
3738 2662721783
3739 2681678887
3740 2681678891
3741 2681678893
3742 2681678897
3743 2681678899
3744 2681678903
3745 2683164217
3746 2683164221
3747 2683164223
3748 2683164227
3749 2683164229
3750 2683164233
3751 2686452397
3752 2686452401
3753 2686452403
3754 2686452407
3755 2686452409
3756 2686452413
3757 2686926367
3758 2686926371
3759 2686926373
3760 2686926377
3761 2686926379
3762 2686926383
3763 2691510457
3764 2691510461
3765 2691510463
3766 2691510467
3767 2691510469
3768 2691510473
3769 2693524567
3770 2693524571
3771 2693524573
3772 2693524577
3773 2693524579
3774 2693524583
3775 2721007687
3776 2721007691
3777 2721007693
3778 2721007697
3779 2721007699
3780 2721007703
3781 2722151347
3782 2722151351
3783 2722151353
3784 2722151357
3785 2722151359
3786 2722151363
3787 2735320657
3788 2735320661
3789 2735320663
3790 2735320667
3791 2735320669
3792 2735320673
3793 2747062387
3794 2747062391
3795 2747062393
3796 2747062397
3797 2747062399
3798 2747062403
3799 2752385887
3800 2752385891
3801 2752385893
3802 2752385897
3803 2752385899
3804 2752385903
3805 2762499907
3806 2762499911
3807 2762499913
3808 2762499917
3809 2762499919
3810 2762499923
3811 2768577727
3812 2768577731
3813 2768577733
3814 2768577737
3815 2768577739
3816 2768577743
3817 2774441557
3818 2774441561
3819 2774441563
3820 2774441567
3821 2774441569
3822 2774441573
3823 2782295557
3824 2782295561
3825 2782295563
3826 2782295567
3827 2782295569
3828 2782295573
3829 2782534747
3830 2782534751
3831 2782534753
3832 2782534757
3833 2782534759
3834 2782534763
3835 2789276587
3836 2789276591
3837 2789276593
3838 2789276597
3839 2789276599
3840 2789276603
3841 2794398697
3842 2794398701
3843 2794398703
3844 2794398707
3845 2794398709
3846 2794398713
3847 2804111197
3848 2804111201
3849 2804111203
3850 2804111207
3851 2804111209
3852 2804111213
3853 2805528487
3854 2805528491
3855 2805528493
3856 2805528497
3857 2805528499
3858 2805528503
3859 2809643647
3860 2809643651
3861 2809643653
3862 2809643657
3863 2809643659
3864 2809643663
3865 2833341097
3866 2833341101
3867 2833341103
3868 2833341107
3869 2833341109
3870 2833341113
3871 2837709307
3872 2837709311
3873 2837709313
3874 2837709317
3875 2837709319
3876 2837709323
3877 2839004797
3878 2839004801
3879 2839004803
3880 2839004807
3881 2839004809
3882 2839004813
3883 2840883037
3884 2840883041
3885 2840883043
3886 2840883047
3887 2840883049
3888 2840883053
3889 2844149167
3890 2844149171
3891 2844149173
3892 2844149177
3893 2844149179
3894 2844149183
3895 2844358327
3896 2844358331
3897 2844358333
3898 2844358337
3899 2844358339
3900 2844358343
3901 2855350357
3902 2855350361
3903 2855350363
3904 2855350367
3905 2855350369
3906 2855350373
3907 2855809207
3908 2855809211
3909 2855809213
3910 2855809217
3911 2855809219
3912 2855809223
3913 2857084327
3914 2857084331
3915 2857084333
3916 2857084337
3917 2857084339
3918 2857084343
3919 2859875647
3920 2859875651
3921 2859875653
3922 2859875657
3923 2859875659
3924 2859875663
3925 2859878377
3926 2859878381
3927 2859878383
3928 2859878387
3929 2859878389
3930 2859878393
3931 2872789807
3932 2872789811
3933 2872789813
3934 2872789817
3935 2872789819
3936 2872789823
3937 2889959197
3938 2889959201
3939 2889959203
3940 2889959207
3941 2889959209
3942 2889959213
3943 2914658557
3944 2914658561
3945 2914658563
3946 2914658567
3947 2914658569
3948 2914658573
3949 2916517057
3950 2916517061
3951 2916517063
3952 2916517067
3953 2916517069
3954 2916517073
3955 2922375217
3956 2922375221
3957 2922375223
3958 2922375227
3959 2922375229
3960 2922375233
3961 2925412657
3962 2925412661
3963 2925412663
3964 2925412667
3965 2925412669
3966 2925412673
3967 2932196077
3968 2932196081
3969 2932196083
3970 2932196087
3971 2932196089
3972 2932196093
3973 2938968157
3974 2938968161
3975 2938968163
3976 2938968167
3977 2938968169
3978 2938968173
3979 2939404537
3980 2939404541
3981 2939404543
3982 2939404547
3983 2939404549
3984 2939404553
3985 2940902677
3986 2940902681
3987 2940902683
3988 2940902687
3989 2940902689
3990 2940902693
3991 2941036447
3992 2941036451
3993 2941036453
3994 2941036457
3995 2941036459
3996 2941036463
3997 2958322177
3998 2958322181
3999 2958322183
4000 2958322187
4001 2958322189
4002 2958322193
4003 2969718877
4004 2969718881
4005 2969718883
4006 2969718887
4007 2969718889
4008 2969718893
4009 2971112857
4010 2971112861
4011 2971112863
4012 2971112867
4013 2971112869
4014 2971112873
4015 2976860137
4016 2976860141
4017 2976860143
4018 2976860147
4019 2976860149
4020 2976860153
4021 2984329207
4022 2984329211
4023 2984329213
4024 2984329217
4025 2984329219
4026 2984329223
4027 2984523457
4028 2984523461
4029 2984523463
4030 2984523467
4031 2984523469
4032 2984523473
4033 2985418477
4034 2985418481
4035 2985418483
4036 2985418487
4037 2985418489
4038 2985418493
4039 3005129707
4040 3005129711
4041 3005129713
4042 3005129717
4043 3005129719
4044 3005129723
4045 3005758027
4046 3005758031
4047 3005758033
4048 3005758037
4049 3005758039
4050 3005758043
4051 3005799607
4052 3005799611
4053 3005799613
4054 3005799617
4055 3005799619
4056 3005799623
4057 3020349457
4058 3020349461
4059 3020349463
4060 3020349467
4061 3020349469
4062 3020349473
4063 3024973867
4064 3024973871
4065 3024973873
4066 3024973877
4067 3024973879
4068 3024973883
4069 3028738117
4070 3028738121
4071 3028738123
4072 3028738127
4073 3028738129
4074 3028738133
4075 3045618127
4076 3045618131
4077 3045618133
4078 3045618137
4079 3045618139
4080 3045618143
4081 3047193967
4082 3047193971
4083 3047193973
4084 3047193977
4085 3047193979
4086 3047193983
4087 3051315847
4088 3051315851
4089 3051315853
4090 3051315857
4091 3051315859
4092 3051315863
4093 3076177537
4094 3076177541
4095 3076177543
4096 3076177547
4097 3076177549
4098 3076177553
4099 3082653517
4100 3082653521
4101 3082653523
4102 3082653527
4103 3082653529
4104 3082653533
4105 3111683287
4106 3111683291
4107 3111683293
4108 3111683297
4109 3111683299
4110 3111683303
4111 3116390857
4112 3116390861
4113 3116390863
4114 3116390867
4115 3116390869
4116 3116390873
4117 3116657767
4118 3116657771
4119 3116657773
4120 3116657777
4121 3116657779
4122 3116657783
4123 3121060837
4124 3121060841
4125 3121060843
4126 3121060847
4127 3121060849
4128 3121060853
4129 3134711677
4130 3134711681
4131 3134711683
4132 3134711687
4133 3134711689
4134 3134711693
4135 3147220117
4136 3147220121
4137 3147220123
4138 3147220127
4139 3147220129
4140 3147220133
4141 3148524007
4142 3148524011
4143 3148524013
4144 3148524017
4145 3148524019
4146 3148524023
4147 3149953897
4148 3149953901
4149 3149953903
4150 3149953907
4151 3149953909
4152 3149953913
4153 3165542197
4154 3165542201
4155 3165542203
4156 3165542207
4157 3165542209
4158 3165542213
4159 3173582047
4160 3173582051
4161 3173582053
4162 3173582057
4163 3173582059
4164 3173582063
4165 3174374377
4166 3174374381
4167 3174374383
4168 3174374387
4169 3174374389
4170 3174374393
4171 3177611527
4172 3177611531
4173 3177611533
4174 3177611537
4175 3177611539
4176 3177611543
4177 3179770537
4178 3179770541
4179 3179770543
4180 3179770547
4181 3179770549
4182 3179770553
4183 3181364437
4184 3181364441
4185 3181364443
4186 3181364447
4187 3181364449
4188 3181364453
4189 3184130347
4190 3184130351
4191 3184130353
4192 3184130357
4193 3184130359
4194 3184130363
4195 3185648017
4196 3185648021
4197 3185648023
4198 3185648027
4199 3185648029
4200 3185648033
4201 3188752657
4202 3188752661
4203 3188752663
4204 3188752667
4205 3188752669
4206 3188752673
4207 3192449077
4208 3192449081
4209 3192449083
4210 3192449087
4211 3192449089
4212 3192449093
4213 3194073007
4214 3194073011
4215 3194073013
4216 3194073017
4217 3194073019
4218 3194073023
4219 3201967117
4220 3201967121
4221 3201967123
4222 3201967127
4223 3201967129
4224 3201967133
4225 3216775267
4226 3216775271
4227 3216775273
4228 3216775277
4229 3216775279
4230 3216775283
4231 3222140557
4232 3222140561
4233 3222140563
4234 3222140567
4235 3222140569
4236 3222140573
4237 3226150507
4238 3226150511
4239 3226150513
4240 3226150517
4241 3226150519
4242 3226150523
4243 3226474957
4244 3226474961
4245 3226474963
4246 3226474967
4247 3226474969
4248 3226474973
4249 3233180047
4250 3233180051
4251 3233180053
4252 3233180057
4253 3233180059
4254 3233180063
4255 3240440377
4256 3240440381
4257 3240440383
4258 3240440387
4259 3240440389
4260 3240440393
4261 3251282467
4262 3251282471
4263 3251282473
4264 3251282477
4265 3251282479
4266 3251282483
4267 3268883197
4268 3268883201
4269 3268883203
4270 3268883207
4271 3268883209
4272 3268883213
4273 3272554837
4274 3272554841
4275 3272554843
4276 3272554847
4277 3272554849
4278 3272554853
4279 3304653757
4280 3304653761
4281 3304653763
4282 3304653767
4283 3304653769
4284 3304653773
4285 3314854717
4286 3314854721
4287 3314854723
4288 3314854727
4289 3314854729
4290 3314854733
4291 3316999237
4292 3316999241
4293 3316999243
4294 3316999247
4295 3316999249
4296 3316999253
4297 3324288547
4298 3324288551
4299 3324288553
4300 3324288557
4301 3324288559
4302 3324288563
4303 3327095407
4304 3327095411
4305 3327095413
4306 3327095417
4307 3327095419
4308 3327095423
4309 3327370087
4310 3327370091
4311 3327370093
4312 3327370097
4313 3327370099
4314 3327370103
4315 3336948607
4316 3336948611
4317 3336948613
4318 3336948617
4319 3336948619
4320 3336948623
4321 3339701917
4322 3339701921
4323 3339701923
4324 3339701927
4325 3339701929
4326 3339701933
4327 3350493397
4328 3350493401
4329 3350493403
4330 3350493407
4331 3350493409
4332 3350493413
4333 3354580627
4334 3354580631
4335 3354580633
4336 3354580637
4337 3354580639
4338 3354580643
4339 3356069527
4340 3356069531
4341 3356069533
4342 3356069537
4343 3356069539
4344 3356069543
4345 3364056247
4346 3364056251
4347 3364056253
4348 3364056257
4349 3364056259
4350 3364056263
4351 3367835827
4352 3367835831
4353 3367835833
4354 3367835837
4355 3367835839
4356 3367835843
4357 3367876147
4358 3367876151
4359 3367876153
4360 3367876157
4361 3367876159
4362 3367876163
4363 3368629207
4364 3368629211
4365 3368629213
4366 3368629217
4367 3368629219
4368 3368629223
4369 3390288817
4370 3390288821
4371 3390288823
4372 3390288827
4373 3390288829
4374 3390288833
4375 3395186017
4376 3395186021
4377 3395186023
4378 3395186027
4379 3395186029
4380 3395186033
4381 3396427747
4382 3396427751
4383 3396427753
4384 3396427757
4385 3396427759
4386 3396427763
4387 3400601917
4388 3400601921
4389 3400601923
4390 3400601927
4391 3400601929
4392 3400601933
4393 3408027517
4394 3408027521
4395 3408027523
4396 3408027527
4397 3408027529
4398 3408027533
4399 3412052377
4400 3412052381
4401 3412052383
4402 3412052387
4403 3412052389
4404 3412052393
4405 3413660347
4406 3413660351
4407 3413660353
4408 3413660357
4409 3413660359
4410 3413660363
4411 3429532147
4412 3429532151
4413 3429532153
4414 3429532157
4415 3429532159
4416 3429532163
4417 3431421937
4418 3431421941
4419 3431421943
4420 3431421947
4421 3431421949
4422 3431421953
4423 3432234847
4424 3432234851
4425 3432234853
4426 3432234857
4427 3432234859
4428 3432234863
4429 3442851817
4430 3442851821
4431 3442851823
4432 3442851827
4433 3442851829
4434 3442851833
4435 3445377487
4436 3445377491
4437 3445377493
4438 3445377497
4439 3445377499
4440 3445377503
4441 3457078897
4442 3457078901
4443 3457078903
4444 3457078907
4445 3457078909
4446 3457078913
4447 3457287007
4448 3457287011
4449 3457287013
4450 3457287017
4451 3457287019
4452 3457287023
4453 3470474587
4454 3470474591
4455 3470474593
4456 3470474597
4457 3470474599
4458 3470474603
4459 3478099057
4460 3478099061
4461 3478099063
4462 3478099067
4463 3478099069
4464 3478099073
4465 3479682457
4466 3479682461
4467 3479682463
4468 3479682467
4469 3479682469
4470 3479682473
4471 3481880107
4472 3481880111
4473 3481880113
4474 3481880117
4475 3481880119
4476 3481880123
4477 3494482627
4478 3494482631
4479 3494482633
4480 3494482637
4481 3494482639
4482 3494482643
4483 3506070847
4484 3506070851
4485 3506070853
4486 3506070857
4487 3506070859
4488 3506070863
4489 3524329087
4490 3524329091
4491 3524329093
4492 3524329097
4493 3524329099
4494 3524329103
4495 3532174897
4496 3532174901
4497 3532174903
4498 3532174907
4499 3532174909
4500 3532174913
4501 3537025897
4502 3537025901
4503 3537025903
4504 3537025907
4505 3537025909
4506 3537025913
4507 3546568297
4508 3546568301
4509 3546568303
4510 3546568307
4511 3546568309
4512 3546568313
4513 3551356087
4514 3551356091
4515 3551356093
4516 3551356097
4517 3551356099
4518 3551356103
4519 3579215527
4520 3579215531
4521 3579215533
4522 3579215537
4523 3579215539
4524 3579215543
4525 3602417167
4526 3602417171
4527 3602417173
4528 3602417177
4529 3602417179
4530 3602417183
4531 3617172187
4532 3617172191
4533 3617172193
4534 3617172197
4535 3617172199
4536 3617172203
4537 3633568567
4538 3633568571
4539 3633568573
4540 3633568577
4541 3633568579
4542 3633568583
4543 3645085387
4544 3645085391
4545 3645085393
4546 3645085397
4547 3645085399
4548 3645085403
4549 3645136207
4550 3645136211
4551 3645136213
4552 3645136217
4553 3645136219
4554 3645136223
4555 3646488397
4556 3646488401
4557 3646488403
4558 3646488407
4559 3646488409
4560 3646488413
4561 3649312477
4562 3649312481
4563 3649312483
4564 3649312487
4565 3649312489
4566 3649312493
4567 3649317307
4568 3649317311
4569 3649317313
4570 3649317317
4571 3649317319
4572 3649317323
4573 3663112627
4574 3663112631
4575 3663112633
4576 3663112637
4577 3663112639
4578 3663112643
4579 3664745797
4580 3664745801
4581 3664745803
4582 3664745807
4583 3664745809
4584 3664745813
4585 3675106147
4586 3675106151
4587 3675106153
4588 3675106157
4589 3675106159
4590 3675106163
4591 3683813587
4592 3683813591
4593 3683813593
4594 3683813597
4595 3683813599
4596 3683813603
4597 3685923877
4598 3685923881
4599 3685923883
4600 3685923887
4601 3685923889
4602 3685923893
4603 3687009367
4604 3687009371
4605 3687009373
4606 3687009377
4607 3687009379
4608 3687009383
4609 3689782627
4610 3689782631
4611 3689782633
4612 3689782637
4613 3689782639
4614 3689782643
4615 3691694257
4616 3691694261
4617 3691694263
4618 3691694267
4619 3691694269
4620 3691694273
4621 3696461047
4622 3696461051
4623 3696461053
4624 3696461057
4625 3696461059
4626 3696461063
4627 3704502157
4628 3704502161
4629 3704502163
4630 3704502167
4631 3704502169
4632 3704502173
4633 3705174367
4634 3705174371
4635 3705174373
4636 3705174377
4637 3705174379
4638 3705174383
4639 3724959517
4640 3724959521
4641 3724959523
4642 3724959527
4643 3724959529
4644 3724959533
4645 3737909167
4646 3737909171
4647 3737909173
4648 3737909177
4649 3737909179
4650 3737909183
4651 3747359167
4652 3747359171
4653 3747359173
4654 3747359177
4655 3747359179
4656 3747359183
4657 3752911567
4658 3752911571
4659 3752911573
4660 3752911577
4661 3752911579
4662 3752911583
4663 3753317917
4664 3753317921
4665 3753317923
4666 3753317927
4667 3753317929
4668 3753317933
4669 3754831177
4670 3754831181
4671 3754831183
4672 3754831187
4673 3754831189
4674 3754831193
4675 3761439037
4676 3761439041
4677 3761439043
4678 3761439047
4679 3761439049
4680 3761439053
4681 3764670727
4682 3764670731
4683 3764670733
4684 3764670737
4685 3764670739
4686 3764670743
4687 3764751577
4688 3764751581
4689 3764751583
4690 3764751587
4691 3764751589
4692 3764751593
4693 3774012367
4694 3774012371
4695 3774012373
4696 3774012377
4697 3774012379
4698 3774012383
4699 3775303447
4700 3775303451
4701 3775303453
4702 3775303457
4703 3775303459
4704 3775303463
4705 3777812317
4706 3777812321
4707 3777812323
4708 3777812327
4709 3777812329
4710 3777812333
4711 3781235737
4712 3781235741
4713 3781235743
4714 3781235747
4715 3781235749
4716 3781235753
4717 3784522447
4718 3784522451
4719 3784522453
4720 3784522457
4721 3784522459
4722 3784522463
4723 3794028097
4724 3794028101
4725 3794028103
4726 3794028107
4727 3794028109
4728 3794028113
4729 3810319687
4730 3810319691
4731 3810319693
4732 3810319697
4733 3810319699
4734 3810319703
4735 3811490857
4736 3811490861
4737 3811490863
4738 3811490867
4739 3811490869
4740 3811490873
4741 3813889897
4742 3813889901
4743 3813889903
4744 3813889907
4745 3813889909
4746 3813889913
4747 3814600957
4748 3814600961
4749 3814600963
4750 3814600967
4751 3814600969
4752 3814600973
4753 3815905267
4754 3815905271
4755 3815905273
4756 3815905277
4757 3815905279
4758 3815905283
4759 3818366257
4760 3818366261
4761 3818366263
4762 3818366267
4763 3818366269
4764 3818366273
4765 3823998247
4766 3823998251
4767 3823998253
4768 3823998257
4769 3823998259
4770 3823998263
4771 3830105677
4772 3830105681
4773 3830105683
4774 3830105687
4775 3830105689
4776 3830105693
4777 3830747017
4778 3830747021
4779 3830747023
4780 3830747027
4781 3830747029
4782 3830747033
4783 3843903517
4784 3843903521
4785 3843903523
4786 3843903527
4787 3843903529
4788 3843903533
4789 3845259697
4790 3845259701
4791 3845259703
4792 3845259707
4793 3845259709
4794 3845259713
4795 3846952507
4796 3846952511
4797 3846952513
4798 3846952517
4799 3846952519
4800 3846952523
4801 3851169727
4802 3851169731
4803 3851169733
4804 3851169737
4805 3851169739
4806 3851169743
4807 3873577567
4808 3873577571
4809 3873577573
4810 3873577577
4811 3873577579
4812 3873577583
4813 3883347817
4814 3883347821
4815 3883347823
4816 3883347827
4817 3883347829
4818 3883347833
4819 3887425177
4820 3887425181
4821 3887425183
4822 3887425187
4823 3887425189
4824 3887425193
4825 3902150167
4826 3902150171
4827 3902150173
4828 3902150177
4829 3902150179
4830 3902150183
4831 3910925647
4832 3910925651
4833 3910925653
4834 3910925657
4835 3910925659
4836 3910925663
4837 3926451157
4838 3926451161
4839 3926451163
4840 3926451167
4841 3926451169
4842 3926451173
4843 3926606137
4844 3926606141
4845 3926606143
4846 3926606147
4847 3926606149
4848 3926606153
4849 3930254677
4850 3930254681
4851 3930254683
4852 3930254687
4853 3930254689
4854 3930254693
4855 3934825327
4856 3934825331
4857 3934825333
4858 3934825337
4859 3934825339
4860 3934825343
4861 3935301187
4862 3935301191
4863 3935301193
4864 3935301197
4865 3935301199
4866 3935301203
4867 3935493967
4868 3935493971
4869 3935493973
4870 3935493977
4871 3935493979
4872 3935493983
4873 3936460387
4874 3936460391
4875 3936460393
4876 3936460397
4877 3936460399
4878 3936460403
4879 3937255447
4880 3937255451
4881 3937255453
4882 3937255457
4883 3937255459
4884 3937255463
4885 3939572167
4886 3939572171
4887 3939572173
4888 3939572177
4889 3939572179
4890 3939572183
4891 3947577577
4892 3947577581
4893 3947577583
4894 3947577587
4895 3947577589
4896 3947577593
4897 3949495717
4898 3949495721
4899 3949495723
4900 3949495727
4901 3949495729
4902 3949495733
4903 3951118807
4904 3951118811
4905 3951118813
4906 3951118817
4907 3951118819
4908 3951118823
4909 3957728767
4910 3957728771
4911 3957728773
4912 3957728777
4913 3957728779
4914 3957728783
4915 3958564777
4916 3958564781
4917 3958564783
4918 3958564787
4919 3958564789
4920 3958564793
4921 3960814927
4922 3960814931
4923 3960814933
4924 3960814937
4925 3960814939
4926 3960814943
4927 3964910767
4928 3964910771
4929 3964910773
4930 3964910777
4931 3964910779
4932 3964910783
4933 3968892787
4934 3968892791
4935 3968892793
4936 3968892797
4937 3968892799
4938 3968892803
4939 3973811197
4940 3973811201
4941 3973811203
4942 3973811207
4943 3973811209
4944 3973811213
4945 3975459067
4946 3975459071
4947 3975459073
4948 3975459077
4949 3975459079
4950 3975459083
4951 3975930307
4952 3975930311
4953 3975930313
4954 3975930317
4955 3975930319
4956 3975930323
4957 3976699537
4958 3976699541
4959 3976699543
4960 3976699547
4961 3976699549
4962 3976699553
4963 3979977637
4964 3979977641
4965 3979977643
4966 3979977647
4967 3979977649
4968 3979977653
4969 3980202757
4970 3980202761
4971 3980202763
4972 3980202767
4973 3980202769
4974 3980202773
4975 3989801857
4976 3989801861
4977 3989801863
4978 3989801867
4979 3989801869
4980 3989801873
4981 3997962247
4982 3997962251
4983 3997962253
4984 3997962257
4985 3997962259
4986 3997962263
4987 3998232307
4988 3998232311
4989 3998232313
4990 3998232317
4991 3998232319
4992 3998232323
4993 3998592667
4994 3998592671
4995 3998592673
4996 3998592677
4997 3998592679
4998 3998592683
4999 4000080517
5000 4000080521
5001 4000080523
5002 4000080527
5003 4000080529
5004 4000080533
5005 4004802157
5006 4004802161
5007 4004802163
5008 4004802167
5009 4004802169
5010 4004802173
5011 4006292107
5012 4006292111
5013 4006292113
5014 4006292117
5015 4006292119
5016 4006292123
5017 4008144727
5018 4008144731
5019 4008144733
5020 4008144737
5021 4008144739
5022 4008144743
5023 4034294977
5024 4034294981
5025 4034294983
5026 4034294987
5027 4034294989
5028 4034294993
5029 4035708487
5030 4035708491
5031 4035708493
5032 4035708497
5033 4035708499
5034 4035708503
5035 4039428847
5036 4039428851
5037 4039428853
5038 4039428857
5039 4039428859
5040 4039428863
5041 4042949077
5042 4042949081
5043 4042949083
5044 4042949087
5045 4042949089
5046 4042949093
5047 4051712377
5048 4051712381
5049 4051712383
5050 4051712387
5051 4051712389
5052 4051712393
5053 4077909877
5054 4077909881
5055 4077909883
5056 4077909887
5057 4077909889
5058 4077909893
5059 4080784987
5060 4080784991
5061 4080784993
5062 4080784997
5063 4080784999
5064 4080785003
5065 4083334807
5066 4083334811
5067 4083334813
5068 4083334817
5069 4083334819
5070 4083334823
5071 4090075387
5072 4090075391
5073 4090075393
5074 4090075397
5075 4090075399
5076 4090075403
5077 4100483197
5078 4100483201
5079 4100483203
5080 4100483207
5081 4100483209
5082 4100483213
5083 4103644537
5084 4103644541
5085 4103644543
5086 4103644547
5087 4103644549
5088 4103644553
5089 4104044377
5090 4104044381
5091 4104044383
5092 4104044387
5093 4104044389
5094 4104044393
5095 4105148137
5096 4105148141
5097 4105148143
5098 4105148147
5099 4105148149
5100 4105148153
5101 4111631257
5102 4111631261
5103 4111631263
5104 4111631267
5105 4111631269
5106 4111631273
5107 4113025447
5108 4113025451
5109 4113025453
5110 4113025457
5111 4113025459
5112 4113025463
5113 4119540697
5114 4119540701
5115 4119540703
5116 4119540707
5117 4119540709
5118 4119540713
5119 4121291887
5120 4121291891
5121 4121291893
5122 4121291897
5123 4121291899
5124 4121291903
5125 4125431197
5126 4125431201
5127 4125431203
5128 4125431207
5129 4125431209
5130 4125431213
5131 4126414207
5132 4126414211
5133 4126414213
5134 4126414217
5135 4126414219
5136 4126414223
5137 4132426927
5138 4132426931
5139 4132426933
5140 4132426937
5141 4132426939
5142 4132426943
5143 4140656407
5144 4140656411
5145 4140656413
5146 4140656417
5147 4140656419
5148 4140656423
5149 4153834117
5150 4153834121
5151 4153834123
5152 4153834127
5153 4153834129
5154 4153834133
5155 4157688247
5156 4157688251
5157 4157688253
5158 4157688257
5159 4157688259
5160 4157688263
5161 4158936697
5162 4158936701
5163 4158936703
5164 4158936707
5165 4158936709
5166 4158936713
5167 4172358007
5168 4172358011
5169 4172358013
5170 4172358017
5171 4172358019
5172 4172358023
5173 4202451427
5174 4202451431
5175 4202451433
5176 4202451437
5177 4202451439
5178 4202451443
5179 4209142027
5180 4209142031
5181 4209142033
5182 4209142037
5183 4209142039
5184 4209142043
5185 4209975937
5186 4209975941
5187 4209975943
5188 4209975947
5189 4209975949
5190 4209975953
5191 4230098767
5192 4230098771
5193 4230098773
5194 4230098777
5195 4230098779
5196 4230098783
5197 4236714397
5198 4236714401
5199 4236714403
5200 4236714407
5201 4236714409
5202 4236714413
5203 4240209427
5204 4240209431
5205 4240209433
5206 4240209437
5207 4240209439
5208 4240209443
5209 4240919857
5210 4240919861
5211 4240919863
5212 4240919867
5213 4240919869
5214 4240919873
5215 4247867077
5216 4247867081
5217 4247867083
5218 4247867087
5219 4247867089
5220 4247867093
5221 4250372167
5222 4250372171
5223 4250372173
5224 4250372177
5225 4250372179
5226 4250372183
5227 4252810267
5228 4252810271
5229 4252810273
5230 4252810277
5231 4252810279
5232 4252810283
5233 4259861647
5234 4259861651
5235 4259861653
5236 4259861657
5237 4259861659
5238 4259861663
5239 4268991817
5240 4268991821
5241 4268991823
5242 4268991827
5243 4268991829
5244 4268991833
5245 4269957397
5246 4269957401
5247 4269957403
5248 4269957407
5249 4269957409
5250 4269957413
5251 4272360217
5252 4272360221
5253 4272360223
5254 4272360227
5255 4272360229
5256 4272360233
5257 4273282957
5258 4273282961
5259 4273282963
5260 4273282967
5261 4273282969
5262 4273282973
5263 4274855017
5264 4274855021
5265 4274855023
5266 4274855027
5267 4274855029
5268 4274855033
5269 4284169777
5270 4284169781
5271 4284169783
5272 4284169787
5273 4284169789
5274 4284169793
5275 4299271507
5276 4299271511
5277 4299271513
5278 4299271517
5279 4299271519
5280 4299271523
5281 4309281787
5282 4309281791
5283 4309281793
5284 4309281797
5285 4309281799
5286 4309281803
5287 4322743417
5288 4322743421
5289 4322743423
5290 4322743427
5291 4322743429
5292 4322743433
5293 4332468727
5294 4332468731
5295 4332468733
5296 4332468737
5297 4332468739
5298 4332468743
5299 4334882257
5300 4334882261
5301 4334882263
5302 4334882267
5303 4334882269
5304 4334882273
5305 4347247897
5306 4347247901
5307 4347247903
5308 4347247907
5309 4347247909
5310 4347247913
5311 4347905197
5312 4347905201
5313 4347905203
5314 4347905207
5315 4347905209
5316 4347905213
5317 4349953957
5318 4349953961
5319 4349953963
5320 4349953967
5321 4349953969
5322 4349953973
5323 4360534807
5324 4360534811
5325 4360534813
5326 4360534817
5327 4360534819
5328 4360534823
5329 4362570337
5330 4362570341
5331 4362570343
5332 4362570347
5333 4362570349
5334 4362570353
5335 4366832287
5336 4366832291
5337 4366832293
5338 4366832297
5339 4366832299
5340 4366832303
5341 4376872387
5342 4376872391
5343 4376872393
5344 4376872397
5345 4376872399
5346 4376872403
5347 4382930467
5348 4382930471
5349 4382930473
5350 4382930477
5351 4382930479
5352 4382930483
5353 4389513757
5354 4389513761
5355 4389513763
5356 4389513767
5357 4389513769
5358 4389513773
5359 4396278697
5360 4396278701
5361 4396278703
5362 4396278707
5363 4396278709
5364 4396278713
5365 4403270227
5366 4403270231
5367 4403270233
5368 4403270237
5369 4403270239
5370 4403270243
5371 4404831787
5372 4404831791
5373 4404831793
5374 4404831797
5375 4404831799
5376 4404831803
5377 4421911717
5378 4421911721
5379 4421911723
5380 4421911727
5381 4421911729
5382 4421911733
5383 4424436547
5384 4424436551
5385 4424436553
5386 4424436557
5387 4424436559
5388 4424436563
5389 4434207637
5390 4434207641
5391 4434207643
5392 4434207647
5393 4434207649
5394 4434207653
5395 4434652627
5396 4434652631
5397 4434652633
5398 4434652637
5399 4434652639
5400 4434652643
5401 4446001657
5402 4446001661
5403 4446001663
5404 4446001667
5405 4446001669
5406 4446001673
5407 4452523837
5408 4452523841
5409 4452523843
5410 4452523847
5411 4452523849
5412 4452523853
5413 4453566697
5414 4453566701
5415 4453566703
5416 4453566707
5417 4453566709
5418 4453566713
5419 4455691057
5420 4455691061
5421 4455691063
5422 4455691067
5423 4455691069
5424 4455691073
5425 4457029387
5426 4457029391
5427 4457029393
5428 4457029397
5429 4457029399
5430 4457029403
5431 4461473827
5432 4461473831
5433 4461473833
5434 4461473837
5435 4461473839
5436 4461473843
5437 4462633447
5438 4462633451
5439 4462633453
5440 4462633457
5441 4462633459
5442 4462633463
5443 4462826227
5444 4462826231
5445 4462826233
5446 4462826237
5447 4462826239
5448 4462826243
5449 4470541627
5450 4470541631
5451 4470541633
5452 4470541637
5453 4470541639
5454 4470541643
5455 4487426677
5456 4487426681
5457 4487426683
5458 4487426687
5459 4487426689
5460 4487426693
5461 4493182147
5462 4493182151
5463 4493182153
5464 4493182157
5465 4493182159
5466 4493182163
5467 4495974937
5468 4495974941
5469 4495974943
5470 4495974947
5471 4495974949
5472 4495974953
5473 4511314387
5474 4511314391
5475 4511314393
5476 4511314397
5477 4511314399
5478 4511314403
5479 4519321897
5480 4519321901
5481 4519321903
5482 4519321907
5483 4519321909
5484 4519321913
5485 4519989697
5486 4519989701
5487 4519989703
5488 4519989707
5489 4519989709
5490 4519989713
5491 4521673687
5492 4521673691
5493 4521673693
5494 4521673697
5495 4521673699
5496 4521673703
5497 4523633827
5498 4523633831
5499 4523633833
5500 4523633837
5501 4523633839
5502 4523633843
5503 4524591427
5504 4524591431
5505 4524591433
5506 4524591437
5507 4524591439
5508 4524591443
5509 4554063247
5510 4554063251
5511 4554063253
5512 4554063257
5513 4554063259
5514 4554063263
5515 4560973507
5516 4560973511
5517 4560973513
5518 4560973517
5519 4560973519
5520 4560973523
5521 4563082957
5522 4563082961
5523 4563082963
5524 4563082967
5525 4563082969
5526 4563082973
5527 4573489507
5528 4573489511
5529 4573489513
5530 4573489517
5531 4573489519
5532 4573489523
5533 4575857047
5534 4575857051
5535 4575857053
5536 4575857057
5537 4575857059
5538 4575857063
5539 4587951997
5540 4587952001
5541 4587952003
5542 4587952007
5543 4587952009
5544 4587952013
5545 4597194727
5546 4597194731
5547 4597194733
5548 4597194737
5549 4597194739
5550 4597194743
5551 4599296827
5552 4599296831
5553 4599296833
5554 4599296837
5555 4599296839
5556 4599296843
5557 4601075107
5558 4601075111
5559 4601075113
5560 4601075117
5561 4601075119
5562 4601075123
5563 4609340287
5564 4609340291
5565 4609340293
5566 4609340297
5567 4609340299
5568 4609340303
5569 4611502447
5570 4611502451
5571 4611502453
5572 4611502457
5573 4611502459
5574 4611502463
5575 4615445827
5576 4615445831
5577 4615445833
5578 4615445837
5579 4615445839
5580 4615445843
5581 4619102767
5582 4619102771
5583 4619102773
5584 4619102777
5585 4619102779
5586 4619102783
5587 4623473287
5588 4623473291
5589 4623473293
5590 4623473297
5591 4623473299
5592 4623473303
5593 4647124117
5594 4647124121
5595 4647124123
5596 4647124127
5597 4647124129
5598 4647124133
5599 4655225287
5600 4655225291
5601 4655225293
5602 4655225297
5603 4655225299
5604 4655225303
5605 4660202077
5606 4660202081
5607 4660202083
5608 4660202087
5609 4660202089
5610 4660202093
5611 4664527447
5612 4664527451
5613 4664527453
5614 4664527457
5615 4664527459
5616 4664527463
5617 4673189107
5618 4673189111
5619 4673189113
5620 4673189117
5621 4673189119
5622 4673189123
5623 4679508007
5624 4679508011
5625 4679508013
5626 4679508017
5627 4679508019
5628 4679508023
5629 4683096277
5630 4683096281
5631 4683096283
5632 4683096287
5633 4683096289
5634 4683096293
5635 4691798467
5636 4691798471
5637 4691798473
5638 4691798477
5639 4691798479
5640 4691798483
5641 4696778617
5642 4696778621
5643 4696778623
5644 4696778627
5645 4696778629
5646 4696778633
5647 4699988467
5648 4699988471
5649 4699988473
5650 4699988477
5651 4699988479
5652 4699988483
5653 4712979907
5654 4712979911
5655 4712979913
5656 4712979917
5657 4712979919
5658 4712979923
5659 4714825387
5660 4714825391
5661 4714825393
5662 4714825397
5663 4714825399
5664 4714825403
5665 4718145067
5666 4718145071
5667 4718145073
5668 4718145077
5669 4718145079
5670 4718145083
5671 4728229267
5672 4728229271
5673 4728229273
5674 4728229277
5675 4728229279
5676 4728229283
5677 4729199467
5678 4729199471
5679 4729199473
5680 4729199477
5681 4729199479
5682 4729199483
5683 4734551737
5684 4734551741
5685 4734551743
5686 4734551747
5687 4734551749
5688 4734551753
5689 4737406897
5690 4737406901
5691 4737406903
5692 4737406907
5693 4737406909
5694 4737406913
5695 4740733087
5696 4740733091
5697 4740733093
5698 4740733097
5699 4740733099
5700 4740733103
5701 4760662717
5702 4760662721
5703 4760662723
5704 4760662727
5705 4760662729
5706 4760662733
5707 4762374427
5708 4762374431
5709 4762374433
5710 4762374437
5711 4762374439
5712 4762374443
5713 4765258777
5714 4765258781
5715 4765258783
5716 4765258787
5717 4765258789
5718 4765258793
5719 4769574907
5720 4769574911
5721 4769574913
5722 4769574917
5723 4769574919
5724 4769574923
5725 4779206557
5726 4779206561
5727 4779206563
5728 4779206567
5729 4779206569
5730 4779206573
5731 4784546017
5732 4784546021
5733 4784546023
5734 4784546027
5735 4784546029
5736 4784546033
5737 4785556327
5738 4785556331
5739 4785556333
5740 4785556337
5741 4785556339
5742 4785556343
5743 4795390417
5744 4795390421
5745 4795390423
5746 4795390427
5747 4795390429
5748 4795390433
5749 4797418387
5750 4797418391
5751 4797418393
5752 4797418397
5753 4797418399
5754 4797418403
5755 4804123057
5756 4804123061
5757 4804123063
5758 4804123067
5759 4804123069
5760 4804123073
5761 4820101537
5762 4820101541
5763 4820101543
5764 4820101547
5765 4820101549
5766 4820101553
5767 4836333907
5768 4836333911
5769 4836333913
5770 4836333917
5771 4836333919
5772 4836333923
5773 4841054077
5774 4841054081
5775 4841054083
5776 4841054087
5777 4841054089
5778 4841054093
5779 4853033947
5780 4853033951
5781 4853033953
5782 4853033957
5783 4853033959
5784 4853033963
5785 4854133507
5786 4854133511
5787 4854133513
5788 4854133517
5789 4854133519
5790 4854133523
5791 4863634327
5792 4863634331
5793 4863634333
5794 4863634337
5795 4863634339
5796 4863634343
5797 4881804787
5798 4881804791
5799 4881804793
5800 4881804797
5801 4881804799
5802 4881804803
5803 4889684197
5804 4889684201
5805 4889684203
5806 4889684207
5807 4889684209
5808 4889684213
5809 4890729577
5810 4890729581
5811 4890729583
5812 4890729587
5813 4890729589
5814 4890729593
5815 4892800807
5816 4892800811
5817 4892800813
5818 4892800817
5819 4892800819
5820 4892800823
5821 4904838217
5822 4904838221
5823 4904838223
5824 4904838227
5825 4904838229
5826 4904838233
5827 4905113947
5828 4905113951
5829 4905113953
5830 4905113957
5831 4905113959
5832 4905113963
5833 4905444277
5834 4905444281
5835 4905444283
5836 4905444287
5837 4905444289
5838 4905444293
5839 4919719237
5840 4919719241
5841 4919719243
5842 4919719247
5843 4919719249
5844 4919719253
5845 4921606507
5846 4921606511
5847 4921606513
5848 4921606517
5849 4921606519
5850 4921606523
5851 4922531347
5852 4922531351
5853 4922531353
5854 4922531357
5855 4922531359
5856 4922531363
5857 4922785447
5858 4922785451
5859 4922785453
5860 4922785457
5861 4922785459
5862 4922785463
5863 4925715787
5864 4925715791
5865 4925715793
5866 4925715797
5867 4925715799
5868 4925715803
5869 4929617587
5870 4929617591
5871 4929617593
5872 4929617597
5873 4929617599
5874 4929617603
5875 4940597017
5876 4940597021
5877 4940597023
5878 4940597027
5879 4940597029
5880 4940597033
5881 4942565977
5882 4942565981
5883 4942565983
5884 4942565987
5885 4942565989
5886 4942565993
5887 4949356327
5888 4949356331
5889 4949356333
5890 4949356337
5891 4949356339
5892 4949356343
5893 4954029247
5894 4954029251
5895 4954029253
5896 4954029257
5897 4954029259
5898 4954029263
5899 4964635927
5900 4964635931
5901 4964635933
5902 4964635937
5903 4964635939
5904 4964635943
5905 4964761927
5906 4964761931
5907 4964761933
5908 4964761937
5909 4964761939
5910 4964761943
5911 4984799707
5912 4984799711
5913 4984799713
5914 4984799717
5915 4984799719
5916 4984799723
5917 4986905377
5918 4986905381
5919 4986905383
5920 4986905387
5921 4986905389
5922 4986905393
5923 4988291377
5924 4988291381
5925 4988291383
5926 4988291387
5927 4988291389
5928 4988291393
5929 4993068247
5930 4993068251
5931 4993068253
5932 4993068257
5933 4993068259
5934 4993068263
5935 4998765127
5936 4998765131
5937 4998765133
5938 4998765137
5939 4998765139
5940 4998765143
