# A343636.txt - created 13-Jul-2021 by M. F. Hasler from data computed by Norman Luhn et al, before Oct. 2020
# via (PARI/GP):
# P6={[  regexp_replace /..._/,/g << data from Luhn's tables  ]}
# write("/tmp/A343636.txt",concat([Str(i" "P6[i+1]"\n")|i<-[0..299]]))
0 6
1 87
2 0
3 0
4 6057
5 0
6 91257
7 526557
8 12710877
9 2054787
10 10234947
11 6222567
12 33407547
13 6589467
14 44514957
15 587445747
16 113139567
17 816858057
18 210160347
19 896654097
20 1523730387
21 1048338207
22 1309977027
23 2095519077
24 3453564567
25 1143089517
26 735261237
27 723151317
28 99411447
29 77882127
30 5773122297
31 969890547
32 1142799417
33 211604127
34 43545932607
35 16727131107
36 39930995277
37 19170188607
38 2342603337
39 4735981887
40 8413364367
41 5527913847
42 16110749877
43 45242451957
44 31541352147
45 22172544387
46 60361210737
47 55546774557
48 31829923347
49 12427403607
50 149010596907
51 7720854057
52 284980969737
53 95373379557
54 202473604737
55 395479843377
56 216034920357
57 211928389407
58 5215448877
59 452653830357
60 88901420697
61 426997638147
62 1354861238217
63 414489215847
64 472166511357
65 1004171216217
66 10652585067
67 586355564007
68 98369541267
69 1611641625027
70 1047824727357
71 1817828519697
72 188512065327
73 1317174440697
74 961547012367
75 345249906897
76 2148387845067
77 3048899307987
78 1062278213547
79 3929742266607
80 708481870527
81 1049489061327
82 490415041167
83 1483206893547
84 4158404476497
85 388108827627
86 866767413537
87 4039882245567
88 6174753181137
89 103150304937
90 2591771946657
91 683700012747
92 6014315667147
93 5889293093397
94 6022731250797
95 2553567408897
96 8081942772027
97 148219952457
98 3053015047107
99 8007253801407
100 6763998516837
101 18919641795867
102 17031965595867
103 6818514807807
104 1974070019457
105 7463700907887
106 1301470177107
107 9364402657107
108 30103424963967
109 20017039900917
110 14807719788117
111 6282595520607
112 4487548166817
113 60995099080287
114 734234378967
115 68235608069247
116 20236193036847
117 67413772441827
118 5373360827067
119 24262562116017
120 20192102566347
121 24671767617297
122 23926714005807
123 8702928375057
124 18451831606287
125 27299109357507
126 10175852650857
127 93696681209757
128 60763409691597
129 41675244074457
130 52157666830677
131 36360088879647
132 9548642804097
133 61197672473787
134 20474582698287
135 57132901336917
136 350220126027
137 93862955594577
138 5684273143827
139 69270293880357
140 32257916155917
141 110245210497597
142 71860346795337
143 28658724427887
144 2981601153627
145 35739828370767
146 39546605069577
147 109799127189927
148 116085832350777
149 15103097344707
150 11555888609697
151 123521862341937
152 149805198617967
153 27987769567107
154 36893278348467
155 351904131470697
156 16825888204347
157 145756604538807
158 19580119302867
159 53719571598147
160 72849172960797
161 5033791588197
162 120105563315547
163 54721078391367
164 338406621721347
165 108740473022097
166 178749620414367
167 250378464672687
168 118072865705247
169 407130595104957
170 749436386440347
171 77767623050397
172 6785752699287
173 1433461787676297
174 153781066417557
175 128947698177567
176 100050359830677
177 267514831170867
178 529720605467517
179 436304414105547
180 899350308734127
181 1841194152443397
182 451257490098027
183 505216869167367
184 371313061736157
185 262494464417277
186 131388874323747
187 125989122861507
188 69377246885097
189 2073333430471527
190 858034419682617
191 651733443815007
192 103046279139207
193 341591715399147
194 49883376447027
195 136679601836127
196 148718518928877
197 279957667859367
198 42396696428847
199 452059153787937
200 330095408894787
201 1466609981247327
202 288694080468747
203 608494420842477
204 353113664972157
205 262197850392747
206 1487423934280617
207 633744520161207
208 558875299924587
209 201010025706477
210 61201946468577
211 1398043412561547
212 420026241880137
213 344862445160457
214 692558821784937
215 1289605288913397
216 31666562123187
217 2692909787526297
218 723854493388737
219 16991404241217
220 600696672260967
221 1314118061324517
222 1642591037706687
223 473062068783027
224 441355060109037
225 1522314960978987
226 2228559386585667
227 2097139110326247
228 500435791287
229 1384940561792637
230 244505692813197
231 610847648159847
232 1937426925187497
233 106390462127937
234 6213178682694387
235 897577485160107
236 1556430952368597
237 3254886632134767
238 438957438215067
239 4021772940748557
240 220014595786977
241 557392581236067
242 505268895033207
243 4277660896239087
244 21462514620087
245 1138210946830917
246 1851433029653247
247 4344016306533837
248 4279343242041627
249 6474446991818337
250 745938610059057
251 2967740784955857
252 328152817763937
253 3335666718288117
254 825386332247187
255 2968084910336637
256 1526822512122777
257 6023833712987007
258 857679791941887
259 1225126647937587
260 133284100302987
261 158940875460717
262 523715072288487
263 931589141883387
264 3658941268927887
265 1232659178046537
266 2201804852017257
267 762955026712977
268 54987156260577
269 560350712628897
270 1153540896489147
271 465853412396067
272 2462378562131247
273 3055672270764057
274 2798169883994487
275 11780920171264077
276 1077485016280587
277 1683617690076627
278 1683617690076627
279 2038635252887667
280 1020018394570737
281 6151003449479337
282 1728588014411067
283 53534871022797
284 417935274507237
285 6936077244911577
286 2136735782315577
287 5601914696708247
288 1780836268055577
289 3686090619857187
290 8774607642792807
291 6988906330017507
292 4926536612128497
293 6013934978825817
294 912397549779147
295 13262449643523657
296 7561968734304597
297 1422243603904557
298 17994901599200787
299 4806219413658657

