# A171701: The first n-fold (at least) intrinsically 2-palindromic number.
# a(n) = least v that is a 2-digit palindrome "aa" in at least n bases, i.e. least v
# with >= n divisors a satisfying a*(a+2) <= v. Terms 1..1152 by exhaustive sieve of
# all v < 10^10 (a171701.c). Computed 2026 by Jeff Sponaugle.
# Note: a(41) = 20160; the OEIS data section (rev 8) shows 30160, a typo.
1 3
2 8
3 18
4 24
5 48
6 60
7 120
8 120
9 180
10 336
11 360
12 360
13 720
14 720
15 720
16 840
17 1260
18 1440
19 1680
20 1680
21 2520
22 2520
23 2520
24 2520
25 5040
26 5040
27 5040
28 5040
29 5040
30 5040
31 7560
32 7560
33 10080
34 10080
35 10080
36 10080
37 15120
38 15120
39 15120
40 15120
41 20160
42 20160
43 25200
44 25200
45 25200
46 27720
47 27720
48 27720
49 45360
50 45360
51 50400
52 50400
53 50400
54 55440
55 55440
56 55440
57 55440
58 55440
59 55440
60 55440
61 83160
62 83160
63 83160
64 83160
65 110880
66 110880
67 110880
68 110880
69 110880
70 110880
71 110880
72 110880
73 166320
74 166320
75 166320
76 166320
77 166320
78 166320
79 166320
80 166320
81 221760
82 221760
83 221760
84 221760
85 277200
86 277200
87 277200
88 277200
89 277200
90 277200
91 332640
92 332640
93 332640
94 332640
95 332640
96 332640
97 498960
98 498960
99 498960
100 498960
101 554400
102 554400
103 554400
104 554400
105 554400
106 554400
107 554400
108 554400
109 665280
110 665280
111 665280
112 665280
113 720720
114 720720
115 720720
116 720720
117 720720
118 720720
119 720720
120 720720
121 1081080
122 1081080
123 1081080
124 1081080
125 1081080
126 1081080
127 1081080
128 1081080
129 1441440
130 1441440
131 1441440
132 1441440
133 1441440
134 1441440
135 1441440
136 1441440
137 1441440
138 1441440
139 1441440
140 1441440
141 1441440
142 1441440
143 1441440
144 1441440
145 2162160
146 2162160
147 2162160
148 2162160
149 2162160
150 2162160
151 2162160
152 2162160
153 2162160
154 2162160
155 2162160
156 2162160
157 2162160
158 2162160
159 2162160
160 2162160
161 2882880
162 2882880
163 2882880
164 2882880
165 2882880
166 2882880
167 2882880
168 2882880
169 3603600
170 3603600
171 3603600
172 3603600
173 3603600
174 3603600
175 3603600
176 3603600
177 3603600
178 3603600
179 3603600
180 3603600
181 4324320
182 4324320
183 4324320
184 4324320
185 4324320
186 4324320
187 4324320
188 4324320
189 4324320
190 4324320
191 4324320
192 5405400
193 6486480
194 6486480
195 6486480
196 6486480
197 6486480
198 6486480
199 6486480
200 6486480
201 7207200
202 7207200
203 7207200
204 7207200
205 7207200
206 7207200
207 7207200
208 7207200
209 7207200
210 7207200
211 7207200
212 7207200
213 7207200
214 7207200
215 7207200
216 7207200
217 8648640
218 8648640
219 8648640
220 8648640
221 8648640
222 8648640
223 8648640
224 8648640
225 10810800
226 10810800
227 10810800
228 10810800
229 10810800
230 10810800
231 10810800
232 10810800
233 10810800
234 10810800
235 10810800
236 10810800
237 10810800
238 10810800
239 10810800
240 10810800
241 14414400
242 14414400
243 14414400
244 14414400
245 14414400
246 14414400
247 14414400
248 14414400
249 14414400
250 14414400
251 14414400
252 14414400
253 17297280
254 17297280
255 17297280
256 17297280
257 21621600
258 21621600
259 21621600
260 21621600
261 21621600
262 21621600
263 21621600
264 21621600
265 21621600
266 21621600
267 21621600
268 21621600
269 21621600
270 21621600
271 21621600
272 21621600
273 21621600
274 21621600
275 21621600
276 21621600
277 21621600
278 21621600
279 21621600
280 21621600
281 21621600
282 21621600
283 21621600
284 21621600
285 21621600
286 21621600
287 21621600
288 21621600
289 32432400
290 32432400
291 32432400
292 32432400
293 32432400
294 32432400
295 32432400
296 32432400
297 32432400
298 32432400
299 32432400
300 32432400
301 36756720
302 36756720
303 36756720
304 36756720
305 36756720
306 36756720
307 36756720
308 36756720
309 36756720
310 36756720
311 36756720
312 36756720
313 36756720
314 36756720
315 36756720
316 36756720
317 36756720
318 36756720
319 36756720
320 36756720
321 43243200
322 43243200
323 43243200
324 43243200
325 43243200
326 43243200
327 43243200
328 43243200
329 43243200
330 43243200
331 43243200
332 43243200
333 43243200
334 43243200
335 43243200
336 43243200
337 61261200
338 61261200
339 61261200
340 61261200
341 61261200
342 61261200
343 61261200
344 61261200
345 61261200
346 61261200
347 61261200
348 61261200
349 61261200
350 61261200
351 61261200
352 61261200
353 61261200
354 61261200
355 61261200
356 61261200
357 61261200
358 61261200
359 61261200
360 61261200
361 73513440
362 73513440
363 73513440
364 73513440
365 73513440
366 73513440
367 73513440
368 73513440
369 73513440
370 73513440
371 73513440
372 73513440
373 73513440
374 73513440
375 73513440
376 73513440
377 73513440
378 73513440
379 73513440
380 73513440
381 73513440
382 73513440
383 73513440
384 73513440
385 110270160
386 110270160
387 110270160
388 110270160
389 110270160
390 110270160
391 110270160
392 110270160
393 110270160
394 110270160
395 110270160
396 110270160
397 110270160
398 110270160
399 110270160
400 110270160
401 122522400
402 122522400
403 122522400
404 122522400
405 122522400
406 122522400
407 122522400
408 122522400
409 122522400
410 122522400
411 122522400
412 122522400
413 122522400
414 122522400
415 122522400
416 122522400
417 122522400
418 122522400
419 122522400
420 122522400
421 122522400
422 122522400
423 122522400
424 122522400
425 122522400
426 122522400
427 122522400
428 122522400
429 122522400
430 122522400
431 122522400
432 122522400
433 147026880
434 147026880
435 147026880
436 147026880
437 147026880
438 147026880
439 147026880
440 147026880
441 147026880
442 147026880
443 147026880
444 147026880
445 147026880
446 147026880
447 147026880
448 147026880
449 183783600
450 183783600
451 183783600
452 183783600
453 183783600
454 183783600
455 183783600
456 183783600
457 183783600
458 183783600
459 183783600
460 183783600
461 183783600
462 183783600
463 183783600
464 183783600
465 183783600
466 183783600
467 183783600
468 183783600
469 183783600
470 183783600
471 183783600
472 183783600
473 183783600
474 183783600
475 183783600
476 183783600
477 183783600
478 183783600
479 183783600
480 183783600
481 245044800
482 245044800
483 245044800
484 245044800
485 245044800
486 245044800
487 245044800
488 245044800
489 245044800
490 245044800
491 245044800
492 245044800
493 245044800
494 245044800
495 245044800
496 245044800
497 245044800
498 245044800
499 245044800
500 245044800
501 245044800
502 245044800
503 245044800
504 245044800
505 294053760
506 294053760
507 294053760
508 294053760
509 294053760
510 294053760
511 294053760
512 294053760
513 367567200
514 367567200
515 367567200
516 367567200
517 367567200
518 367567200
519 367567200
520 367567200
521 367567200
522 367567200
523 367567200
524 367567200
525 367567200
526 367567200
527 367567200
528 367567200
529 367567200
530 367567200
531 367567200
532 367567200
533 367567200
534 367567200
535 367567200
536 367567200
537 367567200
538 367567200
539 367567200
540 367567200
541 367567200
542 367567200
543 367567200
544 367567200
545 367567200
546 367567200
547 367567200
548 367567200
549 367567200
550 367567200
551 367567200
552 367567200
553 367567200
554 367567200
555 367567200
556 367567200
557 367567200
558 367567200
559 367567200
560 367567200
561 367567200
562 367567200
563 367567200
564 367567200
565 367567200
566 367567200
567 367567200
568 367567200
569 367567200
570 367567200
571 367567200
572 367567200
573 367567200
574 367567200
575 367567200
576 367567200
577 551350800
578 551350800
579 551350800
580 551350800
581 551350800
582 551350800
583 551350800
584 551350800
585 551350800
586 551350800
587 551350800
588 551350800
589 551350800
590 551350800
591 551350800
592 551350800
593 551350800
594 551350800
595 551350800
596 551350800
597 551350800
598 551350800
599 551350800
600 551350800
601 698377680
602 698377680
603 698377680
604 698377680
605 698377680
606 698377680
607 698377680
608 698377680
609 698377680
610 698377680
611 698377680
612 698377680
613 698377680
614 698377680
615 698377680
616 698377680
617 698377680
618 698377680
619 698377680
620 698377680
621 698377680
622 698377680
623 698377680
624 698377680
625 698377680
626 698377680
627 698377680
628 698377680
629 698377680
630 698377680
631 698377680
632 698377680
633 698377680
634 698377680
635 698377680
636 698377680
637 698377680
638 698377680
639 698377680
640 698377680
641 735134400
642 735134400
643 735134400
644 735134400
645 735134400
646 735134400
647 735134400
648 735134400
649 735134400
650 735134400
651 735134400
652 735134400
653 735134400
654 735134400
655 735134400
656 735134400
657 735134400
658 735134400
659 735134400
660 735134400
661 735134400
662 735134400
663 735134400
664 735134400
665 735134400
666 735134400
667 735134400
668 735134400
669 735134400
670 735134400
671 735134400
672 735134400
673 1102701600
674 1102701600
675 1102701600
676 1102701600
677 1102701600
678 1102701600
679 1102701600
680 1102701600
681 1102701600
682 1102701600
683 1102701600
684 1102701600
685 1102701600
686 1102701600
687 1102701600
688 1102701600
689 1102701600
690 1102701600
691 1102701600
692 1102701600
693 1102701600
694 1102701600
695 1102701600
696 1102701600
697 1102701600
698 1102701600
699 1102701600
700 1102701600
701 1102701600
702 1102701600
703 1102701600
704 1102701600
705 1102701600
706 1102701600
707 1102701600
708 1102701600
709 1102701600
710 1102701600
711 1102701600
712 1102701600
713 1102701600
714 1102701600
715 1102701600
716 1102701600
717 1102701600
718 1102701600
719 1102701600
720 1102701600
721 1396755360
722 1396755360
723 1396755360
724 1396755360
725 1396755360
726 1396755360
727 1396755360
728 1396755360
729 1396755360
730 1396755360
731 1396755360
732 1396755360
733 1396755360
734 1396755360
735 1396755360
736 1396755360
737 1396755360
738 1396755360
739 1396755360
740 1396755360
741 1396755360
742 1396755360
743 1396755360
744 1396755360
745 1396755360
746 1396755360
747 1396755360
748 1396755360
749 1396755360
750 1396755360
751 1396755360
752 1396755360
753 1396755360
754 1396755360
755 1396755360
756 1396755360
757 1396755360
758 1396755360
759 1396755360
760 1396755360
761 1396755360
762 1396755360
763 1396755360
764 1396755360
765 1396755360
766 1396755360
767 1396755360
768 1396755360
769 2095133040
770 2095133040
771 2095133040
772 2095133040
773 2095133040
774 2095133040
775 2095133040
776 2095133040
777 2095133040
778 2095133040
779 2095133040
780 2095133040
781 2095133040
782 2095133040
783 2095133040
784 2095133040
785 2095133040
786 2095133040
787 2095133040
788 2095133040
789 2095133040
790 2095133040
791 2095133040
792 2095133040
793 2095133040
794 2095133040
795 2095133040
796 2095133040
797 2095133040
798 2095133040
799 2095133040
800 2095133040
801 2205403200
802 2205403200
803 2205403200
804 2205403200
805 2205403200
806 2205403200
807 2205403200
808 2205403200
809 2205403200
810 2205403200
811 2205403200
812 2205403200
813 2205403200
814 2205403200
815 2205403200
816 2205403200
817 2205403200
818 2205403200
819 2205403200
820 2205403200
821 2205403200
822 2205403200
823 2205403200
824 2205403200
825 2205403200
826 2205403200
827 2205403200
828 2205403200
829 2205403200
830 2205403200
831 2205403200
832 2205403200
833 2205403200
834 2205403200
835 2205403200
836 2205403200
837 2205403200
838 2205403200
839 2205403200
840 2205403200
841 2327925600
842 2327925600
843 2327925600
844 2327925600
845 2327925600
846 2327925600
847 2327925600
848 2327925600
849 2327925600
850 2327925600
851 2327925600
852 2327925600
853 2327925600
854 2327925600
855 2327925600
856 2327925600
857 2327925600
858 2327925600
859 2327925600
860 2327925600
861 2327925600
862 2327925600
863 2327925600
864 2327925600
865 2793510720
866 2793510720
867 2793510720
868 2793510720
869 2793510720
870 2793510720
871 2793510720
872 2793510720
873 2793510720
874 2793510720
875 2793510720
876 2793510720
877 2793510720
878 2793510720
879 2793510720
880 2793510720
881 2793510720
882 2793510720
883 2793510720
884 2793510720
885 2793510720
886 2793510720
887 2793510720
888 2793510720
889 2793510720
890 2793510720
891 2793510720
892 2793510720
893 2793510720
894 2793510720
895 2793510720
896 2793510720
897 3491888400
898 3491888400
899 3491888400
900 3491888400
901 3491888400
902 3491888400
903 3491888400
904 3491888400
905 3491888400
906 3491888400
907 3491888400
908 3491888400
909 3491888400
910 3491888400
911 3491888400
912 3491888400
913 3491888400
914 3491888400
915 3491888400
916 3491888400
917 3491888400
918 3491888400
919 3491888400
920 3491888400
921 3491888400
922 3491888400
923 3491888400
924 3491888400
925 3491888400
926 3491888400
927 3491888400
928 3491888400
929 3491888400
930 3491888400
931 3491888400
932 3491888400
933 3491888400
934 3491888400
935 3491888400
936 3491888400
937 3491888400
938 3491888400
939 3491888400
940 3491888400
941 3491888400
942 3491888400
943 3491888400
944 3491888400
945 3491888400
946 3491888400
947 3491888400
948 3491888400
949 3491888400
950 3491888400
951 3491888400
952 3491888400
953 3491888400
954 3491888400
955 3491888400
956 3491888400
957 3491888400
958 3491888400
959 3491888400
960 3491888400
961 4655851200
962 4655851200
963 4655851200
964 4655851200
965 4655851200
966 4655851200
967 4655851200
968 4655851200
969 4655851200
970 4655851200
971 4655851200
972 4655851200
973 4655851200
974 4655851200
975 4655851200
976 4655851200
977 4655851200
978 4655851200
979 4655851200
980 4655851200
981 4655851200
982 4655851200
983 4655851200
984 4655851200
985 4655851200
986 4655851200
987 4655851200
988 4655851200
989 4655851200
990 4655851200
991 4655851200
992 4655851200
993 4655851200
994 4655851200
995 4655851200
996 4655851200
997 4655851200
998 4655851200
999 4655851200
1000 4655851200
1001 4655851200
1002 4655851200
1003 4655851200
1004 4655851200
1005 4655851200
1006 4655851200
1007 4655851200
1008 4655851200
1009 5587021440
1010 5587021440
1011 5587021440
1012 5587021440
1013 5587021440
1014 5587021440
1015 5587021440
1016 5587021440
1017 5587021440
1018 5587021440
1019 5587021440
1020 5587021440
1021 5587021440
1022 5587021440
1023 5587021440
1024 5587021440
1025 6983776800
1026 6983776800
1027 6983776800
1028 6983776800
1029 6983776800
1030 6983776800
1031 6983776800
1032 6983776800
1033 6983776800
1034 6983776800
1035 6983776800
1036 6983776800
1037 6983776800
1038 6983776800
1039 6983776800
1040 6983776800
1041 6983776800
1042 6983776800
1043 6983776800
1044 6983776800
1045 6983776800
1046 6983776800
1047 6983776800
1048 6983776800
1049 6983776800
1050 6983776800
1051 6983776800
1052 6983776800
1053 6983776800
1054 6983776800
1055 6983776800
1056 6983776800
1057 6983776800
1058 6983776800
1059 6983776800
1060 6983776800
1061 6983776800
1062 6983776800
1063 6983776800
1064 6983776800
1065 6983776800
1066 6983776800
1067 6983776800
1068 6983776800
1069 6983776800
1070 6983776800
1071 6983776800
1072 6983776800
1073 6983776800
1074 6983776800
1075 6983776800
1076 6983776800
1077 6983776800
1078 6983776800
1079 6983776800
1080 6983776800
1081 6983776800
1082 6983776800
1083 6983776800
1084 6983776800
1085 6983776800
1086 6983776800
1087 6983776800
1088 6983776800
1089 6983776800
1090 6983776800
1091 6983776800
1092 6983776800
1093 6983776800
1094 6983776800
1095 6983776800
1096 6983776800
1097 6983776800
1098 6983776800
1099 6983776800
1100 6983776800
1101 6983776800
1102 6983776800
1103 6983776800
1104 6983776800
1105 6983776800
1106 6983776800
1107 6983776800
1108 6983776800
1109 6983776800
1110 6983776800
1111 6983776800
1112 6983776800
1113 6983776800
1114 6983776800
1115 6983776800
1116 6983776800
1117 6983776800
1118 6983776800
1119 6983776800
1120 6983776800
1121 6983776800
1122 6983776800
1123 6983776800
1124 6983776800
1125 6983776800
1126 6983776800
1127 6983776800
1128 6983776800
1129 6983776800
1130 6983776800
1131 6983776800
1132 6983776800
1133 6983776800
1134 6983776800
1135 6983776800
1136 6983776800
1137 6983776800
1138 6983776800
1139 6983776800
1140 6983776800
1141 6983776800
1142 6983776800
1143 6983776800
1144 6983776800
1145 6983776800
1146 6983776800
1147 6983776800
1148 6983776800
1149 6983776800
1150 6983776800
1151 6983776800
1152 6983776800
