1 1
2 0
3 1
4 0
5 0
6 1
7 1
8 0
9 0
10 0
11 2
12 2
13 1
14 1
15 0
16 0
17 0
18 0
19 3
20 5
21 5
22 4
23 2
24 1
25 0
26 0
27 0
28 0
29 0
30 6
31 13
32 19
33 22
34 19
35 13
36 5
37 2
38 0
39 0
40 0
41 0
42 0
43 0
44 11
45 33
46 67
47 107
48 130
49 130
50 96
51 51
52 16
53 5
54 0
55 0
56 0
57 0
58 0
59 0
60 0
61 23
62 89
63 236
64 486
65 804
66 1112
67 1211
68 1026
69 626
70 275
71 72
72 14
73 0
74 0
75 0
76 0
77 0
78 0
79 0
80 0
81 47
82 240
83 797
84 2075
85 4454
86 8053
87 11990
88 14379
89 13380
90 9464
91 4844
92 1734
93 378
94 50
95 0
96 0
97 0
98 0
99 0
100 0
101 0
102 0
103 0
104 106
105 657
106 2678
107 8548
108 22768
109 51816
110 99212
111 156780
112 199758
113 201912
114 158312
115 94321
116 41004
117 12394
118 2306
119 233
120 0
121 0
122 0
123 0
124 0
125 0
126 0
127 0
128 0
129 0
130 235
131 1806
132 8833
133 33851
134 109072
135 302451
136 714987
137 1417665
138 2317874
139 3087332
140 3310552
141 2824626
142 1885048
143 962057
144 361615
145 94684
146 15362
147 1249
148 0
149 0
150 0
151 0
152 0
153 0
154 0
155 0
156 0
157 0
158 0
159 551
160 5026
161 28908
162 130365
163 496563
164 1636125
165 4635371
166 11136493
167 22387133
168 37319544
169 51225013
170 57525276
171 52417175
172 38330421
173 22126877
174 9847687
175 3254673
176 752905
177 108597
178 7595
179 0
180 0
181 0
182 0
183 0
184 0
185 0
186 0
187 0
188 0
189 0
190 0
191 1301
192 13999
193 93569
194 489387
195 2166009
196 8319191
197 27628471
198 78405246
199 188084653
200 378816476
201 637821202
202 894803870
203 1041875241
204 1001423601
205 788252425
206 502299195
207 254800097
208 100395695
209 29586335
210 6135196
211 797583
212 49566
213 0
214 0
215 0
216 0
217 0
218 0
219 0
220 0
221 0
222 0
223 0
224 0
225 0
226 3159
227 39260
228 300748
229 1799700
230 9123403
231 40216577
232 153876251
233 505912342
234 1416544333
235 3360456524
236 6737246119
237 11399818779
238 16256246886
239 19492037645
240 19578032113
241 16377361650
242 11313238350
243 6375615561
244 2880692140
245 1017576903
246 270473444
247 50848432
248 6022143
249 339722
