# A216905: Smallest palindromic number of length 11 in two bases differing by n.
# n = 1..1000: exhaustive search over base pairs (b, b+n) in increasing
# larger base, meet-in-the-middle with exact 192-bit arithmetic (gappal.c).
# Computed 2026 by Jeff Sponaugle.
1 1556085529
2 28455496928
3 671667243106
4 6286726505905
5 17441819065567
6 96396891300626
7 470389217692631
8 899379244450606
9 2169311631182347
10 6355119734595765
11 11642138005593761
12 28921424479420089
13 55584853414001304
14 183094184161456101
15 210149897902353351
16 176167197254843952
17 382553673761429596
18 641962664184535381
19 1023046241061927097
20 1668683096449347793
21 1906156758065353356
22 2464217897673237364
23 3771284424422043457
24 8490289286112366503
25 9816393585556589662
26 10790517558380230401
27 15527918961356288419
28 19909753966121425476
29 32274263830658084573
30 39782879722314553098
31 65806353007871521081
32 112513266946632511201
33 168382069696664646399
34 116975179899693104007
35 193617764570219364941
36 198939040636538376273
37 255160525773452556380
38 268243733287141648631
39 415399743274571061496
40 447395947608133258645
41 608268466882282741074
42 678551694296048843667
43 1098133511294490272911
44 1096431759354936639097
45 1213794196304835051905
46 1518881170562482240697
47 1744609619550577548448
48 2038931414762715467236
49 2788594591670379488509
50 2706534060189570492176
51 3415143562768330659899
52 4491299339479089913215
53 4778967749615816814268
54 5522008457235283986062
55 6377896505409378443711
56 8596605234473232739781
57 9472075763846357077294
58 9912505666916656501299
59 11841617684149140312013
60 13293869020371865239064
61 16275523818124992878829
62 19687151187414420765303
63 24025613260454599847882
64 24343227408669190772815
65 30052466019357845399601
66 32729105165995293070281
67 36449427408249070710541
68 46619088499475415916673
69 52706192069748013520516
70 54315983936467069658590
71 62696772618994572484361
72 65847404524255981556023
73 85938238336224529327605
74 81317060266037614829656
75 96686338819997025235225
76 104595130149613554280801
77 121901467355065825382586
78 150682130529333943788019
79 144584261251967322119674
80 167296613577094717046101
81 195432328352371251567349
82 262574599900845517744761
83 225047879763260727983113
84 271931032320008537886301
85 306336042653306847693259
86 318226625512378815739707
87 365488669932328227390723
88 369443231595591779781059
89 404858706809950540072239
90 540127198360066860143196
91 540509259959686783828601
92 605902097325852804204547
93 629348718413893706615133
94 639384794892906596698081
95 767258474683820043731465
96 848619902355354185517215
97 846738997603140039611396
98 974004026012657520751251
99 1238861100606818090354177
100 1241454649754628315612673
101 1234108815243545498944769
102 1471823649164631422714861
103 1492396920360909302830561
104 1607900329346771872555562
105 1939414638386142823407285
106 1848816154575043167040495
107 2211952983779265641918465
108 2152724467785621335843386
109 2583210864371420590483669
110 2635065366384134144193613
111 2793935251369218735808111
112 3367327508522522075052409
113 3196281132454325668412503
114 4007394217012100416894369
115 3980522618396137567163521
116 5044551258156682690936519
117 4382223400991251069061584
118 4961930563660780558421581
119 5650472981384467246022229
120 5791928910637327259734037
121 6198616386659521841210993
122 6844629014461085790322369
123 6783055869254529850543921
124 8895852639175036412248387
125 8887587954084033562302169
126 8530403822800523967405866
127 9695646585953323124211289
128 10996100750282563996108832
129 11633848663969945211804801
130 12382291975093823596212085
131 13588465985447640831053251
132 13468943434687782098827901
133 15364632832814522459453353
134 14648980081401255314843049
135 16365768600555484029842635
136 17921324548959628881645589
137 19007800219469807940864985
138 20781226640450754257833081
139 23458439710589992280761975
140 23477374013925193201018936
141 26776881432104111213932509
142 24625642280963054593843025
143 26403873787540749103362241
144 27707417207793342595397851
145 32844576355620574864469206
146 31399847195268404971815631
147 36039377003132406238042048
148 36002629553778532561894401
149 38288711320134401635482108
150 42537805394372977375729086
151 45641334915319495351132673
152 46391508422923763029815713
153 51157649756354352859961307
154 53922813082619660064255194
155 59301235280774837024420825
156 56659136294088890367016633
157 62669343526249279124015057
158 67124831435993277377230899
159 74303359002704816251056791
160 75486225887832967201112428
161 82619086727412435898617853
162 81650280202124990631297693
163 89789981817841385066422801
164 89430652643352339900472264
165 93804209987111485257723026
166 107815656466132870783378409
167 111772879867774760139262867
168 118710684252221419079925097
169 115830458424714254080956145
170 118750035106442712298376026
171 131017938599606671547838442
172 148524191313198637990792208
173 151032129222882963303890398
174 151922288562837325659081991
175 156734451803262570802101889
176 173421398990178553438695148
177 176777590859037349695882800
178 209365198896234659447278278
179 208120643563545095634969125
180 201726445992792516984302066
181 211813371288763533591194608
182 216294761058843734288048701
183 240974629181039860746257955
184 253198259003300001288305681
185 248350276218456201126875249
186 269852974796835605313539124
187 298701878266068375598077175
188 306759786959395479194550013
189 313455373390741466359018249
190 325750108974526504826765313
191 335083113886018160402829796
192 380137016465946956172371002
193 379339352914963224332388237
194 389481847418836489044400705
195 416646553253205964797611173
196 415966703571867511293352183
197 460955500307008799493988993
198 471590229101324329382600017
199 525782056702699166028302593
200 507908294717287943149648381
201 532346073503354104971393551
202 589451357008211100079073926
203 597997591342952946469063501
204 618467982802016639165095672
205 637940187509104956557992879
206 701786313501831423407988538
207 736791962214901274640555761
208 721574417515601146472796551
209 858510853122646252399226231
210 883207441952903946530924425
211 872859675659994000134459380
212 931581437151048328564506623
213 978832303956622066770250501
214 994266077780186069633004501
215 1012076160649964492432956882
216 1024469771681054965006689513
217 1114832606583078257375760865
218 1150309076025757864822580553
219 1176745855792014762634590839
220 1172710943056389274471517311
221 1360973559570797560448804919
222 1315012127846646657008570531
223 1415121951332127955022315203
224 1424132727796062115479218965
225 1454802354934520227174033561
226 1576205491887151466230651261
227 1603475601890868051658398976
228 1667161623342132938971377042
229 1739903510257327882491899094
230 1826977790035259550014470173
231 1873186498835041659089405378
232 1965011705917300467697058671
233 2088120461009283583179818060
234 2114697066614928739878033408
235 2291647298100527783012349358
236 2408196255185800325548204813
237 2591628057713857431751340866
238 2486004058296129954072882453
239 2495208495426561758980719334
240 2580628671758547096222042584
241 2680941759477049046727016626
242 2824578315264424169590820513
243 2955986477855483936635633987
244 3207258446692885756830007075
245 3171150863312319957475140639
246 3339890048534169481768704736
247 3505251375691265947742813689
248 3660720534064656069508483021
249 3708634751646929584020218011
250 3691926553021494244857101159
251 3939613190042848745128121393
252 3966373401182691078091193026
253 4291424230895007403445704498
254 4579745733175430750754809736
255 4587062231906345963109092734
256 4640613933120199452113693849
257 5051011394322358511196738253
258 5090056402895957712591263085
259 5427041714965226426573727850
260 5398423882408635392705104698
261 5602994571501621347993777356
262 6134910158532219082580164801
263 6670899751719877981720435793
264 6723291517507276184194056451
265 6400853121903619054986318934
266 6898261358123356075331508245
267 6769018664540143500164777089
268 7397839165604471730001057621
269 7410705757730448258751709252
270 7823761446247955269389295625
271 7637205481496445022940947611
272 8642192354716501371382030477
273 8142323615074262253678797635
274 8895660389850109437574778597
275 9334811513720803620130768345
276 9417024667053288125787242770
277 10075242773386809997247514421
278 9582352864447535170024505497
279 10089333128641460523184339417
280 10691122141342148661219048511
281 10495280814433973769707620413
282 11446865653535215707730915657
283 12033054696380364475988888735
284 12544152061911530836650246930
285 12681345900794697346921036546
286 12641754836133745644210845581
287 13611221852200868037435057051
288 13502018486364564222726270651
289 13520151598057551834800173801
290 14230061403941344011111111991
291 15259282007286015745974377199
292 15745340339579870454670132921
293 15273195534542488553925225473
294 16123358027683966762040678117
295 17504726351832571576624208360
296 17140475149935486500533402896
297 17461530975010554951717162093
298 18004466255854772028497312668
299 18917432079100543318205355649
300 20277749938086821376924463760
301 20326602500925601213885797007
302 21100437110709820598703242653
303 21208162747309317428105708343
304 21462002622260164332944897041
305 22615649545638695600817518329
306 24083481609158919709682866504
307 23454901094129166621101458693
308 25191336577617150508458414300
309 27213741492918768599902580485
310 26577965438280155236451952516
311 27194962588737178096834094425
312 28173705387770488461971892841
313 30467936497876247076343531831
314 29581034865476076888442863372
315 30771552393714682064409233153
316 31664861678422658107901722465
317 34009986345785540930047845977
318 33516349526440556619300934511
319 33841220413329203404367957113
320 34415269133512023227789970121
321 36830079433499465670707914228
322 35510260062283688946644678905
323 37972132642003503833470369664
324 39425124659115273575253990205
325 41567272762406311099913207563
326 40822380352691867982913490389
327 42769643375710950630941555434
328 44223739763135029507912667329
329 44711284511032957341116191825
330 45531512930692049997709012417
331 48271170226695808744777198610
332 49127905471504920800792916718
333 48882277367204083719865258305
334 50409406466311453558348123462
335 50598757351251781038816486717
336 53321753884699545005866921531
337 57566346960164139919411085639
338 55772010853491850596246623784
339 56349217081143149504965875001
340 60773510662913981502327405361
341 62250239272832761855690150033
342 64160853885111856138485679285
343 66863207106052811379914825251
344 66035748660894539883591802345
345 69671836343739218120847428399
346 67971741221965646254638380425
347 70913204801235012620015318695
348 77235178753294506156665844313
349 77566598603441710585659493165
350 76386872932582485248003935964
351 79706501415278432090761648489
352 84488439332497971128506789241
353 84286448069111729833029493441
354 85774206352985017241982732906
355 87688778943345661645940606869
356 90684450409179133126133217109
357 93548006567943411759159311753
358 93678102618447190524966222190
359 94851335417673620317811503891
360 99350232428699871472220190942
361 100277052409404990532820818267
362 104713364602631873085138893411
363 107166370406720262801388325079
364 117129980966828239191633627301
365 114759645749243029080952233941
366 115515005352433740212946887941
367 123721899891147352440932896550
368 120154565293195270409351406449
369 124920197524051269654575696569
370 131426311521441817997814119296
371 132178194658723518163606124929
372 135715963581302592067446189451
373 135812058576857978484833659360
374 139540149769173528599289767208
375 149953728199597117490556405699
376 150122103582779475095668830706
377 158047048255628322487041959536
378 154050923852128673974417451827
379 158087735425915582560061319980
380 162035668133057161216163647510
381 166178869186898489012704174146
382 168658084089317089707875809221
383 172374476060307977369506210343
384 179620609609805984585170165088
385 184056870550587732449867528539
386 185140424256479202079831091893
387 191032702630548693892973612310
388 195846543851568728119852162183
389 202211486515722506738860048560
390 202840695809153336391974084101
391 219790212716330846778619739549
392 218770954079273560178137472392
393 229187383943720205738672332914
394 223964545095602871610463305642
395 234833951441030361854331284266
396 238008343716084643543613498706
397 249812244481955081432788768381
398 246148182978646096544670548891
399 251742419168231527775502679066
400 255250361289322023988664789049
401 270102536831944634469798593500
402 279414491851374274175102989567
403 274633289451981984390881824719
404 282254736242640628503665493690
405 286087950559680122857112968699
406 292072853048863408439914643765
407 298406600160988414254944599153
408 302021441676198850947753804011
409 309762919689680649890454476637
410 323249053117852197175356610929
411 339014287938008225138667882576
412 338260137620019762327675489229
413 339706648248236337674013388813
414 346357683870980703725445188645
415 365887680935284533799699820697
416 372001538447776451717620154116
417 373266598646412802760308807231
418 388430055359470688124417584068
419 386598795075139449624727070404
420 397826650555172499690036315105
421 412924274701513085725343709121
422 406906436063456149697783342745
423 438960185199444030550358567463
424 434060688980459806438460284301
425 454331907776913218796402604648
426 464424051471994391538170748301
427 467174579901213463423447123051
428 472831662748763127167380715014
429 491736638639622020635611489471
430 505825086472904854123216351771
431 501279360144028941097838571187
432 513428239299497069515404242301
433 545766913112764408756015190481
434 543390426634418051085920142321
435 540753497389630004280413271621
436 552124833718824846660751457563
437 567563907509110937273722419505
438 581123334537511506658638781448
439 606098485034933917791860451817
440 606445440051893049684137407873
441 621568841279075027643063887350
442 645993483097419508697856646113
443 659558445012876413609657683044
444 651142137340380459023134505365
445 671736284994151673008099439041
446 687108692067446798728100997472
447 707941931502626750633482293526
448 705119172473452032323051989491
449 733037585706993242792781576561
450 733232376810639410232588817777
451 762156967598546005511820480529
452 778131658253293812735893658826
453 790472850904688437937419409329
454 828456546426319764513541026172
455 842138675862132969108001628787
456 838568706278032074281191371495
457 852933123152915936648388891505
458 866610047895487715411713666321
459 880794852795693823172943262555
460 912056536317661302675569564521
461 966594861074693929487615026496
462 987337485669599053402819272258
463 958279824924374468221451440291
464 972889541332288021863533881059
465 1001128048143421143048128001001
466 1024854589504261906878224668933
467 1053855190092891433362092699836
468 1044587322762855946011348769573
469 1104141382639731148376725515217
470 1092202840576093090109512576897
471 1160925721271607162902260071193
472 1202226295254197120742902864113
473 1171968521279063513382342119911
474 1219850118691000910927187796697
475 1275767815994961456820567972498
476 1285409710989688432449749874823
477 1274787859857418943355776687407
478 1270343098517405548355385296897
479 1284431502654772229971013707451
480 1305403420566953970962921558273
481 1399718265276935189634687015052
482 1386892650715088969677046908897
483 1402330581355282562889861165475
484 1443208735015728345227127308157
485 1448696978540991214005873176807
486 1477122105165879901489261905256
487 1579313504116919021334986406493
488 1535145543164972443444003074448
489 1691627034701801067476769964501
490 1615108721418148888390824850313
491 1673790737349358548807632037713
492 1665406855257601289192578311669
493 1719001377892379430344001834556
494 1721736467828391525772699810841
495 1776427713956858188924909610947
496 1757691188290423886275981667869
497 1879106626621034262991558905612
498 1929392713620988045233476882743
499 1900940679249707981313914391283
500 2078726082622828566155583605926
501 1981952787028532753524258325471
502 1978213267781634771088268337621
503 2060267647831539713047994342743
504 2164134022045795998220067178147
505 2112609793164680102125973742307
506 2172598426112205835487735819281
507 2169800283989067866805287165401
508 2258009217942897527142158140977
509 2278124463468428913130366401206
510 2416585929057318527194085148841
511 2390260730822308728086713873534
512 2496775433781847226878146950557
513 2390267138614527491390387945800
514 2580502541758479330810929891688
515 2535387455763241067843488711865
516 2603542973249461765865495351200
517 2635728953749309507439912141947
518 2764768980088315853915702832505
519 2730548858674658379538075846081
520 2850685196951663144018344630801
521 2829247723155572412344065694049
522 2883833355351489443217656351971
523 2952919353655855441924460009827
524 2995563376467294036866216440836
525 3052212887542296425718791377825
526 3032174403890859063294168808879
527 3114383754258880004600521285117
528 3187455284591651264172736633260
529 3225805822836040933059612075337
530 3392410867047904860258675244468
531 3352566981918026338384862608232
532 3492512636544268824827730455377
533 3427230273237813340788608084500
534 3560814410541945488602046407241
535 3633287161736220185125000663153
536 3589277604512515352409499776593
537 3803358100566212802512153964661
538 3818609118147846466045065313473
539 3923396958992797854067638998831
540 3860845001574667919107387917969
541 3887548338221440815621518015381
542 4037309468426599852818677349391
543 4373790104208098356337394712163
544 4247257554899965982905515404245
545 4423223837935301324530668603481
546 4344304099783753430131127567521
547 4392370707874650260620799120803
548 4624603170650726510125178559436
549 4458944583505840405044399494428
550 4608865212843332084140054105753
551 4817905517616497117914450851425
552 4654662144879925252066961059829
553 4964206021875317921661651549811
554 5152473378230485679018027317993
555 4936675762424825541670151203843
556 5227811598344948604959335298237
557 5149910965290674540661051648489
558 5234266028651522394238830832312
559 5359169333821609130260756921076
560 5457669208470437173823104681377
561 5661255416260840763652224008747
562 5751415350142098875659799438242
563 5630780340509834485951972309369
564 5926621289565128932945731094171
565 5925403099003620236649424559301
566 5984876895600814296800667625591
567 5945804359768481273590205260771
568 6196740088695204618602442720001
569 6334795168578303375833925119519
570 6486873539142326305210666230370
571 6526761869659913875247228115016
572 6564123428070845923179441838910
573 6850763826991207885752451657281
574 6684608160128213609222751748927
575 6953019979945735277546266443752
576 6915263708431089561904516293577
577 6959572171292839044138986905379
578 7140080792003907504879786305564
579 7197545691150911019910562168587
580 7681750203103871341655202689101
581 7821823822079733646326454692087
582 7774624917433662998217594317269
583 7988768933785069428060809543485
584 7869660516042689255625563665891
585 8085386863798991411594869820782
586 8072442035302073520435050628769
587 8297579034301494620673132023745
588 8464213153071443082590986753999
589 8488476188584258974570152389053
590 8965079236202707987445384811466
591 9293826081527966771123816355661
592 8884600622013808304499030396418
593 9179052656050837887104540087521
594 9041829561469976850551353357411
595 9172906205685274376522188325089
596 9464519294433809485120739957041
597 9620450536142397325635947166699
598 9821825258224159726670982700681
599 10158023519358318737641779774679
600 10166123725552588434868118240050
601 10139375508147235238572620047161
602 10633889522545955012866154337105
603 10603290140291768940272955363787
604 10513674579464525677742373082981
605 10931797573368072182618400528071
606 11059163714889927769999723534008
607 11207543972368992916936905393817
608 11410848890912793719953811673901
609 11731537135662947960285721250583
610 11714534233188832601342270922328
611 12377059680769273713012529349205
612 11936270863978209378723826883326
613 12341607867353063443802318605237
614 12382218077702823379877261869715
615 13151460797808266880259803201532
616 12732713749126080291374120976573
617 13228825344076061811601746507673
618 13301448775282455332526559796079
619 13405538240794556486996445993936
620 13861800104224045406049829375387
621 13708947681618029798954402711869
622 14374617391500443838845497292617
623 14295500046926782187311627396716
624 14115141579977972559922470904258
625 14724923978541414504848366887693
626 14665783924536487365269316099025
627 15246832216024429939255603494398
628 15793230095978728983852342467171
629 15423819034148095059018176604553
630 15763741069340434084203820419160
631 16117163529240008811085918493238
632 16002176735360683210946894661902
633 16226314241722775593899504590010
634 17059666422690184941797661858501
635 17229067094551704247124412723952
636 17161999324241037811581964576081
637 17286108761365632669415294448530
638 17812467903883077031746441528757
639 18008025702635487259717192095409
640 18264932825517804174436172420153
641 18887056928751106148451969548901
642 18717656164701906969554560315221
643 18979038392990486053817815861797
644 19717326236660250174535994506876
645 19419700532085167060074421642305
646 19866251369950795499713657405181
647 20228367871226549050395531108301
648 20626910927399770408965514276209
649 21006322177390647441899032019896
650 20988736345592319423646966771197
651 21215241132759567444491344166467
652 21201737828373709524447640711089
653 21823118192418391291311032622961
654 22067675959704318976170595505005
655 22194153554059110542752519086101
656 23111644598870741904785126538179
657 23142632192475696583920864434035
658 23677133989796300918421653018457
659 24174520500038757938996853825397
660 24074367603542896029140594278725
661 24156573837869636254607896187501
662 24415664091191040808930343172481
663 25783106365794032517948141273418
664 25131942077986149822011600814721
665 26179987141668895840050530254281
666 26100609908947360923150749491136
667 26735627771918355745691344030521
668 26867602413503582280252676878415
669 27210873570108770482145934160498
670 28656536010776279014456431421813
671 27760703609519930048437441561307
672 28219474761598367274568572229429
673 28375926793414494651859167444197
674 28816294359945383713254601456718
675 29234030778314034162239870238616
676 29414456139823691729068242256947
677 30625333639914414395680110670162
678 31277567308845544403843492851071
679 31163565252290130900717175674241
680 32170151851334192225075546572885
681 32571714372256420782142067309559
682 32555708142713485717899231718966
683 33093829549862813869863158877705
684 33037037107587393156133127861175
685 34396043904074416624082551292225
686 34767928077555099780287881880052
687 35142551649717684953996061457501
688 35700050391646116195643658166751
689 35766795199296245696825489976701
690 35576909910738362052283654436731
691 37112097370132855189970007943861
692 37495752871236241085670425688913
693 38128789597338788129317110776245
694 38518484187895417397095402069441
695 37903538142115888411392808867827
696 38940520047206774589458872185033
697 40147399801171340893955783329996
698 40206993375935219308149419352761
699 40808344674330097169454311858164
700 40901532748455921240584284378183
701 41959036685246384724520532858761
702 42351594901001180328042183993164
703 42301376687073856706766538560065
704 43575570575237577575861929045063
705 44602443176875181322939701404915
706 43801484832698583777470837136312
707 46088389076576046263397947389623
708 46034786956191413410794928677247
709 47551872429643946981134746852216
710 46920922821754012792265027210767
711 47533612467154004263912528111739
712 47634578577953397290997597139479
713 48255261085235997744811897476910
714 49182337316350142739291763111501
715 50533000347425969753946003018841
716 50484405982738165392511354249481
717 51821553534658152891534318726115
718 52790668838476246858570979388913
719 52999981962550512777560304745345
720 52993677248039604857422905781152
721 54697444105675222201279965495550
722 54790804457829299666056449411071
723 54914547991588577837774760397657
724 55928635458668649575564954881581
725 57124020276965587140455047904689
726 57131630149601745691720904699293
727 57345298493980123967856673516798
728 59116121992672809185391510650131
729 60471442537492587888807331443270
730 58865835834157874509628460998857
731 60305042083959411246479677073971
732 61869260745203353999630338056651
733 61964555478896381182397875974781
734 63128117702143254943429440661441
735 63039577644657577281009444735191
736 64823979343118668715981411487297
737 68734434607010352351531914905433
738 67526920152542209719037444779473
739 67244899588021372636001193430133
740 68606172277968233356391409103789
741 70557985873403229758089171878451
742 69051771893394375062607151291552
743 71303406148912687332191652084528
744 71280696961707881639537376802099
745 71421315344252977248027127781025
746 72895314235390161782487157098626
747 76132588135424888329584260124376
748 75010801486535233002607511044315
749 77641758089137076665609753288687
750 77226676060671115944429064637153
751 78534812699995539996938013691781
752 80207745479579044021100372454651
753 78950816118212673383768390195098
754 79713558838080012621596762412400
755 83462357338797911436756135457121
756 86212605410419425008675630803095
757 84821301193912161148850429352777
758 86028951506915493377045997367661
759 86091313406255167030395357578646
760 87388984912003560146299806806093
761 87280289549833882415411720196880
762 88894064946648559961563130705296
763 89410879069864382276107469221393
764 92728645498857189356618346407125
765 90991719234425938612069914496001
766 94533210376093091754166405203245
767 93593893003806210630316056417105
768 97636578670700679428249054029299
769 98121685690326726882635272972421
770 96573337975304933644221087891680
771 99966448663871583459798706900134
772 101588374718540129408304400632316
773 100446878617031112725639544021986
774 103846447518462038588416765412521
775 104261008634724314329079828831551
776 106018104115764680399240571911705
777 108857409818064090074825504645001
778 108648655675884025700276774972366
779 109202312774423908297381817930403
780 110119437772965230175569707523201
781 113223322446430449760216392254973
782 115258333980460524317496040580514
783 114279813274311612236138657058781
784 115698800310129819299923261331279
785 115685983757593845716833679244695
786 119916019049144671303032728924020
787 120054582206608483037760628432207
788 121245967703220166219156191123956
789 123678642567165674177489537357073
790 127102748364926165478046279924895
791 127512324484151136888451984119481
792 128822568609535660491785146711251
793 129464288756005434301642641668201
794 128820032549996033720112112914376
795 129772925771665685921220876636499
796 133218870211988329088911409173608
797 135553741061164882652293960948417
798 134972160040804180646845079386657
799 139458567969339861065060145731005
800 137598977842469901009883970294681
801 139956517534034484489960345215989
802 141890399364627557213186267413840
803 145588668287073708239150074848901
804 145038218727928300093943082527869
805 146748003246071237872092065058617
806 149192875325355395501634723827965
807 150882354794008403332815128625601
808 155588467647929448292149436678873
809 152542743764892194808374788495939
810 154403173754612893344738190703886
811 155760414765821832018961742080969
812 161096165924555238068238765005381
813 162895647394375740389456992894463
814 162277549940285401558195058553883
815 162163222791057813167976219595931
816 167251562926676030546061952546789
817 164955421451171288770395417925897
818 166762757626259976058898671384897
819 174142849670250904425398202938976
820 175634447350366121072247428805976
821 176802509415755194146187686366109
822 177669343160519497899774699520121
823 182247956792440683138797331159121
824 185011005568042507150369100201341
825 188223625106688667116872717347081
826 182393025846215383830574956987712
827 189009511507470953566471834090994
828 188819425846335483750890030669913
829 193593970299067086129908460259651
830 192979901231357084302715469459613
831 197646423062310217751820018242497
832 195187087971425797241695417527427
833 204949436425099902800463729745811
834 205641770140055190044872812354395
835 201959596444093220922158592075101
836 205235350026876601700156056992429
837 215032226422684417259092965942110
838 209699499768465437450058766601099
839 218515762678663832630611190737000
840 221398886333888814134096578149409
841 220512212779735480764362389776907
842 220910550850106814242392058460991
843 220467681070588664176610653151331
844 224436988118431434551138838814499
845 229797518261687207463945626434129
846 228067206643665292667080948693991
847 234668296201188086999062064234513
848 243423528597536628557490657798962
849 242542580577591448478064612660790
850 242568052293338418599456966951359
851 242873694454038017528216853542872
852 246641120078656148027307433466533
853 254341022576612989730250401644507
854 257387401632136436721263414072401
855 256740673579630774823637890916241
856 255776662397361520897259958721261
857 257604699336242389582496828517619
858 267967232769512026801029658882249
859 270391139573099499873516862939054
860 268835955589527849946220070475697
861 278398446057780378498613118989615
862 270054179652950377841891721444501
863 272606448794453568273076513129153
864 284159297569321994852974741256299
865 281024469299768320250654368057297
866 284196728652899037575093666870503
867 291883734259469669495809875345899
868 293861444157515147178335891613481
869 292557858077692441973231804169937
870 298957179067901111553241520596342
871 303998245021718040128644281107149
872 306165000088425947780022090787951
873 315974811812044470903638674812635
874 309310068907316359367268160845587
875 313100819185429347467075333830321
876 318604183923590498796988526538733
877 324975873054133002750081504364381
878 323470122946132512076572257410879
879 329131786252041491697627007809374
880 334433649020895086497025770906681
881 332207350446887824552387906378893
882 333461726487137001337124515860944
883 336235683606650217289466180754470
884 347831300547890090579842853536366
885 359979622667153098676573946227992
886 349384284905408216867059770052017
887 355005494781750631143340963431911
888 368187565025106027703055889785335
889 367514902530058067026191828918715
890 372364183622619574361988357394855
891 370759080461948428797032408804041
892 370728323680203802173633354011599
893 376271224643023213736729419391969
894 380685993252305979613296843076851
895 383137273456941037372715222231485
896 393747266774187291037795039482974
897 390788812281845390153978082141769
898 390129730911086466182135147948033
899 402573997508694380196822706354888
900 402344016189276872964481804015390
901 403362321737818484471969716716765
902 416019515151336848157599848368757
903 422193733690413142695641605259345
904 422434336086421514634438433187251
905 425467150722965972298949768937553
906 429250179266310986182719083305213
907 433140654122781983743161931509831
908 441196704131638936662103856650949
909 449558543748288588905588000520688
910 456375417145717377910416454807133
911 455278550423500987404901804582648
912 462291669529486661443762711098970
913 454672407398953731022825691502081
914 475122880855556097839067785085517
915 485396620447220318744452903055181
916 477543975357390370824069199910725
917 479388243957417637003289045566576
918 490816078511018267940221614433311
919 488138243035659189559280845208185
920 494347691983185048711545956869363
921 506895580571881932973669655774289
922 525667209526415667038382034758835
923 506250100211674969465107469909579
924 518013394996859538387408066217129
925 518231283294321477261324106857221
926 540683019220377901598380539866251
927 532720173736353053118674552528737
928 544790162074340226659752648878751
929 549561520812153270138170411523717
930 560375600956723159958362015498413
931 547869058289978403554271412675279
932 554533804130498941617990054911601
933 566962405000525722894137080566711
934 563778460703386532238129670541341
935 572441492519465538493566747434728
936 585431446651369818990284186479081
937 581799465643354313141534073662701
938 596443723385726727328627798494343
939 604808783020962469093078760989626
940 605207656856961145672962475253977
941 605916585594353888556635081648606
942 608973951152776625398312964867299
943 627703426146993361517684039895489
944 622041214649345715454698137260063
945 643787252545751519074785958540718
946 635310128946013032202345102781755
947 676001106726457859063049787881796
948 649811650035257831704140166091101
949 659138661447754000003354114307631
950 667920666678192063656257137126871
951 686094692223597682628385316481281
952 672157672036579273529554891089679
953 685561845341450455252870223487361
954 688959572088055054847605073121985
955 705929482394353796077364905772773
956 697130981343650121764398314059909
957 716687941411413970879772539461849
958 732369391540636183822605154383877
959 726248264766888040849058880747952
960 732252081284034666278073895182938
961 746337597867556400433123109986039
962 740313527173554221857986868805009
963 753309531674948325027831232052800
964 762656930427750065147346008260186
965 759660057993641451784854426182824
966 790440872484868827807847101938827
967 789293869586792510831968573724746
968 795029742701305141154822481645953
969 805714756056423574771606060282036
970 811570851308523389264033658795497
971 807023199033696604152894050725025
972 817204350758731235981911594229041
973 826882361169046680145599455352419
974 882814292189410253357946462150193
975 843887648793597029272364707232961
976 845280139628377503883904190598297
977 860017505716757317827547399428329
978 882286555678171992392553807834922
979 886355799948238033315004231232710
980 884055104233374350225310867176046
981 908006574236054082731129972949591
982 885373619139263751455202120143128
983 905491771073758295929129688040501
984 935161365095200994263439337098821
985 932257857813749514225047045864458
986 945303705871530969354404199903018
987 940624222579429593799612551306727
988 957007388340570129207843224032726
989 953393548405756109622783085113296
990 965234686451408362302015714372809
991 974155589136788329337354920495901
992 997691124893094564515241187691909
993 1008869637190146804884306415718876
994 1005200418374590672294158443937586
995 1003986165135474668843327393209441
996 1017714570237545792376530128579507
997 1019669429312318740874419217828217
998 1030453538706435934707384198588658
999 1064009443518522382796622134229574
1000 1053060689257806830086714950484031
