# A216902: Smallest palindromic number of length 8 in two bases differing by n.
# n = 2..1001: exhaustive search over base pairs (b, b+n) in increasing
# larger base, meet-in-the-middle with exact 192-bit arithmetic (gappal.c).
# Computed 2026 by Jeff Sponaugle.
2 2727014580
3 526323690
4 342324801
5 1125252600
6 2373480208
7 128982894600
8 72514770528
9 47794089850
10 91641847675
11 300187699944
12 292567324441
13 2529713006600
14 342239511285
15 1287696341932
16 547092572736
17 5557844924016
18 712349571200
19 11966057134460
20 1178104962402
21 7904949656436
22 7766858560956
23 14901061305594
24 4273248978999
25 19535678555360
26 13591259738856
27 43259525126802
28 10204283000736
29 82613791490358
30 33740044574040
31 112680126330846
32 95244695221056
33 233027239764132
34 76663044072720
35 291938651758050
36 42763269642017
37 403322384040072
38 92787880498485
39 352634141969956
40 163948403802560
41 972679652804850
42 139582689060465
43 1172123224655106
44 223758947033160
45 545372009689626
46 964844412078336
47 1711990145317320
48 313573409137176
49 2924763291653364
50 552416973010084
51 1200562806654978
52 1073266016551408
53 5480437283464440
54 435875549805220
55 3554013246772500
56 630753864524928
57 710850838120500
58 2952472691628615
59 11619702606622200
60 933102116679252
61 13370953772266092
62 1951616684253151
63 1916258709097720
64 3387051646682496
65 5360359123964040
66 2895191627326768
67 8380268882062176
68 2292597198925176
69 3920586565636098
70 10028994169565280
71 9150255562470414
72 2895987130453120
73 18696674406296900
74 6409058262556096
75 10368160529186304
76 22180368832990621
77 21407689939383376
78 9389365109346768
79 53388963607431060
80 6771332025797400
81 15840562181254668
82 6921267526599300
83 46473877415583576
84 8391330138063366
85 11796379485275552
86 11069700995468928
87 7664020609243086
88 8349436162305800
89 154707068167752240
90 13109065980938400
91 73220027645178414
92 18624373247078560
93 67043638045007040
94 15583216467946380
95 33952023264911976
96 24595676878683712
97 130749594899854632
98 28784678798302560
99 21541105501939296
100 25781603190700585
101 27788820880410486
102 26004033967328781
103 117386236472719362
104 87526482354171120
105 86029043021221860
106 52377602331318745
107 178267945275766082
108 25758090174043020
109 110186069330616054
110 50759705817494388
111 40325450916831678
112 60936135807020384
113 42680260455128856
114 55351647382803499
115 107421344624501190
116 199407087670923930
117 136799399679633768
118 153653963249618937
119 131255358186146586
120 74152917469615164
121 295867154696813700
122 108371571813598800
123 96679516198165160
124 134144045385103665
125 233194741008355126
126 156417061124134080
127 150076806152245776
128 256044352333930560
129 188041576224922476
130 155477920722100977
131 565328880328266924
132 224698499502583492
133 387443984835076400
134 97882654366489852
135 122726204816031576
136 107722951952853056
137 306809565328857576
138 122164825757908176
139 683822290105137962
140 170498091015865756
141 507948248470502916
142 155052773408121304
143 161617009014554236
144 160720284271553280
145 172743888344212070
146 181242867550318384
147 458363875164322750
148 338496220195588411
149 205741553533840072
150 322315955988493005
151 225864303052369332
152 242148139811127136
153 245564829088541226
154 292045146744565984
155 275528410182383800
156 283597222226241456
157 315486527757884792
158 366629368593280276
159 339535367310828834
160 368157371269290560
161 404238463403995990
162 372275900975487312
163 388704018064888176
164 434495267137540984
165 443282455005394950
166 532001949247681104
167 493268494179624274
168 552124921042729776
169 539956159060065358
170 624204773024794788
171 543536250431867892
172 570557402943231040
173 598799418701468926
174 657311480797216152
175 679266423325834400
176 722522279420843968
177 691894396807938852
178 872739391138020856
179 830882190493627546
180 808871192705135160
181 809083808465567172
182 913587091042818556
183 942412188211361646
184 979117633175642320
185 935081617042483210
186 1102359111963194268
187 1080473433678818630
188 1104937300739961376
189 1086233570985746106
190 1270799149498766625
191 1187687062560900982
192 1212714135277559808
193 1257723823462198786
194 1345418874849329596
195 1394752246453049250
196 1690224913320601672
197 1647849239809932664
198 1648013175570441636
199 1583060009611783956
200 1793565503264346400
201 1697746548738305532
202 1416278868432737133
203 2203377143452653196
204 2047199517450012016
205 2147289776246340770
206 2205299171105984104
207 2118607426524498372
208 2207987962865096256
209 2405232475021673374
210 3012990735200017176
211 2683016218737847168
212 2772933623658487000
213 2826287597581747326
214 2879149274252846148
215 2762455917892984600
216 2387241737078653140
217 3650585024710966846
218 3043737986757310816
219 3046468907505873078
220 3294729365477442640
221 3297763611879454432
222 3536850328939344996
223 3622355390198780896
224 3360691851398315721
225 4206357900789693300
226 4188379370976783368
227 3978390845880883714
228 4486759509332766576
229 4230118265535156420
230 3930950920256272192
231 4846909693030646472
232 5537166057884084704
233 4923784192658243056
234 5150935408034872404
235 5544642155312889630
236 5220913593915433336
237 5715610749861426888
238 3754904076599401800
239 4988032538831082000
240 6333187786979980320
241 6282733192844543176
242 4639436389125901440
243 6656755190173188786
244 8345755350756297760
245 7739920794292509130
246 7035156157756737912
247 7632629803857433388
248 5406718825241015010
249 7540371736951420914
250 7502022606149769600
251 8100264828854482132
252 7072497757903681257
253 8158245054259671972
254 9211429445354715112
255 9047819305679303850
256 8752323998965096368
257 10001345278263348106
258 9743268659445559656
259 9702557226706196160
260 10445549811406713640
261 11141872175740963158
262 10023923299632924528
263 11928461319699182476
264 7668799885707452415
265 11843649292181500860
266 8830889819689809816
267 15484631419239888426
268 13509539389461393136
269 12408312208707957676
270 9010972054308847440
271 14282435512286826886
272 11727217157669158395
273 12035819259988409080
274 15890505619406375552
275 15825566593865472400
276 11007514677563673880
277 17899822470318552506
278 16304318641789072636
279 17714924031391351920
280 18089308533327464720
281 31414731659847320632
282 20004331597038830760
283 15895618474883717340
284 21613439609867808424
285 21650948847354189636
286 20042192351942173556
287 25509273311306663326
288 12687177789287319336
289 26443723563340021312
290 17774481070871548101
291 26693148342947484504
292 22998473122211642320
293 24293862632915542486
294 35053516762541456544
295 25093070038113848490
296 18985946484156445185
297 26712606338672307174
298 15242766354474546249
299 27145698113264450668
300 20535184043220549725
301 35604298120344731862
302 31859581555527170104
303 30258562635484597536
304 34062428886884535060
305 34140097704044525950
306 32163498698816776500
307 33168890546763702486
308 29275345680172509120
309 34711861490823080388
310 30749638043637480825
311 40817107255160828548
312 27722683177487795926
313 38269212459728916876
314 35242280961653606841
315 24328079017206657420
316 40281456440580252160
317 47300920960783728754
318 48418280217816666795
319 36331793160549645276
320 35223670615064817888
321 51638787531714282390
322 45591615727116858840
323 50266622585741565136
324 31478128675726531072
325 49798817966481277200
326 32356858593808758220
327 51982319926053238800
328 28224020628034435439
329 57180739984106744908
330 29588893406537101725
331 83606879420906162506
332 60924261583390152520
333 59043172112864858556
334 65890593239029787016
335 48439884995877983256
336 46165654256372179840
337 69624185588020595760
338 69058969660299715876
339 67268091879933921480
340 63048697985404675050
341 45157171804164409600
342 38399716862810428785
343 71511189743851428046
344 41118019318125983080
345 77970247279922616360
346 52694896300340060508
347 87251459532834630034
348 49793103872763103800
349 80740484074178583802
350 52935574779074867100
351 141810949841245402770
352 55289935299564348976
353 97002558915306480976
354 50404436515341417025
355 90972491532485633830
356 52925689403332386993
357 68738050678593018240
358 96492143721002641756
359 89569384029326072730
360 78317379007751128900
361 102296399119803516370
362 106742974650817967164
363 72442463980070349270
364 108397382998657792312
365 188203494696486548410
366 97483001017230545301
367 139034289790749610418
368 88447942970480888256
369 120487019476150853526
370 80830758101921478120
371 121867176244782101952
372 79268156307472145600
373 136640805796480569006
374 104740210336777625280
375 76481267111736864300
376 114017272238093489280
377 96867491338858674456
378 95270150365350209200
379 111379521276263527140
380 91228033956337090560
381 158526863727775709538
382 95201358007326696301
383 194678867089215195616
384 92448059728970154880
385 150540978536003080800
386 173675239190412039988
387 179448434679835296684
388 174784568183168307776
389 194120500985825823550
390 129670065843871979475
391 178866067637827444810
392 126856096973446232175
393 172195199053397209350
394 231430713637641135456
395 198073082499605526640
396 101723239916304638400
397 195643643372248526652
398 208856891410836542116
399 152363025521577521710
400 217959527009280213600
401 199845279197930991274
402 153815640739735974945
403 149671551270959256264
404 230149625630476645408
405 239545662607226936700
406 228653137889348752580
407 139120535810622990780
408 116837756789235435136
409 132204322788580055620
410 171615530260756969500
411 158346414263338292080
412 176383394501205305736
413 291071800789994336476
414 211719901127498885601
415 217721657912960151720
416 190367280195133166565
417 149700243149326824480
418 224658122396194124352
419 317482377792675588712
420 149737570697965851216
421 314176717314323664076
422 359963107972460001640
423 191665774728128680980
424 171827461521667947381
425 229034801342388146490
426 343783433503696757112
427 362422168309170977056
428 344726128494010917136
429 379819238695226236764
430 311241571340787959025
431 364746248914501286134
432 229352495389093315800
433 365358297765684795106
434 188304224174812744552
435 424510643867662071600
436 299253367476149645160
437 254131793957782809684
438 198110636067126749680
439 327407279451497967428
440 189293550180807848952
441 415309754830074629490
442 259635977626273666176
443 448756863175895674666
444 315910835238105958284
445 365723562209970141716
446 224584113422774885472
447 452905473900092199196
448 330880950875759007360
449 439418731574714544576
450 265942341231115386960
451 508650256239777092386
452 306185666614783693056
453 516847788622210002726
454 277311721202241738640
455 325120647956032744200
456 278293903708550879710
457 532981572278584234642
458 423967228957507092957
459 443657059863842708640
460 298690752060319418536
461 619585915607075870302
462 301074672915285570497
463 588442321529250403576
464 346872346422288184645
465 606460552833452185890
466 630048350347382408744
467 386098654322506599516
468 397430954299130847690
469 658994367863372909606
470 377312636176665036900
471 507111731461030538700
472 372970139828877139692
473 643865882039094180180
474 420893338403753301185
475 731197838666626679050
476 471352912187302208856
477 747351203461203330522
478 586400706727920035345
479 786986381877144285046
480 387821347772413543640
481 834129542519296838542
482 449965774774553860944
483 573245009283596008576
484 472368655741324735701
485 543348074027621428720
486 609203382704744425924
487 1052626672231202534978
488 418020657795911224180
489 623442209375761807500
490 411086183490963490125
491 370744153737660380860
492 417683394024847829376
493 837543664237966881504
494 493764540897209453313
495 552117336009066840720
496 859710212623790069760
497 1048841360916083560462
498 593746776985692345301
499 1040095161868716500848
500 522021011228993332800
501 940756328398784447244
502 1052565087324073579044
503 1116123395163747171616
504 502933619320214771700
505 1147594392006988359810
506 743705582414012790840
507 626579288857042236720
508 1056874604732918060492
509 1248126840904634308018
510 569309375930528603952
511 811148556661377267564
512 810612771577970432032
513 682381297241962461936
514 679489834875362968380
515 1393312743743682547990
516 672413597637440279544
517 760797112466108262280
518 727688286551044184940
519 824461659472798546870
520 680570121371268020256
521 1813310342576630766616
522 773127762248554801920
523 1115617106101746488640
524 986194865234841273946
525 1137543989753774293488
526 835251394889261390600
527 631454712647390429460
528 731283888670659365613
529 748621465476568822656
530 639322091059242585988
531 1749900093335051726178
532 831225912349635279400
533 1190802481451890292568
534 788063935060372077471
535 848075858063465116800
536 877992053500115244880
537 1436575018648049389110
538 1676207507433927736632
539 1003672238544276848352
540 936408924482226995250
541 1776993166466598211512
542 1477993523753484166144
543 2199470329358859178056
544 1029403067531539579520
545 1353945518945354881000
546 918110429590009483968
547 1948936862065812815330
548 1688187885490472476705
549 1018576984949661135376
550 823481095966936243848
551 2050876130441001182134
552 979167076950042649356
553 2198590177405836236036
554 848712243882818818404
555 1761290023956353455980
556 2414748239372319581248
557 2728208559725988894934
558 1066245848147454624384
559 1297753916495559257280
560 1340483331568047795072
561 1957953432200627978416
562 2195162695302926277240
563 1523995462235995172074
564 1486521193395235211550
565 2408009924097030430860
566 2203453495049541401856
567 1722463505135333118720
568 1738742902296191573664
569 3244557492395589908434
570 1184927086249493722463
571 2830297929452809765524
572 1002942330330942002001
573 1003371418620733566456
574 2833353036032202276376
575 3264929081690918440590
576 1189726050296799814176
577 2747022100223593154818
578 1864526318113590178516
579 2064717758578893399826
580 1486032025805114551232
581 2722792740395576655846
582 1788858759176816509521
583 3273690141998682855636
584 1314862399926625002960
585 1776745830876469915280
586 1568895064792998731199
587 2682742931481117305736
588 1417909835441391197256
589 2002168946465575364400
590 1652973558506550538200
591 3061153597005496292280
592 1241194138198113369856
593 1822270856440052780428
594 1649073625404456429900
595 1710381632705267012400
596 1632700642827473727717
597 2728947956492464323230
598 1496117786024698203480
599 4012190796038876154460
600 2032785585846788372640
601 2251126620913374001584
602 1755913060431047098945
603 2793739676521000844160
604 3769780902326790977340
605 2423712361818690342400
606 2315998937271561731072
607 3917069563438232719954
608 1697986186469127844800
609 2783090729500145508640
610 2419869227519133495000
611 3632575672444767104232
612 1900837961012551501248
613 4196162332546678425226
614 3169481435308101423405
615 2312901606901337762796
616 2199979172562024332745
617 4391620947307969278418
618 3142244988509271943725
619 4631673854520160134452
620 1992864696293296844865
621 2112625493939151318592
622 4489546336193478254800
623 2805754451205455627956
624 1867204614041427620232
625 3584750556298243821600
626 5462750946711365483896
627 2319901415138477771700
628 5200890214218279736456
629 2646587002088460629250
630 2906966765186998493112
631 6094500259233544675804
632 2032227006728995436556
633 2108382382675971710100
634 2235357055760268531841
635 6536349618780404487790
636 4776032219683163985810
637 3813986214467098924660
638 2554735028242844830240
639 2957342895160523051056
640 2486829155044168063800
641 6091938957034095621898
642 3508110398781449781265
643 3778376193821005603200
644 2391348345056090433195
645 3640160539202845846410
646 5180965499398668051240
647 6670944602439114288096
648 3225860805999506129280
649 5677009781342618683504
650 3376431109570774133385
651 4100922779731349857022
652 4843601514556531135409
653 7341639671817820632106
654 2930868505168358315076
655 6129541775350113009344
656 2689802270029256006352
657 6020822104396907911236
658 6834280169696259626241
659 7287380653488440890990
660 2398637593949570891820
661 3328613264247366362516
662 3812948862959293939756
663 3443958733117968354024
664 3252264839949381163500
665 3174386882199249957940
666 3326656610551954574125
667 3014753218744934683800
668 3046120790455966475889
669 8217334471129557025302
670 4600262183269804044336
671 14412701480905062771840
672 3297277952868373547976
673 8567487091820073882666
674 5613316716695152845600
675 3398874470087868942192
676 3769635887134296128500
677 9451925532035861383642
678 3831109203267921476511
679 5758914779717546681696
680 4974905411484202992336
681 6580349843480884147224
682 5499173277092274116157
683 4803845176169711873760
684 3613257448303562680881
685 10262028925892546282090
686 6129809333641039892625
687 9318052167271222992222
688 4528977119014532620800
689 5716318573516113227544
690 3910020544531557127200
691 11209183838477485987980
692 5096610023194775075760
693 3390176224454110670700
694 10545952370668782003920
695 6739060640715165994300
696 4405470381323407674180
697 7624891329329023908340
698 5629031983899014611536
699 11199481245305946026200
700 5233191079359065707500
701 11230058398783770737236
702 6301033163174932831935
703 8159417845886486808630
704 4613978674842482446336
705 7442792584107389421256
706 5295639388367676157497
707 11390859995256601336792
708 5003821389354442090695
709 6717197745034245444430
710 6789045822337161279648
711 7753833413360025502336
712 4534624521661870261440
713 14333838246450192124426
714 5144265342641722866660
715 7920955592749879567360
716 4851044317240026772125
717 6030009461731392380400
718 7980078368774209004671
719 12337259275939128632200
720 6485872476942976611060
721 6087741230655480931920
722 7487123337315867773920
723 9711561791997363186346
724 14703505492802200689496
725 7756196417264369902752
726 4748363981307085231279
727 8853427763208172641332
728 5758932010965010213141
729 5941888616356955489880
730 6239245508608670125855
731 11085885953699586109542
732 6661648594952794046781
733 11579941655629924386480
734 5874546105654870158544
735 7481597643125026936900
736 7323047169599292405120
737 14181773752309163497420
738 5796569248786518882561
739 6430232737550343843198
740 6104734762859680996965
741 8378743061998111690056
742 16470805363103697264260
743 16127197502889924370756
744 6559224601748703793150
745 7645202642446804950750
746 8093151778405759942965
747 7520236037349031804080
748 6488353638972482463808
749 18912306859038270042652
750 6567835721569299205600
751 21154634394364521832658
752 9389308488615047516076
753 7047613093621274392680
754 6188154846212237939469
755 7125029910893248921056
756 9517867525045159121205
757 19232292553934349179440
758 7365968970712499424576
759 11986571934050574622140
760 11250715030908266005920
761 19364451229426685983732
762 10644094479851549187780
763 13773927543058411276086
764 16250388318244591593940
765 9431750090636232385026
766 10920031840394857918728
767 11523675356108047574376
768 7884167159300816261736
769 10396352951656858890396
770 11247506097731288943360
771 20892898846086691334040
772 10867312971463642720560
773 25233022182634023590926
774 8687069354535007090960
775 11458519161464771545604
776 8926968203675135792808
777 7536473160413454081540
778 9910463896403707500256
779 10360369324885322702520
780 10038584580697961309385
781 15072905765065501912130
782 7603478539745448921648
783 9531416538285147648450
784 8604356434817995420800
785 8395425694212378216750
786 12519682837775446927133
787 25994621709178458731396
788 10980625061301710272200
789 14739796556639581796930
790 14058918414188433983016
791 15401388328855671049960
792 10257124645207077208956
793 20931079678694420358942
794 10900372590405026819265
795 10562647142247762506230
796 28146805034610255766280
797 19880021337330209649804
798 9468330524738651347560
799 9292926584108083916850
800 9386476355436637205376
801 11987104140929804436368
802 27054382104456011073561
803 11287762487254674931840
804 11038788588457564773741
805 9867893577067153741806
806 13425964421126417498377
807 16048899369988407691866
808 10547627825104388200000
809 16953698456842801329900
810 9414506404085596024540
811 14554311544528057365504
812 11070646684473343817760
813 16170501721750240916376
814 13591745141911459599056
815 14373304445511243838320
816 11574942276077296592256
817 31485498722906807346516
818 12716795447143470661929
819 11040221425920197708340
820 18333786246528711878920
821 11730137533177035799036
822 13673823740840255774860
823 41770491416956506347696
824 14257721678759660114916
825 14761961536287759940000
826 16510453647391053320208
827 36248419898782000596622
828 13733899707908367148876
829 40632671782016801328932
830 12964845679593668547885
831 25261119754360979062770
832 16624430444978813655040
833 13004722370682909098400
834 14188975775766009531171
835 22655863811587966092528
836 13276120388240928763936
837 18594265255949030653368
838 33062245997529900272160
839 29536638294766925456280
840 15854044191966568984410
841 19217632244880826354972
842 24263440197655100072385
843 16281285056623013573512
844 31759620813234646750566
845 15711057875946899360280
846 32433429114329667977728
847 44099516889584570948380
848 16453192224904552296480
849 17834065116770859158280
850 13465953597145970448000
851 25735073341845812491008
852 14026585085191143598572
853 46990048945092567805536
854 15626953324063868765976
855 13002714975635089839640
856 24549129758434983988401
857 36798789489908258874600
858 15180620854648041207756
859 50585170173146779823970
860 16159445764127312071642
861 19250577600442880620852
862 16773262007608357184375
863 21443813268224181173596
864 14392129551300962506200
865 42226714192982801834464
866 19869170962695256897905
867 40464553394978753529286
868 15343442397835204699035
869 48282225320514773017620
870 15535557105408605575737
871 45157729841573854074348
872 19579297115448673872276
873 30726026531344391500800
874 21382077845661081884560
875 21613026556919515870800
876 20139820375578405850712
877 50425476086012913904460
878 18269360385620015409360
879 36371800734330552284340
880 19083841067131086665958
881 31268441118238406333056
882 19850003589308014578960
883 50315774222604848754522
884 20922822801564086606490
885 28157239532867397760522
886 23513014607520706756488
887 40929744016986511491090
888 21152744400114240278748
889 33584324612673489828264
890 27229338784789053913000
891 27055872782921126127000
892 21810475699085317036576
893 29679028892437814439316
894 23925148346108093245504
895 51979523808143176309838
896 23591815506285323049984
897 27728592005878016400000
898 36844091527093757765320
899 36776175091738860830572
900 28170129902136501721695
901 34743919091574684857580
902 24162809015659124979096
903 24815342635219515481740
904 23953611019255682011296
905 41361522683328710793288
906 42443782875555638317915
907 77263655127825464298400
908 23214604468023572514816
909 37069947878900407826616
910 20170621433648986809840
911 86968258606349312335948
912 32466245973750652871808
913 55017754670978729505636
914 28384571811591531351400
915 45392271639038167263784
916 63900684853811599060800
917 66489659033667935218648
918 27182871395373305557575
919 85814981304973857815484
920 27740840811989478768028
921 55328592098003497629832
922 44844541509057460990625
923 47107224183679447311090
924 28426960739808233262000
925 27433513949679154362620
926 59742388910437294098072
927 24816981770360919285120
928 46424913461498473523648
929 38358897205244825752056
930 24433866447816207662280
931 47045788199517813172500
932 32713437223948308607521
933 49543077087597175663140
934 74104757221858819536383
935 40378479717698893694154
936 22623345544694259677520
937 32531374155168774471696
938 28285975250192056800360
939 43173194186096226725680
940 33699824671985103412942
941 76800339138546709896366
942 32665301746980093210976
943 38882871400190553457716
944 33305167946448404012688
945 33365143902779312533200
946 37487371413992597755196
947 93585799550748088455064
948 24943518570633312944360
949 33988567478314973679260
950 35529567514441448193900
951 42535928461399995091680
952 30598407654428718837390
953 143058656814393369134400
954 39213927383784450356040
955 67282833877508902294422
956 35440603526350778327845
957 32712315601845213260248
958 44638616967714964570760
959 42301724042917657051662
960 34079192514891847605360
961 101432852755745107951814
962 45800555908474174012800
963 46737854278173961948192
964 45657021813021945767835
965 36692347215151429244380
966 34741437013510572630285
967 48169703661138328875084
968 39034502594076693263968
969 50159779228988244824310
970 39794965174070908542156
971 39463188692905628411020
972 34779739285351039888000
973 71211131715209307814146
974 37547172678062894186736
975 50416875137617527126798
976 62960385657133271390589
977 67437739858176661498560
978 41286527552926936088381
979 86721228361717452922176
980 33309702899598544799562
981 102271601356606326235860
982 39598461149206352083173
983 43701352020120330859680
984 44000755168679673335532
985 57943835322103368194700
986 53042390263543398344616
987 54511763517703945701180
988 35212547842199628373425
989 106132000384548857891934
990 35205382324547740984800
991 132360055104009742284472
992 39519996742647929313744
993 56388690534245172099204
994 60601560513258020491125
995 42071801945018979084000
996 35417430644414862211120
997 111280851143150758914832
998 56226301636313413105920
999 53405836337122040473240
1000 61060693769079680318270
1001 66525716169836209000638
