# A216903: Smallest palindromic number of length 9 in two bases differing by n.
# n = 1..1000: exhaustive search over base pairs (b, b+n) in increasing
# larger base, meet-in-the-middle with exact 192-bit arithmetic (gappal.c).
# Computed 2026 by Jeff Sponaugle.
1 27924649
2 130535031
3 952404259
4 8755399858
5 17207421669
6 78641539396
7 153703346251
8 302665883230
9 1141282588378
10 1408219987879
11 2570245287191
12 3570577765898
13 8339062472462
14 15564995767553
15 23976547070119
16 24084433297988
17 45631465050401
18 60235627711065
19 77998266769429
20 187470521193809
21 155935045305575
22 193725083666982
23 261932931758359
24 472880081392995
25 615155113598481
26 659356866324669
27 901792843624198
28 903334363249261
29 1292642035480797
30 1613219590225585
31 2510310888036114
32 2997383871841881
33 3136158978305893
34 4372652426718012
35 4879954514909930
36 5892834097735105
37 7446977359562017
38 7322480817039457
39 11536572065461954
40 11184183799407744
41 16184534027798615
42 17223370075152399
43 17507943970726718
44 24659506134612175
45 27568604068115964
46 37033079371150357
47 36062904959512822
48 37803179533735765
49 44429232761841961
50 60265888626459581
51 61391013741687876
52 64070252063457571
53 90665998117396560
54 90013386843277046
55 110700469341840349
56 110326363864196626
57 131337364041038638
58 143557455718530968
59 164071080627635158
60 176350836799529822
61 207373363735739711
62 220847198628071821
63 261285010169355301
64 294890404612622009
65 328842560648646045
66 336932243766830431
67 370342561531793666
68 425979149976636346
69 480116636633520775
70 555166251668827797
71 572720095535745631
72 665966596537268209
73 676442625381704637
74 812886705492347161
75 840532695075815437
76 933737530153373793
77 963652716771523696
78 1147368395911198861
79 1180828264922410090
80 1285626483439635640
81 1437717986480232757
82 1645695378612619426
83 1637275185789094342
84 1778709205112944318
85 1928873225540715008
86 2120246607286911091
87 2386546344284347081
88 2477969384665929788
89 2901410469323351575
90 3256253224555834146
91 3486366270938659703
92 3947377773969518161
93 3841499530008441631
94 4097289560200234993
95 4443240077575694001
96 5055996898659462162
97 5084551872995418118
98 5291943933947052475
99 5908934783574095365
100 5974057232822447905
101 7158788728152470495
102 6923274360941127651
103 7751336453233166300
104 9344036228338753411
105 8868297772953519355
106 9711893302678696729
107 10153103327996120824
108 11168510109431155921
109 11058997457306246641
110 12584616635181099361
111 13202418774288466731
112 13926659216958394011
113 15399697234989188001
114 16787709003533438881
115 18158302241288887117
116 16903033143964066309
117 17975181073481042206
118 19048553503563032041
119 21536882654787320392
120 21727111220828122492
121 22976961396987411638
122 24731063995271171536
123 27429400170525864094
124 29780854216927726090
125 29402202646017393954
126 33500383113514160329
127 33644713303900216926
128 35237785965500587800
129 41522865748560594529
130 40114031245220039310
131 43934888376046314281
132 42489048221980246189
133 46994900645504053698
134 53111566961907718831
135 55905119045190876049
136 56199297554927549116
137 60167126045397462705
138 60339967210729448985
139 68346779768930947519
140 70274943635127800066
141 75593796545127357336
142 82891066068920524950
143 76074484261048577746
144 83200575494876097871
145 86221574924727038931
146 94958672166413271568
147 92857050203035986471
148 99800915480696275597
149 103449412038395841091
150 108095695575638331034
151 115140719023905632995
152 118372583303284375059
153 135043624407973348318
154 130120319465297772421
155 135565366822830854425
156 137469622918176549015
157 144100600396459041753
158 164434108051469105473
159 160723873822029318766
160 168311561138244592230
161 176439804586930304515
162 187124055771869394806
163 202924687944316498697
164 206427094230917496107
165 220321998844769199727
166 226511232098112303840
167 244685111665350111713
168 276119825387554546567
169 268688123476427171476
170 281878769853295679657
171 270230025258422453173
172 294332074916996403999
173 324258153759531087745
174 315524343021221237905
175 337270979374049871473
176 375282441370404259364
177 356133896000469212451
178 364502281706853768339
179 413554876118352724889
180 412711170888445698913
181 411255336600763958512
182 466888893992558092241
183 456774860918515805617
184 457115769608847483415
185 497580230923206571563
186 543567428900183039041
187 510979869527138424199
188 532899835896634698722
189 546810962039535963587
190 557670966302159686593
191 633570728402551722553
192 672423877600440666184
193 635122081470222584263
194 685026396751287884371
195 754097611079124790773
196 775241661734893459657
197 769837399202591564953
198 777328485374348148985
199 822210928519451183161
200 816581802538960487251
201 944342847059693282241
202 937473139627004092949
203 938644726915330638163
204 967494838010817175971
205 1032847058158449607759
206 1105715792642781203161
207 1050917989690938121553
208 1147614956037947524369
209 1106832299604112369632
210 1211884443582189336795
211 1284018195001506728121
212 1254493637404995766687
213 1283829669244067071051
214 1365331468853965511575
215 1463555574372756504017
216 1534186126060081282647
217 1465226335223529405073
218 1600425341428381924282
219 1650620973513726774337
220 1732430951441161408351
221 1704541789113165160201
222 1838207730712613887237
223 1837017042087134438449
224 1888398514530678664033
225 2038096278988023554344
226 2007421154004723496975
227 2220479537081008372654
228 2127235151335815076153
229 2217978568433016693766
230 2331196586898152122638
231 2342315938828154395393
232 2477569652954022475185
233 2586960661871630477995
234 2521335397694911626456
235 2692584058286471073033
236 2856234252263076916173
237 3133054517592398764221
238 3019894355914955255962
239 3115618401986912378989
240 3153558817944510866605
241 3290780669514290546069
242 3385453231426598341279
243 3350787372930599259561
244 3493475786321162217221
245 3560141117047732138299
246 3650071045365918179821
247 3849431160446107520240
248 3985825076806210868434
249 3943523840470346252001
250 4220516820048026810257
251 4202172596046250415521
252 4473594583933472085115
253 4472057029521781210705
254 4924359498294547529635
255 4767800063858580129793
256 5014551683191978349991
257 5007969423353274133791
258 5270913356768388871858
259 5387630991279173126881
260 5453534717954310387466
261 5733742684584515807873
262 5926502876410792696667
263 6088880171612491116865
264 6185481437795608056174
265 6464777129830120912273
266 6620741976044837143426
267 6865847434578074674849
268 7093259922229342402751
269 7049430788140932619192
270 7176998761386347388419
271 7450740603441232153823
272 7763581096244210651272
273 7585978663481081791138
274 8457824886277604752751
275 8687845236844342986529
276 8283727077051605964598
277 8912102469534737611692
278 9066003961499890087816
279 8966459107890860045799
280 9676107809081954195060
281 9672931835052946617717
282 10483356812011338714635
283 10192969879587762473275
284 10660638141398834923426
285 10576992008958015504641
286 11255869559324338004638
287 11147480506164324836701
288 11722979308512046668237
289 11842040878708224461117
290 11917477256643346148125
291 11964705904458349955626
292 12976964674164369215317
293 13282702162067730297592
294 13575974616413331663561
295 13390357403997988035546
296 14098701194422887179861
297 14431595629200855632068
298 14763248724778363536871
299 14743852106612654519281
300 15109400643684348557057
301 15315070424607080496229
302 16863414851383718761201
303 16176512810361696902293
304 16740206979309652340841
305 17484771891440280433833
306 17542215985456811077399
307 18418820316781239384655
308 18603425342870500586628
309 20300973752933661363611
310 19722154826524740911173
311 20293086122501718395673
312 20610965662691285138541
313 21146744073648876511137
314 21607714911260974351388
315 22202171381459073782601
316 23088515728508035035361
317 22807139787894209393879
318 23635465421760401088247
319 24093912345666811183535
320 24898354195816818165961
321 24656945746225337358040
322 25295422734495200164777
323 26702727168255766514621
324 28821188632947399759799
325 28535307957017463758619
326 28341747752014203118147
327 28772880968186474062230
328 29392603985879491698798
329 31314193825755964475349
330 30729967173460868088645
331 31291728287945294253601
332 32818310434497936119851
333 33112547736560390619389
334 34011380886901232264629
335 34835785260636224904316
336 35635637914806096255178
337 38188340043644916734311
338 37903532743782144141425
339 37877707366903719540455
340 38810418731678547992011
341 38078187567872137954745
342 41463471132637748366381
343 40628658012091709140582
344 41056997508837001166991
345 41501785112698849374745
346 43842409852411965178541
347 43309760023734423622651
348 44874686926550397756571
349 47464941295334638123714
350 46833809630304548981009
351 49430071077245332559231
352 48051409674028456964269
353 49680348089435694628462
354 52306515455606686097019
355 51177395308565167371822
356 54651032800362715674574
357 55422660466522507241291
358 55131732459042727405825
359 58073930837042291345905
360 59780617897100889999217
361 58858451249418986185469
362 61322938978774472059366
363 60625357704650425546817
364 63397739894659519972015
365 62567534754644403372904
366 66971444638399655503861
367 63960711358589241781391
368 70652581187080485240061
369 67201089391652852132030
370 70913405747700514467365
371 71086950540751390990429
372 72143409252169818152317
373 76392998245461762742273
374 76461817012686898587189
375 76073886768071247400341
376 79440250284561960821891
377 78732210218117384414849
378 81050473041990035231991
379 85691585259584265860116
380 85271615013846163078857
381 86743123641257652691553
382 89620954901392063365163
383 90180146363416237034681
384 95311041191177502969337
385 93126764808162523787169
386 93157460787580741387664
387 96421086858700969561779
388 101897247870510582280468
389 100187490238962136620835
390 103546643379494556041701
391 105319926256861343447923
392 108224531706585839666013
393 113459573339425207351441
394 109030300251881615938593
395 110423710343720440965838
396 111475370261208108755961
397 117428088903344949764701
398 121723681215411016717481
399 119285962044154530170333
400 126942243195428445386647
401 126176100640848140834897
402 128141607673521268089494
403 128355491222801280049555
404 133923573139738510637105
405 135082184507833760261273
406 136255496169082559729963
407 135812093051443642990978
408 144524414200434271954833
409 150598496429388339554617
410 150498843286522080097045
411 150757299876263872257127
412 149299087402272529731309
413 151944195959971104723691
414 160864801339911554253681
415 161961879151659377818885
416 162588327219968204808713
417 165746785187903090575825
418 170115133669267543688801
419 171282289951660887902269
420 175253893079980557368076
421 177040003969687113160189
422 180449569471023457421728
423 180773667494105635952254
424 184704543546375687758767
425 201556614293361306132646
426 189029045167552821012433
427 198174497343247823894261
428 202784465398326444668855
429 209152399209130756823735
430 215950644780651022014691
431 220034390128447090964691
432 215214176733926610625777
433 223469128671146954463827
434 226293833145601339274076
435 223440381484499251813248
436 231426710689924079366875
437 244218390290264068903972
438 232165263406290180091966
439 245981803041986435508907
440 253845729100086396551456
441 247782173381838329436401
442 258408323194881769801825
443 257583569791212244010305
444 260270290830143256182797
445 270313389224072703116176
446 268048912634468668968609
447 274729370147377709765101
448 279345860440386875988277
449 281288292023365067150304
450 283510814851186917295911
451 288577697881322502620993
452 305828061877423979087965
453 305079140788433522870773
454 309780977633900850989419
455 310535620459673562335233
456 313550038903076609653101
457 320386371808100765529781
458 323986305725510394584465
459 331953071139313828827559
460 348136061371531123296079
461 344229435126736515125876
462 347843124031367961637945
463 353711390662052922273887
464 373927811827977123550597
465 366133439493840109629400
466 377842830921703988639207
467 391140402986804678946463
468 388707602547622647155569
469 379822541746978591236721
470 390500166943760940637950
471 432513759977173085136848
472 405722552836864242267163
473 406153168576061268934319
474 415727552443063432069121
475 429042497516951707880383
476 432083441624926474407634
477 441072782208477479101339
478 459612486212788093875417
479 475313113222069825947801
480 478716718949449316423217
481 458910588910961190832347
482 472914179231278361281251
483 478547678547053127850112
484 493241308725122490433996
485 509328841444934702129555
486 515940052277569233960481
487 523305462270605272701697
488 533602936777608143754754
489 551391021431732436723385
490 540383814849685343628976
491 541809805839117445518626
492 560966845569207495738540
493 581068071211833020621341
494 575091476140925104921213
495 585034329474825800721147
496 574728967580476815389980
497 607610006881797413779897
498 598961837947205484792058
499 613818339167168805898041
500 617383725477193563081659
501 620161658908339260202237
502 640833991005899427463441
503 662689717872337592565085
504 650574834438837189140825
505 707078929310782926122913
506 706535916516440142211640
507 684149573166593078525849
508 683409475491157322172419
509 694094180849548397371891
510 720196371884343480876842
511 727922001405311212039681
512 742361043106200531720591
513 743305320514199500074442
514 771793428037487480037401
515 781137074616622621050209
516 806023152785322399830414
517 796119945354359073726751
518 803496745902786666437377
519 812075868156649679751925
520 832840238622870429048852
521 843220977655970339635867
522 831273795556118262738842
523 876640021171588123339672
524 884277759623755625181241
525 879827756154024633819458
526 901660149607285816221643
527 933500715485311485246029
528 916261674664869761879197
529 937417634408032746553651
530 930710578785114419385892
531 972968163339722788530377
532 987302048989699893104761
533 994117555845053646716071
534 1026276195413430854159413
535 1008914501133501914008001
536 1008408443426315221385096
537 1075081225195977643667801
538 1067016082943335252403515
539 1068176444353311906049249
540 1116788477587090229829117
541 1109589102101421134283377
542 1096093240586689679637862
543 1141815724110856585744793
544 1175433506884712732088253
545 1160364895635754192863007
546 1167424829049091169869095
547 1181074049066552772841141
548 1196785707529654620916399
549 1230457998994492145132126
550 1287044078716217327529914
551 1243433393794540066341939
552 1285629458177339935043051
553 1298532344659606931464009
554 1296849760520988026800841
555 1299649139286222982152042
556 1367305519997920109380325
557 1353070629442936979371021
558 1390541200237708383250869
559 1451217296770869070870281
560 1448909462696168977953387
561 1469406963919814751267549
562 1457267421957827954386395
563 1450944301060336825028041
564 1480115702862283606088551
565 1509921685729731264259409
566 1547643060815581800789809
567 1551122397457883064301106
568 1622670004201233330444661
569 1614883166359247733290581
570 1595163454498834261112803
571 1636517568224779256391301
572 1679203990741133565746073
573 1648099990998132170094905
574 1700447747249786099575220
575 1734636192562575198852601
576 1713934816790773238424945
577 1826496222900438331711855
578 1749221467909786379077009
579 1821978679941601227926485
580 1808871480865307983651853
581 1872603721385260534596979
582 1895907362153246392617942
583 1948242394500297467176837
584 1929564362173136154992493
585 1958500498939032482720359
586 1964847954667024228593665
587 2006091952449297233204331
588 1982416546927956400558903
589 2018237725223312038339518
590 2054899058602597290697851
591 2067285192569094655556776
592 2223749786615777808125101
593 2217766114704524822300974
594 2179906687149708131511538
595 2207552689065956060765381
596 2274352160005003682770726
597 2225993695434935766157481
598 2250192156822770734888847
599 2324796909514677265968620
600 2290303677612661679376224
601 2379490345426337396916727
602 2393771063462362542247681
603 2481703322137674885978001
604 2440198335125703171598123
605 2477711401758430248814090
606 2547766469816087844208193
607 2551883158144800834256563
608 2598426849064767040481641
609 2632878879006222947799059
610 2632808197486591837915849
611 2727508728540365953776044
612 2782792379212110533432136
613 2719374305680797084753148
614 2887803435991227509094125
615 2775589962795081149919233
616 2861194638621250384207785
617 2939091298296302145497009
618 2963984036772979964316285
619 2936538480769421194355833
620 2962555689997032402858729
621 2987403415858958572602517
622 3016674780871948185816222
623 3058244974359179913922081
624 3136444201910769921063757
625 3138916555687766753487447
626 3164518234963368198045499
627 3355087339614570657485721
628 3219714115380878187280846
629 3323632919945503086543801
630 3308068501953221743787521
631 3395504473676479648598301
632 3374560722147426521061709
633 3441949828602298239207466
634 3474104032591522010912433
635 3555447932110504979807121
636 3638813232395664552157288
637 3587968580618601977786662
638 3691957471770848263209128
639 3766379933877230000075636
640 3737066568060223833014026
641 3859720726045552998451507
642 3873593815465083373638175
643 4006099424901242192428874
644 3909447840090752628543136
645 4047628294687929841683823
646 4000206842451456090899941
647 4066853501224143272358898
648 4163218477223272276854209
649 4105799254275515145908535
650 4178177619359418094979476
651 4324529132742819289229911
652 4339446403833534054253201
653 4343241368275604250154882
654 4466665843736079942201925
655 4425680379540620237806553
656 4533380776601381067535367
657 4605027524538888607092899
658 4647770085165620963149931
659 4648639110834015418422841
660 4669899883328619635026645
661 4734249708935565298390633
662 4863054588219996288284130
663 4954368835704716589727315
664 4877062930618544768605351
665 5017703645174444098761557
666 5015808810116894972843129
667 5224724276469700264549701
668 5150423041499721625690651
669 5149440739553891588511001
670 5239428348511608992567101
671 5318156815851349318283641
672 5366677250471845943024992
673 5450794806377716168509669
674 5651264208970115398228924
675 5621919028640942232002281
676 5495062712283575115559082
677 5721029329239469187982293
678 5724810418269836477523151
679 6002581626022625827931343
680 5752935088493373037313253
681 5856873669205048613161473
682 5860803068300089943402859
683 5976047981557914585941251
684 6175297216405527818794221
685 6314982655923932746308537
686 6264637470805691145439234
687 6427447990584057894030841
688 6314606798437819818845145
689 6426929144713011372116524
690 6460995675125675210708315
691 6674731182624800904596833
692 6706166385277901256969311
693 6841268910422759504109897
694 6854830280981095560253621
695 6826284505179372987346571
696 7024923974546310068468926
697 6957744545981301318080563
698 7294264095945268040073196
699 7214046760092520356250881
700 7289919379221977059905232
701 7450745688075133691103947
702 7512989983659539941566395
703 7507192269311523835516185
704 7490605805837648150270915
705 7492609528765195605599741
706 7629245901490863091304697
707 7721563398092941096674970
708 7921762354739829562689052
709 8069692755478654582646760
710 7914020799673558539582201
711 8121399807201370604314828
712 8130896456605268233807576
713 8334513855907160033434267
714 8323111921157037601283900
715 8334079519023719668546159
716 8415587246427302750984251
717 8520399374630671773271580
718 8906936660816420720206828
719 8728505787535692088526281
720 8840059677302712789254793
721 9091650811638163862517019
722 9135197606251141576653937
723 9273751808854623576022330
724 9317612997863190705207667
725 9331443547741576960768349
726 9509570621632030831140925
727 9598923753303257656227439
728 9535635070965552085232801
729 9682756274071976136958001
730 9955612096771228457508361
731 10154406575194896293637781
732 10196338003630701506008891
733 10314260256346761506333657
734 10029951515014428984896997
735 10310474928104589071473771
736 10219598366443354921526635
737 10608171368957936586531589
738 10680835852672294404930880
739 10659584810325459697534273
740 11139413646531703294161556
741 10839709074308373628747633
742 11234494246070859726497401
743 11230830272763576107557255
744 11266207329876421293908824
745 11293084985050695393111964
746 11344069092598962408618527
747 11724849936464637478144519
748 11985618724943535859552965
749 11729033975077194901033121
750 12216485940343743115486941
751 12157286050298121598181933
752 11986167662767954330537281
753 12690667653425328026277660
754 12438916794965407388061711
755 12666045159097340271440866
756 12699145324799367456482719
757 12983700727872220404190017
758 12969823274870261173358721
759 13597959213688642440636209
760 13753522029644756459711227
761 13292890901029935123096908
762 13306626027710770112936309
763 13848601004746183559444023
764 13924671901227464778569323
765 13813873012255439692726037
766 13915049113382812329241161
767 13924984985218810543433761
768 14360019597364738486624366
769 14221244147926983997362618
770 14652894931316514182017337
771 14649833226203487794415139
772 14714312758873273251824947
773 15217983977803492310899813
774 15224183877140349276489013
775 15197556415237180123577725
776 15139494372410753628105109
777 15713965651403793109491893
778 15689228546367699972111313
779 15688507499819831929579951
780 15917704249163969380848441
781 16118631162684029339469061
782 16657547132099811558070945
783 16603294119349169771521321
784 16857024192666467685506741
785 16444861855610115741558427
786 16902707537464681022164963
787 17051197545722551543509441
788 17342677302771707413666429
789 17294488059392198417979217
790 17325652841714955279430057
791 17649046866202698641584891
792 17841036517974860399650652
793 17981173234808231439900798
794 17939487729209760212721277
795 18394340156662046187396499
796 19337598850951069573721626
797 18668980782449116989716161
798 18652077682773038098637813
799 19719177727126377342262793
800 19669474558684128128671473
801 19184917848590496460638955
802 19809462551118322410077464
803 19741969473001786782273587
804 19827797583159309614499421
805 19874292310767570808746087
806 20813913061581423424150801
807 20729082675738871529118501
808 20681548740228782451283991
809 20915646157256217224406856
810 20768522890679660465609869
811 21140984566719647560301809
812 21758026113751043933349787
813 21398868490353882286494509
814 21668225007515426543948729
815 22496802262748045463461039
816 22527887981659317834142465
817 22568160337221028358059661
818 22627103305938792450329161
819 22679709165036786343984609
820 23052816944658740486838109
821 23039036743238412564899081
822 23587402589401966244297873
823 23539478934521135519596733
824 23689944384784618608707817
825 24375583744770430148051696
826 24224996995736509696672986
827 24288268733729581547138544
828 24581719220434314520297906
829 25576662579622133207439219
830 25143184730277287019171145
831 25931365763235384319312663
832 25839810317546431898309490
833 26341521935133651899134835
834 25915985532064850062192073
835 26085229117908921504071769
836 26378808342279787154674849
837 27281612998771507621322377
838 27041603554235488242777718
839 27160080570138460979718871
840 27639942485351271913960847
841 27558845238056988877881878
842 28123024521106857228952201
843 28263361215230536519838597
844 28922947340461602674615321
845 28735487987460514419256641
846 28576898855380763913388481
847 28701128065926251948099257
848 29255926190709610634168751
849 29820584206706788655265337
850 30669606899149747432098075
851 31343115811376725287181315
852 30793787106907445197808233
853 31052297904953304728862491
854 30959473333785606403024557
855 30948070288582876614597636
856 32181869843493675227867148
857 31766963417520304362493276
858 32272536149639166807943621
859 32233852327089414880029444
860 32793352026028846518389626
861 32870830216367102214811103
862 33273748692905680422577450
863 33858738402215395470272098
864 33735406676505667373965858
865 34004388439707554909417713
866 34291670302904105479881271
867 34691596128277590761637593
868 34905948621429650328221629
869 35937579927328526111820745
870 35852885507001677159612932
871 36090701221353301021692730
872 36696714367172680010948725
873 36741361378579994502520392
874 36742128922120215268817601
875 37128190391698178513043818
876 37188667770589704542106771
877 38262342184460103605760801
878 37641823870523765045175881
879 39409387472798975862617887
880 38578212558672082543939384
881 39261550904492342890267981
882 38683560161487004622982666
883 40778281471749045307735973
884 40203598884419790649675297
885 40937274162740895418376578
886 40208386671549152205265897
887 41861525147194380643732407
888 41786678839194653711020797
889 41684696729918785603766993
890 41358702877720437272184809
891 41932433517667370500566646
892 43665172377665193964709129
893 43184848738309272596816052
894 43268865020581183040017601
895 43493476714630047111006294
896 43447262919011417646769501
897 44607238035647664615569937
898 44269795269541353737770865
899 45272324486252688735275741
900 45164423614684508816163709
901 47981153254631772416967304
902 46501808803982886281500831
903 46887243950275646085011614
904 46981138851109891171812245
905 48695638851545753045539351
906 47545510362974005119574861
907 47969885595264545065884356
908 47935310263036477836901285
909 49580731169304185701427863
910 49135362412575946980606982
911 50284765612660435913432221
912 49981705253707276619349139
913 50384586029181232869571777
914 51143526423944337569291896
915 53395504856759434982920591
916 51514373148871704912440633
917 52451695715463306168423606
918 52420000009041700275307281
919 52790067024147202091189842
920 53147777998779581447777043
921 53843107556031129552452809
922 55411209226226142329220897
923 54775122082428594084147013
924 55254559866616689257732210
925 55670064308632322747654709
926 55517644800131445640484021
927 55951271427064248432524512
928 57847531675462286111952277
929 59161872402594719714797916
930 58156165015995533748893241
931 58791484171099062810955465
932 60015263740769293572300505
933 59151559171594582258778369
934 59808987111974651115010937
935 60537396486482982476356309
936 60985102819150325822961311
937 62050622328699084214810193
938 61556055819133092209827157
939 63293624430158894322636053
940 62713417526834392561693477
941 62696968011199541835439768
942 64554617381466797264281697
943 64469704122882004435085061
944 66214371828010571942506281
945 64885300826401845444787925
946 69110110003664654139557458
947 66571609359500594893060366
948 66329555864344633664152497
949 67119928050338603322530860
950 67977960414088583235208569
951 67179757792308588357070177
952 68459576141587921769378817
953 69597973296652108974794109
954 71116684314075432147396101
955 69741394663010887734076198
956 71925546923382093794933857
957 70834361801241937215202900
958 73877871525908961506510476
959 73656603723646344452230257
960 73078717149307625901229477
961 74782896208765137601018401
962 73244143637141871645501931
963 74326640827786891623803992
964 76631074346643320708799895
965 77427646462257865967864885
966 78184416785043256266033975
967 79343521950856552051718399
968 77324265640525831313539246
969 78259070235137305362328721
970 78927608555498150364603439
971 80363680588652638373108823
972 79525900550623263418404603
973 82531431704013396221555981
974 82206745932371363220880103
975 81176719469067788041798257
976 82340351385865087093665157
977 82603011295344074731223101
978 84069525191623719195330001
979 84305956164759772971434701
980 85241721654893507616381275
981 88910765148981347013965347
982 87474865971779275200397777
983 87585894909436794869575302
984 88398764582631592131889001
985 89297200441602930848795501
986 88658790025149876919210251
987 89590070294496890455054425
988 90916662806727847123703985
989 91691549610374839668288871
990 91990755627180914856850739
991 92398279185027421158512961
992 96014132989778844672837769
993 93285381945428184218985895
994 95597631766196810669814113
995 93762470911187087209717777
996 95724145513285416542057005
997 95680012221291493173133177
998 98564329122288667360620557
999 98950040483027435078701176
1000 100096910609829646168337857
