# A216907: Smallest palindromic number of length 13 in two bases differing by n.
# n = 1..200: exhaustive search over base pairs (b, b+n) in increasing
# larger base, meet-in-the-middle with exact 192-bit arithmetic (gappal.c).
# Computed 2026 by Jeff Sponaugle.
1 318713056300
2 101252880671531
3 778061547945037
4 8047782883062742
5 37866346844745025
6 247644110790746909
7 828823170233185174
8 10556938000726441969
9 10175119610486126649
10 34575397981277771773
11 91506808775956056797
12 229545216194809465980
13 616890370241843890836
14 839626119494885559376
15 1787089867414092935661
16 2199786831686071288801
17 5763145137252023399126
18 8714427619845590130939
19 15533711021390820358661
20 46992192233208458309185
21 40250554326838097194697
22 50979784612230785832301
23 80423381321083732863331
24 166348279041345184717895
25 226981461165049340976865
26 376717864631542355904697
27 440209640326807894047052
28 635501999032778270841121
29 803354574697496761340549
30 1568419276621924146638130
31 1878886100059479244768021
32 3181802869068101488111128
33 3575458435443349574168548
34 4355158643882431852025294
35 5983285629912043494810801
36 9015498368741852876160121
37 14399690852904519729139189
38 22412044875297839416723969
39 16101771683308675658487649
40 26593529565852655667842026
41 28529881262821195978165897
42 33824104267312210455080783
43 50800082868472463513754289
44 57382300933585747206973341
45 81402092019653639134962097
46 112539428756079978690240967
47 131333350880970188151187651
48 155323431514865240439708681
49 192929974732811592234280201
50 211598800639367972023434697
51 267817214770755694352243746
52 380799648620814010707283121
53 474212916446475378391592079
54 589153331233441011865520871
55 740898019517489726703480633
56 673030474349508847498872305
57 902845826513195382158134289
58 1046616568555051341173727237
59 1248178279868247167304873090
60 1616038420952360602305985236
61 1798431960948231255032056123
62 1980822573109054979047475925
63 2413902594235179206763606780
64 2700273108691892888225317696
65 3810303534951659466749088919
66 4193795617827917460862200801
67 4706492320592146974524541743
68 6283264889887068607535405063
69 7038551278351654807108626225
70 7916890234434137998842818885
71 8494933661419924706731756457
72 11127927310769646648686688708
73 12144492915264148567304534715
74 15344286972413850232411878779
75 13617042833530505310109931491
76 19478737848619450071781526787
77 22072090658964239890754532969
78 22485326303901975068552980451
79 33053876077029106727754337005
80 29196056803521618010556607586
81 34217032391078191737385403157
82 41080369531822535918774219505
83 45970842511602828075921073357
84 47153494643616301548648058446
85 51568771039885093913997511135
86 61841368984284364091302814751
87 73337439363542730816780024353
88 77090048142621808436912553451
89 92561314613556368413788721348
90 110081960607037152702500749928
91 110855714586115276869865499025
92 123905959935357658604991940896
93 150851185635332285444646605514
94 153558716825274257051532291421
95 183003163730383933565494457449
96 196121248247756567122834182469
97 213877090456406571861842643431
98 280136923294294710251143326481
99 268624713982003418408754640082
100 290945083806834888108540667681
101 334720583018858144041518940417
102 354381687800997116302539542401
103 440044082198164783010289414511
104 439414895733385180315638991486
105 534432578548824698364680184270
106 560985098847441314494167847520
107 580926658952846216560730992497
108 657980156401888042625575256771
109 743727342223276546011009848793
110 875402504925746604704800623865
111 1055614403319251966226362547020
112 1036215793107753602955190861768
113 1103293855314732469678217227165
114 1163260618068689942576361267841
115 1314131574115517434396849623704
116 1578989515488811969456152822493
117 1571720290637039309443493079073
118 1729690209193007668224583898461
119 2008618152354773470854459854186
120 1931655133440026632795419034389
121 2174877358498402956305326174890
122 2592436875220876159784225923921
123 2476431010014212125170263612162
124 2801600037645738612827723798737
125 3143391941503904548505387075259
126 3506081022723319958429737663933
127 4162280088171930215261471563621
128 3961051441449425255599769186485
129 4188424617897524063094184845165
130 4604565663481292781460480592796
131 5405600548450138290274192974550
132 5481000461146407332011014793201
133 6124962254313173031490525548941
134 6239405422114681442214391102401
135 6868041395241446174551499624118
136 7421026872001701042606191635580
137 8249358728158879182883629671777
138 8584585403301349011137025392635
139 10222641412791229288915783434349
140 9734321657691058348617565903715
141 10749637165227682607547490551801
142 12652822559166673720856662261321
143 12866190140856056473715147571397
144 14018905692624612267465055512485
145 16954310777408286153679336789471
146 15417080986633608551419614008963
147 16814119374402509088792056160001
148 19135525300367499444195088107249
149 18977268587342900459599215493781
150 20108481926385452490086125063933
151 23134753659948507294353697353601
152 23472864784204713810888691550659
153 26955114400301311856681596514071
154 26955332459287877724516778279329
155 29710164501282711836430608080387
156 31308156163954901352854425206386
157 34778278769746618185000058765001
158 37804606954701749900442902133329
159 41135919716246316223309259540961
160 41128942671721115056466660797592
161 42509997572818376575941259690081
162 53011446482597969356386020763391
163 51128045870858489767584631644823
164 51262758574847230519777795393024
165 63501359867249505864896481369251
166 63839993594031429397059030719839
167 67894184954195106594830893158154
168 67353408143501195450821861999143
169 75547900362820309326996768198178
170 82377455255097843292301061352129
171 88548374405674404695411887817935
172 88999468060574215216543728388744
173 97132627166782638130634489257444
174 104355670904556817578720866683111
175 110090266754441257817374268987098
176 111337040053990685635051807319293
177 137762146302525257457225430902593
178 127567350746198049899203543017643
179 146784637011912999068203988812371
180 149108959217684976914755026193043
181 163508235525904222419332406267358
182 166826247509982381810772789133585
183 178640198894704710045765305365489
184 179991304347444392294343231893256
185 187348885427924192053163411571820
186 203423710983278244247894762928173
187 212465119700873973394930152229417
188 222541527999959442825339373362929
189 238795559865905900358754760432023
190 263517790557847801656868577232333
191 273961863357170036224783068593209
192 302864064710951576292226305596945
193 310297161663091951297790736150511
194 321154228722821219128968430219180
195 337942371889879046897131004905648
196 370934163204413807847965015115558
197 366976400860237408322463773829438
198 408578913927980362082483346431292
199 420985969600738104750325391640278
200 465406908392853317371906191287071
