# A216910: Smallest palindromic number of length 17 in two bases differing by n.
# n = 1..60: exhaustive search over base pairs (b, b+n) in increasing
# larger base, meet-in-the-middle with exact 192-bit arithmetic (gappal.c).
# Computed 2026 by Jeff Sponaugle.
1 1939137135947326
2 8535888851411555386
3 670814726929288547601
4 26692605401917627947576
5 264859359334068357715317
6 3297882743569398330536367
7 12717859381468917644870609
8 65227989635473714684295066
9 613511421347397204813148458
10 2235072001224629307179402236
11 9823436534145035274683905969
12 16809165383690191276200560095
13 64414418005624984017853715542
14 136629733231992098407599948835
15 357661643409689336208943628051
16 676256997980975302728797736840
17 2160548589224395242215729032531
18 2930108407431389488390524557041
19 7438867745839130599504631460051
20 13649133886706622610526420679777
21 32135357084927933477083591135069
22 44264261765005873665123605273901
23 74574418553892654271453879230449
24 208260204307683218265874385977593
25 300216825928305064341316213028713
26 501389282673730795300770798703401
27 851174835995831220557136238192843
28 1102773357261342736513598770381949
29 1856538233222100469540816468305601
30 3244214486461497982484158971613137
31 4967439237698648451112660703970431
32 5899475638367176212388857260580823
33 11070528021709503434324974543468447
34 15488213513368427056093101101700426
35 24958372687793013190949490593104210
36 39576300529694017107126364366314876
37 64734830192442472667708540238051145
38 66848795030043661569933030397830301
39 100486903807233698546384948800176117
40 155132557569915420011171500574356825
41 191623785344590831069626972988237761
42 283501678074637393200684874447292341
43 333749567944483210919680926354514189
44 554123846534999055105356130704693194
45 646125829277918963656889781419727996
46 957233385997646377086122065715212933
47 1388606329054072320544734863160421728
48 1903731110597031473594576037207858396
49 2356622522378215802081147228384809834
50 3245253152868980994810417293623997847
51 4039704843420101436911098212574652225
52 4825555341699527350800241674482250765
53 6081046761943515939891070338478448844
54 7708184658270178034987649860678272469
55 11666545923806248643610612622845021991
56 15828802725783694331515002572532575787
57 17094607027581575645875083046349132709
58 23495600233349031636732734157661477489
59 28871049083110492381786799262222912316
60 37862477961762492295569566590257164649
