# A216906: Smallest palindromic number of length 12 in two bases differing by n.
# n = 2..200: exhaustive search over base pairs (b, b+n) in increasing
# larger base, meet-in-the-middle with exact 192-bit arithmetic (gappal.c).
# Computed 2026 by Jeff Sponaugle.
2 248876637484140
3 1013960892216384
4 1093158208940760
5 101975569769446364
6 16699985993414520
7 1310809863419914830
8 331113952227684640
9 593018939654134224
10 1670458470795180045
11 10408563238370601304
12 9783467193870524448
13 600475210280746038700
14 9571701090245691960
15 156168186795960422850
16 208996867782860216956
17 176586494738520530436
18 105118748408901972096
19 7941176166050474489910
20 204575924075205482241
21 1020401574390370739360
22 13785785445200151793320
23 8229170562845718410190
24 2527722867009926439040
25 27592334862735494685372
26 10968828369944861921665
27 7540457177662123212576
28 47747289752195135456160
29 12012962094526711289500
30 15056879462511157473247
31 86695254875984294876154
32 21921745630447555655076
33 33525231273953299087900
34 114231178464920170740905
35 471824602455708063553334
36 240896308364548242850752
37 195506276091457242084992
38 280362249035603974750105
39 221843179543320871695250
40 157888634072466635527552
41 2920672213788677345513292
42 427610184321446004965940
43 3197421209364929756601588
44 618777341990526191287815
45 1973838294919430429704110
46 1610678721828788888563365
47 1044713705814940522468500
48 985140704257629399630600
49 29337841197020884950570360
50 838076398847221246167900
51 14641874898737835824462976
52 2325588067326991207846050
53 17574636116593204191293400
54 3530783236174570136512480
55 6476574851113832507538000
56 7031545693660780972437780
57 13369661292329619950755416
58 4477318061851543535571876
59 18950643875061256168350736
60 6152438902474263943796833
61 143846646944000294713069200
62 9156016332672502401357516
63 8386964854910404065934312
64 96024859509830024205783222
65 199202169102646102861216650
66 18906302033912480308055352
67 467124257291701131224745720
68 30243852202243767272548896
69 86732730655291595322388600
70 33857775572155871990889060
71 560546994672214941601521960
72 44216839172300628102257349
73 86591086611336022188653100
74 67139648620772030683501980
75 55605704961929847168424420
76 68076036668149445402061056
77 556459941322916827338657240
78 103808730848618795991631560
79 1748060333513649790816960800
80 149206541144598140792088475
81 317888424784043894009653452
82 236400518724832903826612480
83 1021094419549415382246513384
84 146387992974355120402651006
85 1658450216863989244936809252
86 330634863191514383162901900
87 445318690059637876205548968
88 209817750763326346469713600
89 1136191810353150989742030272
90 418025891765779062923872520
91 2340003392581980648556704636
92 651838461946433840983020688
93 1556334784746456756618719574
94 1138328497615191700854344028
95 1912781511903397100538817530
96 1323747416885390881171577280
97 2572533826730206170606792792
98 1401427204867299632516316900
99 2033623066013074753598870816
100 1366514453544250556927050032
101 4024210901055302818226736996
102 797081803517780978218404944
103 5442114521951769801123975762
104 1387721252349541385577934920
105 1603808847520186560355462626
106 2111968498573024085405650500
107 4493368452591251759608525240
108 2132002331647280650553342400
109 8462677774040221666480494314
110 2902842425748132657776589741
111 10975404966369934204466366634
112 3518578953105410762705649791
113 9911932241585833506533067594
114 2064664038352176840283766080
115 11479532223676550065341852816
116 11428339192524660145647371424
117 4959708969763148487391631016
118 12917006514097329461649934092
119 23568579727866461804761474194
120 3615098723687764965374761600
121 29619232755873201278734656210
122 9355636969377274206305444016
123 35201145174604689638939422914
124 8850315334411722736163704721
125 41789292948620899166990258250
126 14040547818574323133204025517
127 53669608964967322434925349322
128 9046692707087271461358236400
129 17027761995610578859690873076
130 11861492380089380697616863300
131 22103234893112723608414234518
132 11244441787561220075807400640
133 50696199787968911270183716836
134 48946500472002060662021509704
135 14886884267401202115312603600
136 14252333285711046452525887680
137 34568951910625664726557183206
138 45880786798927305475408583425
139 27442594939226294276092243860
140 30906164208637147109558081665
141 156828625079642630335880534952
142 38124460929822346126126438320
143 117657852944698518020516374900
144 50578491189284349424279223616
145 209500575178292925425378040150
146 60636744470509837202129964000
147 91866355120790121288913281240
148 135261735592596785474422455096
149 286840219114952623669534234704
150 49024610702394426833371378000
151 63617935524699487423983530248
152 92582682696105992547043074825
153 36795630548418522812447663016
154 86711723910207134099748000341
155 168682608847639693227116832066
156 101931578129902043150245234617
157 139262143699409007565060486560
158 320005135257618932127593278440
159 111493206179161899172091224480
160 78943737919205083291734822000
161 289482013632620802694360182656
162 72058330187969734513587997185
163 167215474592621198875504409856
164 121321435252424159121380595648
165 173622952196420606057118893292
166 176050308817881180890779379424
167 531807323510352396522942016776
168 131649095707697647095871553600
169 683665926528654578975103802080
170 109083635160070012210198542616
171 167548815405061379127676507950
172 216981510697969372385977030176
173 692240148081458100017007598470
174 170270716023035826721526605500
175 761269889835434916633107456500
176 262521422976209547532422480804
177 530665354017235125677428015680
178 236509413771601712717659931021
179 2099085601949204130171585236994
180 347085550489474558383045218400
181 1219181438133144792834153085892
182 388985186613063476439047880648
183 378499954310641315061413534280
184 714701637421976567811862598691
185 472320861355778796552992433430
186 1191109633589735460827187200155
187 666192254287446165392098965270
188 574394281399903626040223394144
189 349757761887708318174311238276
190 645157001868629062610067168405
191 1321376755240396922085842650240
192 550026893102473988391592387440
193 5686694041003732361127591362346
194 1191866307793492714864789543884
195 915942342307867963674050101140
196 579778556699940515257077793440
197 2606450134270617050465136163830
198 501271434218170692498412506501
199 7363580257730740621174228405386
200 507798827487967244143478709000
