# A216904: Smallest palindromic number of length 10 in two bases differing by n.
# n = 2..1000: exhaustive search over base pairs (b, b+n) in increasing
# larger base, meet-in-the-middle with exact 192-bit arithmetic (gappal.c).
# Computed 2026 by Jeff Sponaugle.
2 260311602096
3 1161970522902
4 3240922809120
5 16446205929150
6 5681121663231
7 86430674537922
8 36434748011040
9 2119208930874272
10 1198501397192925
11 850466252340408
12 567228097076960
13 80847888446187460
14 5733768413240616
15 12410554422030840
16 3028257303808673
17 32977836735154716
18 27000016202473335
19 239720296892530428
20 57796746638482600
21 243556055673202428
22 150063857505656480
23 341697452324038860
24 138324424169101248
25 985076104632912630
26 835486312878259680
27 379055085324238260
28 235461145107501936
29 3655910201827830636
30 508362410999594160
31 1801954215114726024
32 906517368334327296
33 3069416262029600560
34 1166481628406262048
35 1015818989688825400
36 1964628911944079928
37 6804103998449843520
38 3412865880999008220
39 61442739489378058240
40 5566150539586260240
41 23309555609550930720
42 9458393143977778320
43 81714450869874974424
44 6217636571470543681
45 26262572697496369250
46 25503604123196988425
47 43819509840105618642
48 23649328047920069131
49 66691631392340118192
50 28094194530027165960
51 28594378803503088720
52 33850515191872023360
53 37826501283325042536
54 29218320086896470960
55 188814983274575028690
56 33628414384840173340
57 43734253607809274760
58 128069898832928983425
59 189410287220884012440
60 192127767054690873600
61 363705911472957372394
62 163317045137110757376
63 178676161177097491776
64 359541340220221017600
65 156085670176653170976
66 253153871147138730496
67 669147293649726124372
68 670400667496105256880
69 143152202393276905500
70 191979511253518028040
71 377007558016124756124
72 289897242522152087472
73 2580353136918587610396
74 249061648265306994585
75 353073696958631435904
76 944375404603384079249
77 1280383529945170282060
78 440802914256232884135
79 4597774586304872691966
80 500426806278738866400
81 796622483576668772310
82 4616430740685589575576
83 4175787217141631630250
84 956512691483276995840
85 3145489851334180800070
86 1449728194930750090180
87 2347727424078722949880
88 1906134394470449131072
89 13423972481630736403716
90 2632288243371296525120
91 1421591450825747783456
92 3345975546250606267816
93 4880902649970437975600
94 2839338989501435157600
95 4168812627417026732976
96 1901208619287680296672
97 25861846269686079899820
98 4579342495584104941308
99 3289998375088347915278
100 14006081544030978730896
101 15566282564134485485778
102 4475835400191739510751
103 14270187603292247112082
104 5747838496170306742701
105 4106475913870687725144
106 4469152217881943850315
107 14153962182104574056850
108 7918928516668367897100
109 43168238077429260280390
110 13478657529723065216625
111 23544996380427627000000
112 8088787026904003422880
113 17958996759372478033770
114 14859957218139430512165
115 28095490902938413586100
116 13302005909153866380504
117 28283715360165242866200
118 62758501377472297344960
119 91711009269424730954064
120 26310374825668780084200
121 59786097992541909792210
122 24799261396759581371025
123 20209142043897418326300
124 51773193820453270481045
125 32406217318449498799870
126 33900595518005267935728
127 138237524520717925657044
128 34464180238683948248640
129 53495160626822886703494
130 36360984825225725656992
131 214572188801943883193850
132 47109826991272231207890
133 25226946017250824816200
134 62556591922679904749200
135 42303025058134031418528
136 207416875667976363141634
137 791342157759021573978912
138 39763010601401906993776
139 343651964471106769049280
140 51751073153608879457026
141 103616121308038780941280
142 696560563816244459133576
143 65149855069383410117020
144 50413995104537813195890
145 89845589503795844723172
146 304641776088402576846336
147 92389870750553046337980
148 87596412338213028071500
149 729489729547917012508032
150 71407167645343665023265
151 703307867926785593522934
152 93736348887366177448365
153 122816260902409022348764
154 130916093186924857179027
155 579542056528880431220312
156 139336130688838265138320
157 929357197012548954792356
158 260949300478774985287575
159 117599508813519855773046
160 342067512645947555941716
161 667735759645598818596906
162 177875234191084671425016
163 667089318812076023505840
164 199250169480435279951745
165 318712509687549192562116
166 636196175236078990990800
167 2575498676239997873072466
168 243336039929071782045248
169 254263503995088505815690
170 333366425775177516085728
171 608987061571285306829062
172 219071980317079819798401
173 372269826749919232026816
174 682549264939728780277965
175 366697979276667796078950
176 590386472440352649493696
177 463395953879872403286960
178 2191856360742980902077536
179 3306234682662461274372600
180 314951857302179555740125
181 5084084884074919338986958
182 439360005318501149135136
183 1603248578006494307399000
184 405399088668594092311260
185 975349021544936497287276
186 1225551968615113303752225
187 1084938149341357066084126
188 1275985638993964337336016
189 519759310392463246336512
190 810529969316209820785601
191 2939111017751653842334400
192 542988129518192915403120
193 3891881288026073948623992
194 1297451382279689734264912
195 893283030246684111944850
196 1439308995314818445478738
197 4795063882915286362674336
198 1371583592991651558881800
199 7748033937368966099376980
200 906651644673802194072000
201 3829906866825787433033964
202 2747915754838088670061779
203 973856361910183339352688
204 888796484046832816886500
205 1482125502505296133191096
206 3531403068629058676516065
207 2385737157081501291457246
208 1062506322153471490846200
209 2068249697227384362092520
210 1291186335399860452856176
211 2265948784784215294711298
212 2133025941493904421651400
213 2244003279188005197069984
214 7314370279674974904213840
215 2853422830324561084258696
216 2964949566107274873807639
217 5224134406224865683689046
218 4416854383009190073657300
219 1911083140815291618431200
220 2016437585201569147362525
221 5523687026212384795283680
222 2983585704112073448068856
223 5635483484015457256441488
224 2008789945962921964718374
225 3354707702868773030424216
226 9693947358729270206772462
227 2594658654639343536436108
228 2903353008410272976129025
229 19284011995832815814601096
230 1997405284944929791755501
231 3536150679340052361869414
232 3450629688591657295294380
233 13962771312195263589138360
234 3127494098483105595105225
235 6897351009671329971855756
236 7259042882983978998976968
237 8423262774605222158006716
238 3777286371016461827429077
239 13767715097576656024019070
240 4531993007865472222726500
241 4295193802928578454419718
242 4115093868894079870184373
243 4912181274881146897197840
244 5441555742398365131169605
245 6070383125066985789370320
246 5214205304172190307257204
247 7013108691142483946569440
248 5781232085351419756371600
249 7691341598989701741590880
250 5680464002137676627172781
251 36790573431880194139527776
252 5281652649061998446231400
253 8918429070443536059600184
254 9620012410986071705791752
255 8084490437860098148559610
256 14280496161837660563588384
257 49307807876597267743016676
258 7228848106032510729877005
259 11983823209706523394347912
260 10275392873293938881516025
261 16678327895731799586815834
262 11285458619925658594042485
263 62422897015913526320206500
264 9224598467350401436055700
265 19051645883765537157224676
266 13232120279260583156525680
267 16311054137327294980113248
268 11773255736096271766219725
269 33017893704485377610286000
270 7502002441704925256562820
271 12274017001143250991646624
272 10559764057567395469448320
273 17186772127371974505868336
274 22293723519986966432629376
275 23783576565978924316508250
276 16147785840399189712573488
277 18264320506889888423672062
278 12099660808356109083131520
279 14741183651486927763871692
280 14344850764571303094034176
281 95067869775904394101002600
282 12457949815830303694546091
283 33089435223924573056425410
284 18662440414183854672181095
285 35219842443010102261047826
286 41357798610161162947489320
287 77209483210189850085470476
288 18726762886583024632433020
289 173265983395802631284141542
290 17834430760168812797442072
291 60621664938456161590470644
292 24444898375203927602589825
293 88735622822222409757746480
294 18901434326690362307257033
295 193225137456296089852547840
296 18634193326926006668254720
297 26534022690543481715028336
298 178282522514415881081569320
299 25905717808911038142645958
300 29089888903740730294285875
301 37500172256675545230608928
302 30093285480361853375818080
303 74650865227882000932565600
304 37167711921095115738419328
305 72084215109920417420145612
306 26377174546967137820202003
307 203548235783795607821685912
308 24019561432288855538677440
309 48046386657211068096272550
310 27473117034260936783437596
311 63731676055155183127029756
312 30260950589848108839034389
313 77341824623378946317332374
314 40381552161400320879450112
315 39944972373209814281163100
316 27910234178603436343924416
317 161471376612907273434990224
318 34961935559720409519349889
319 54112113822667072898009856
320 45044339047229899712928384
321 149033120125565634798776040
322 43655176898257720819888320
323 156327307818184406627537364
324 42075943966559747495335266
325 98219696919602588317471120
326 97595844675717528382539276
327 71698196219841646548715776
328 64107988378067362148825568
329 41641901560122361014617800
330 69475596050884101353007425
331 376328997541962169481235420
332 74208011632277355325752795
333 80511717462693092580768500
334 93761761566956035165102400
335 67173257589588063440359456
336 43151441686912016421529280
337 124969586435547850713674846
338 56962166285828289466365840
339 86694027733981238884526930
340 99942235806746894456909025
341 122706508503540166591845978
342 60444240022563335584689681
343 249125764816219187274053650
344 62299363754214686164889961
345 244353266809747148465703200
346 100207392477016274505959904
347 67557426591744742634441460
348 115793392173625094122542006
349 287750193144947443807904592
350 102911075609028357407838696
351 83616471409111517606480296
352 77602886318856008595934512
353 460050193696877677024741390
354 112679196977525367573180433
355 125387209861037379496511270
356 154380737924980949715239424
357 81725468377593929809088196
358 130395158159299274080642880
359 420619461303494922214397400
360 78996610737594719623849665
361 563607692242547209671479130
362 138578003155530383076856336
363 256742624807771028536366636
364 94705484649396877621908621
365 277753799135974600708120710
366 129900437690065671568064580
367 579746758983889760560746890
368 178075976843778106765148736
369 211894554169351167090419080
370 146707558666367857891899201
371 139048972483033962699176652
372 105824632101066543398473675
373 403180785209486760632665146
374 201020367899475869452665480
375 509685924662547429544734870
376 262079646768854872144400368
377 191465797519125546624030600
378 141322588777595894614208340
379 616038712554326678936634000
380 163516019843010977807982625
381 902366083497509467844098350
382 242580173896927943093533660
383 200038659945640975873290060
384 121579767118224530320369032
385 323929613491295448121908528
386 212258991781722509000558181
387 204401084363372868085812384
388 301021830713557616041881026
389 356397844215348814610831778
390 260449977206381720686272448
391 638472512296754642257448292
392 184067653094771268404552026
393 219024235404429201703999260
394 552223400687168506126855773
395 459651328245893817546162210
396 253565949503087018070915825
397 503505963849905769096981840
398 661972095179153871706858572
399 222637913700442405561317600
400 288090196658112608510127780
401 938633601077277197880003552
402 359997551942816266262512905
403 306277694948284646244030432
404 290511334331096676731961154
405 618776977925087887257239706
406 396236292368208314204651875
407 467149000398968226352085920
408 325523890337037639674691744
409 461205362697625566833754840
410 421171145406453183338122812
411 852024453769342448764241216
412 329334134829334028229375657
413 746704092827655197534331216
414 525494470883695647902364720
415 1163315547120286041049412376
416 267601010482871067173871168
417 537700145162214838178370710
418 413468759982100222069553620
419 776118997960895445265098756
420 356680226135865236554074400
421 505076159467708491407890840
422 856478173075195178607818400
423 444363685048276352901902840
424 654922882391666136576693210
425 934164135388105846722362880
426 551299794423899819795198975
427 1088137938971255793367239780
428 762362069711864256793181940
429 542088651044195781970815280
430 514712753572299682064765400
431 840540907409388597256737684
432 388988570016510578732039722
433 882942508716185932119152280
434 468340864479431672621199580
435 757336136391163160771997088
436 553629663856070459369484696
437 428236156387818676016041932
438 607460352069328481080188000
439 10403247450725084222679792888
440 399659198379679772708939688
441 794861203003818739167138760
442 651309129585973274330707045
443 1494871434407990207073876456
444 624247726876976507524675744
445 1872586560286444492986642156
446 1392615817796791073728376817
447 1049381719280335794451153588
448 565167486612788071870377519
449 3158413375007079853157469690
450 541330847306504203191029091
451 800042192145081085169410760
452 1161056403577648258347698346
453 3060738595212430649255980342
454 1228617487919566156852309325
455 1142964253592823279666227760
456 554102923692684569485011093
457 969917427127173195528737440
458 1012431899498420444041581120
459 1016963552736728697255914916
460 824827480809850000793715504
461 1460604871396112486199772890
462 685198207474589385124878825
463 3694340322893700917972990700
464 1540346755207094817491045160
465 1231871397227710514439754740
466 647011181456259737726929100
467 6215009439206383539661386720
468 976388196825576426125337888
469 4079193225394789080974368512
470 2421239179772538581643293436
471 3818195752107375398246224584
472 1238442983333523054509403744
473 1530062951963355919959284880
474 867579210124131166924798576
475 2120135353586537030649982776
476 867880399257532984814404669
477 1348387003891697017152861180
478 1616478058902955715904724776
479 2315841636048893920458284152
480 845220718044434848958709000
481 2830974344012743626076110390
482 2220978128215087396420530616
483 1545469384724262476967255460
484 1651126948388944375980521280
485 1115869449449238964858040250
486 1232538150012452721206432253
487 1328784503893460112894014180
488 1737137237332084255971922752
489 971411414184918242821871196
490 2092801214951780823327919200
491 2606550009207156495565352352
492 1821325504355416439977767534
493 2129353676646303876420849912
494 1353922795872500919252796440
495 2727244890525580686764577252
496 1165823468334308626169918976
497 1716047742176684598935078056
498 1629946360098710817066113743
499 7287016958270412904051859250
500 1688405373772318982943034950
501 4577191106103907181310308854
502 1734841202529247871892910805
503 7410191082818958923781410120
504 1235997915198670139491543288
505 4940804951517041527807851616
506 1978424361947821638917165932
507 2217126011043610690381481760
508 1542346862966297528698185584
509 11708333455724308874804961150
510 1435019454894353852968074225
511 6490081750470572877847385980
512 2439017980187173329209625850
513 1886700336832336959425585100
514 2571225911861914034511391608
515 5330802059080017030250996200
516 2232730936421084483643440896
517 7118757493018116959473004160
518 3070859998036337217540972801
519 6268897258382645639142727850
520 2499739153663906110386177152
521 2957913217017117456515477920
522 1885127423956712361991470521
523 1493308943975551643763198476
524 8473962799926982217477947275
525 2228839929924033536874146354
526 8719935682059033232924209240
527 1618128706420993497211754560
528 1626812854276073729788138176
529 6201962456011614953064606696
530 1830120568287386150110665960
531 1738808344840437270868282416
532 3171026786204566512998057790
533 3275174409517582792132937310
534 1811544106126781770594698420
535 8771574810490802079772992066
536 1880861927486920668936639568
537 1916378072461766676806123316
538 1918562308464714470644814376
539 3038366245056042591821010144
540 2011035529517568939840018240
541 2496376028009491880131556516
542 2099231476385797224370799800
543 2101511139493425164228819166
544 3518716271161039184712688278
545 2163755381761251385825116070
546 2264402905894873671271697808
547 2280103856892597732012446958
548 2371340988202632184537147816
549 6819892160257838508506540980
550 2367511359464568134021559300
551 2378430111236319839983540816
552 2541297558469466084856049536
553 2583021178792946627122095086
554 2497587659255047388947953796
555 6696865739297150190720819328
556 2584999187319834976954953592
557 2714881577794704454083325498
558 2664609174056599871088101076
559 2867816327625949562101816746
560 2773495925200083268355584960
561 2840394768054998181367917324
562 2992535763032933771533846212
563 2944221904573600386198540376
564 2985843292559923718942743536
565 3004496951491852103275217020
566 4842569959108893582174538740
567 3174244676139901690126729908
568 3224986038095193930046375936
569 3263975381742535887139808338
570 3296939398190234916021811920
571 3381562600351835155570466902
572 3572886985945534499588837920
573 11312833466851582520538627580
574 3538090873157509686132736236
575 3710736010043930458901425600
576 3650622934174399479531459456
577 3658399016744698830722533196
578 3744738752606891099366779936
579 3774169790444384388856740930
580 3966892535647965215992626800
581 4240114430219491304401233670
582 4199037971161963676209482456
583 10809033398221303146573935016
584 4022375776676743876208613904
585 4084808415941492657527171140
586 4164443449602528996141399068
587 4286773205088842713305376744
588 4378166029268112296480543376
589 4488373595012370235787181282
590 4912535099855969941825059760
591 4495353378482953981387423128
592 5162702622198686326492754752
593 4734006558944888691518488546
594 4741751150041070298570426000
595 4898363722627282002786548620
596 4991864343020781421301408584
597 5019438671779109672297898492
598 5092829005059892394324813484
599 5053712114005430906714449060
600 5160377041310022594196768800
601 15976566264028120667827546800
602 6002788363647377484455483140
603 9156527077625723053615412016
604 5531854887708936954928441400
605 5636673780675793593173454370
606 5688012041041382241879275328
607 5784137738640587709918639644
608 5825125604021065807580425216
609 6223169803617012833164742724
610 6163505928409844984966879220
611 6385769559154414222318912036
612 6504542257258113162296588856
613 12369086231761532015888508132
614 6492512087875920517603120864
615 6406865647025607840500188740
616 6807713621492669890859500800
617 7180116710213777783116338082
618 6996144664137700555978972596
619 6898523855378470458911434556
620 7040147771958745669635184720
621 7747484908803113607180085872
622 7261110538800438067773731124
623 7310276252288530252465550446
624 7416538212282809141656081152
625 7436975473500643964846093750
626 7810376115176826690698330536
627 7623942590318469320241360816
628 7946751602734033501839802256
629 8122971801519879242478916318
630 7974168250195371820551336360
631 8358367633793361052016336904
632 9958373384042724203560922944
633 8763009432279870753023603016
634 8888512375343148918776281072
635 8914635556282095134506892920
636 9297213284917343796112966848
637 8859867105056854890540569032
638 10071793772029251141720434176
639 9291032926469009188462567008
640 9927060322283584706056907520
641 9592445325705803625167048212
642 8932068594829408299740301976
643 11312179279499025978330083536
644 10156693224756089052538498288
645 10222202357036841672802520580
646 10208902013662385872190608248
647 10391819052989845496262803866
648 11020642853756065325023063536
649 10480285829526054210016063936
650 11682619986316140428354823100
651 10816540094086750184726113122
652 11030783381377341417458212296
653 11205622639774698313453241986
654 11339151585097865298101499300
655 11385259406288768404858926550
656 12599883725897450614077248032
657 12203677690614300357862142814
658 11839944159882454862455079136
659 12120201935457326046604239250
660 12857098721397432219833879280
661 12146708487987842402865447594
662 13651534396397459938608485380
663 12650099747428096370055416076
664 12822907579669834903502815424
665 13913355595868043405498615130
666 13793377218782728149004513752
667 14346566865260996334516952702
668 14356019442511786905315115696
669 13744876000990814359643051334
670 14856399821204434605117532840
671 15691260052851213022379673706
672 14785075865617923371122276800
673 15097687154659551055306528956
674 15042462228873312289876096432
675 15099051434618221328929802850
676 16510278397810333822096434192
677 18105830537481738461334322102
678 15501561415367035640322234396
679 16844126369961452489623721956
680 16198284499178688705651406480
681 16129990782254642562261447678
682 16504007188687039051009415392
683 16561404300685924317575422486
684 17436771513858942835819856064
685 16936695835138723245372530580
686 16241325356579519811899246508
687 17386942686532807865549513754
688 17995856359945810040216545376
689 17917630933365784576793142838
690 18065494051724937451771463033
691 18606644703605928852345547334
692 18559623857809708263153311632
693 19539395790544877444878382856
694 19944394855073925847484737096
695 19901512733522339823289963540
696 16441443733560352519507264465
697 21316365205343928983503833244
698 23598805609005539546362322476
699 21354595083412535982619838664
700 22156494081017338985169308200
701 21420557537019818399715622330
702 22774114797411033730454774292
703 23277571918481851624028018686
704 24044332052707956352842569728
705 23966267237400942616343308020
706 22443398510596220492727588716
707 22951913339293441377992555284
708 26569449024592533081932085446
709 23995532659989767201317297904
710 24118328232902274026744319760
711 23961427470940986830627724132
712 19148954963079148011128582361
713 26003542192254180267862237576
714 26671755207641114050048004184
715 23240535454010025402817797504
716 26609514032801961324421009624
717 27998315102143326128794596666
718 26626937032628625942382730976
719 27013950849628901041217603182
720 27457712182898794985840640000
721 27276222893891775140114784524
722 29431169463161272250273587252
723 28073065659729972888925563546
724 28642913353902247137967369904
725 28336780650730348852582156750
726 26401396473244817487199211176
727 30636576200234708181718184490
728 27680915831393817091848867265
729 27067879450613408111632769760
730 30675137051483616129369876320
731 30995487694357935253490618926
732 30775854040303459845310000680
733 31522853395777189987261003626
734 35066505174305051724679505188
735 33933030636451621462405708650
736 29034558332360962973726872689
737 34773195106017794423824053700
738 28844784710273999265183356769
739 35500005043554295510850234526
740 34337958577440457626021924880
741 37451977277140706950329303462
742 35250568808330576540447571460
743 38095491844009268262524044126
744 29120555810244328366986346704
745 37331826760689289447389360030
746 37427315877202708993952112124
747 37274554723522146284241240240
748 37533983545500043579201929056
749 40213173072843423461094042568
750 38221381034441359647193405500
751 42862117762193115326236790820
752 41301803733648638104259427081
753 45224037754761873352871095116
754 33764430019053990615549591825
755 40815698528696617505349634600
756 35095692770224241547758972460
757 33409891672930930917646240640
758 38582354263441880648635259460
759 42803691024610123821472109598
760 47374459949927575873745604800
761 44685306086362575852072335248
762 48768299746124513094687183840
763 53905605077079127681172889676
764 46828465249283683568837215480
765 47024030732138457195699738810
766 49396510289027064472500071620
767 54665461334560251191188621072
768 44593991216265040911958859340
769 47967080203324370209657091076
770 49673331468076902286337421400
771 40074061339334124266168664640
772 52989353247891859623768680872
773 52427820166402801990450780306
774 38746374047273518689901516501
775 54670203353137073650337101400
776 55818696816435949549994752528
777 42346110059146075341690949320
778 61303414847305014474324487916
779 57473820803717359671938984506
780 59317327584094583984400366960
781 56437717663370613151102169748
782 58403191617322795726745523856
783 56754931506822210411633400056
784 58588361139112127579247934725
785 60451737493047794460174184060
786 60462713214702047134356760080
787 62546255862251209004825842260
788 61976607387884137458245863576
789 60682849843856673626432223040
790 62328626265312522199630143700
791 66436720946742508527263117194
792 63025506609236816285018641824
793 64987042730805587014357793786
794 65100071988904411518929173828
795 52627280163700361438129221650
796 66846738812752065510002376496
797 67087541141711591736533069926
798 56302713181297871558911310796
799 69813826278840641499983992882
800 70468907116376887304182403200
801 70994293513494169057774046928
802 70285883881492901560289408212
803 72327883886902047004341175336
804 53546790692767101370220984250
805 73681322404633981167240553100
806 79822254650737975812681976432
807 78685748183385716264660980590
808 80742395175697875607415472736
809 79270763296220002306606744708
810 77864560115951691109567175104
811 77863705574691106194133125398
812 58207711980342396196968289956
813 67078022238571704460782812064
814 73131080523531817774136219400
815 69486621266854135854713253450
816 79251401594203046774726132016
817 87908995007728537853924690948
818 85436620828104202585656567556
819 88702276918460828135756079564
820 88340495784167955316142513800
821 93215646930306590686770735616
822 71550824273779469601447290961
823 92678714450344218786115484736
824 85909818000282129168133831104
825 77302735284063146107186986300
826 75310602386618248693169221760
827 95002783045861230020226785212
828 93298424102270933710045801536
829 108742098287108697209340935238
830 100206043651795885469666381620
831 96573994689579240129835155816
832 91395733778347191663734265625
833 105832813283997675620661543466
834 106589095685723951985765160008
835 88083607876630009350191346120
836 106317700729936976588094106408
837 105831943070153561041968743536
838 103943033326692788539173343976
839 116602565372620200809496078922
840 78416723483021823851666342160
841 110076022932255873462946097208
842 110621663717619772151972094052
843 126431472675995971809679704876
844 113226511419569204525960438656
845 121906859366721914264799539260
846 119064874618843496596728069400
847 121387494298286000891731106328
848 115882197149576269403947708576
849 124908616487351834450329741542
850 121606277482255962304511792300
851 424936273151845671455294270306
852 135090635923802551612434736728
853 123612881984943936088011989526
854 93877106826922114499629479693
855 132592689950114257361817310980
856 140660025473992505976732740976
857 134414465208378923909695950712
858 102255378342623988203290151961
859 140319683779123968683331753970
860 129423271207986006872728010020
861 134445515548577534613229685502
862 141638509071483311209789830676
863 152419702474044008200674872776
864 117568796956537176286445219490
865 143426535325612635373972902390
866 156432310707853685580080855992
867 148099051308367741434160480434
868 107563387908763815345346653702
869 151201731802763946572995537756
870 117944212443060770668982483116
871 154363268800798956404527095360
872 152176772670250734251933067520
873 153459799627106489645880431406
874 172608966351563643207103995748
875 153646586173147481707536880000
876 118663326974378290952444653872
877 168497950731922857526207272842
878 154684644848950268932250755356
879 165723208838223779134920571926
880 112463524097980297845868475064
881 167867879133276948588199189570
882 132778087048374280058556475101
883 174593869984074529760396456196
884 128785151459596147585389489897
885 180849392479267483087784907540
886 174958113908387857568757196500
887 175044218048731497623233949146
888 139402788351586434842176578240
889 231695238034461269564604976154
890 185350252279986501290278413160
891 208116449872009580968536821274
892 197354533070361425456497919984
893 185272611183378983682800431246
894 142450800855458035946230629504
895 207462377753791087401160643410
896 151107016987824599311261309792
897 183770907477426978916009388992
898 195957956145142693197405332936
899 210588749605775287212935981218
900 177687214225191259219796320750
901 228927529470295869244726870490
902 178917387653710663404030566220
903 205600925190576878285818627146
904 183288615341088166677160773600
905 215437542133301540201051815870
906 203461767934396332995558878624
907 215605322699718685120277035580
908 152594078901968251256988926400
909 212541739413443219684604818944
910 246071282402624613325494294100
911 230367232949382301947500817028
912 175308647569258016801408071200
913 225261583966495256425123347876
914 244851719016070965483243489232
915 166460863215649349765142352104
916 239272978513212615448554792232
917 238885611825826106439971092798
918 189200462049481873305865296384
919 170523644022485840192139387900
920 196106436100880411290514233965
921 259871140048016336569380336750
922 228504571636976067197310912780
923 255271581526943213073265661146
924 180109589624261823041846938531
925 259299813028686696143624303700
926 243684477904651875377461508448
927 257576407743234548237712490090
928 260330010428147009652669249856
929 271631912448257782120221838228
930 236394862827655309417698920565
931 226110155060635425638414853216
932 274918783425528826698784331520
933 308053712840713439632373092236
934 288319615505742781632244251316
935 281280200940542528951687359690
936 287149400427780124573862271988
937 345204415885574726426218480898
938 245214927184377869710312422255
939 307055187303179342288847710964
940 239229949687813925896931641545
941 297364719234172325307972008698
942 234348302116265045382919511848
943 303102914135229918232510437386
944 345302458581280593909635385952
945 314352580842553260999566670480
946 238455412814465184063459855960
947 348567903901892210562579570250
948 302066729881668927283934414050
949 349003156460286547247825674956
950 328374174621750076163828124100
951 265501969408929884557457635080
952 237192884849193557548537333476
953 267735120287163650964377372196
954 265616760767632248397226708485
955 344922641416126605615523137580
956 353530210894165844725298009080
957 325070963942660580917002538816
958 357514265684336381818911418916
959 355398934924873428388216921504
960 336702951460626076840801829256
961 372619405112632466834480074138
962 301463371464337775657157804000
963 391050722274899498791315149276
964 320905256374218296089446438015
965 301827482111708796232412665840
966 377975415989594254808128518660
967 382989915771458302869698953464
968 385078546026787792529408170816
969 436129622521407207977237518008
970 448559771557127497267955434180
971 402091402066435866503365222258
972 317731613732273360849458598176
973 427588024132098551623836505116
974 352418984359624703865679681320
975 311841582311096237999585092050
976 417899003517236491648948848224
977 418527209954075509216222085080
978 294816885470823879806274300336
979 504782053477422040752759133114
980 319467228369508132332807637920
981 434200351780337449054069400220
982 293126706860403756171840369375
983 521938801107724178176915860646
984 313449364205151279065717348086
985 450396298523937502525105940800
986 350186602516754892475316878512
987 456916502476844545278967973688
988 466482991164586309688881378376
989 509681647572264135533292710368
990 371785881722927127973125816705
991 522723192594458347658170607702
992 362247032458475245430837172660
993 497551511087505738063497711766
994 483133977706318350507309215008
995 498995137957522442837712939010
996 452637780133985588461800797550
997 513936280813482088936332491548
998 602084464508170500438892805356
999 527254205109518266127761561668
1000 519584740072850440512521877750
