# A216908: Smallest palindromic number of length 14 in two bases differing by n.
# n = 2..200: exhaustive search over base pairs (b, b+n) in increasing
# larger base, meet-in-the-middle with exact 192-bit arithmetic (gappal.c).
# Computed 2026 by Jeff Sponaugle.
2 2544221971606336
3 10205276352438060
4 2034000581064892726
5 10716579270481431300
6 478424423430231975296
7 986525621503356266010
8 5852461120932413058720
9 30043763040522880983060
10 21276740679206821644351
11 375740702248086810504480
12 176430115802608773654240
13 275409453041791364041046
14 197766169061546926090512
15 4087184998390242501502792
16 1625527889938235675280168
17 9008181547525940849382224
18 1183662480594844908667440
19 120507073362706169594389100
20 12624306686711921192811625
21 277261635958174852736428872
22 60818814320127088044088416
23 37406953661804100839458176
24 140693002585207220677197942
25 730954367123977496274795790
26 118219604649749359233236200
27 356935136906537962913330784
28 327330110604735893213041010
29 650003423442887721549962916
30 1357081909455509120585078280
31 1288977463782286731258161720
32 2826953999893430212439683200
33 5402824203229185916435523040
34 1873428907166566832673312876
35 46197238565102798763189976000
36 11302443793515062380770843552
37 90936998107537664276514274920
38 25067155680852228284775753880
39 34823116024439037499193371350
40 12133093988000862241338112425
41 69371054005452325725992989488
42 26246664621453925577812357936
43 277022271805777448674344029952
44 112914440743929963539198580585
45 79771487028596774423212321688
46 823545635393413824762145376752
47 383103732818738538317776782828
48 265983441899263534288919829060
49 1890878520829604370476366131128
50 136559436649979602973045161375
51 1019380991443243576153056375228
52 316973484797888508305356615345
53 1482818636476760701300940659896
54 493440895720935668294375138685
55 2695321848114911685585955379760
56 630047077691770045916567586894
57 2094053435751794261252480092288
58 1156313874871162607513275353845
59 8738473479716012437748205821256
60 3775161276943541698174667598124
61 7640302063825701930442428870336
62 2886175902391447957670889146665
63 1594110530373632987049363825390
64 6157553685563834107429187324320
65 2560055619054322294202321665110
66 1823836966124446824671828853621
67 57281335766716563070796982768130
68 5480669165267883218276806822560
69 4960566779418100648312014723790
70 15400669906274360059314993387456
71 12949699093002054166142136417750
72 4487561912854529607799840963980
73 210434440231228140291796237194000
74 7943696709969826629206916603112
75 19159445823085684628430759972250
76 24609334841364683330098480780842
77 55709933206114808306242049346336
78 14944856705022372910862138824000
79 46004430052644565484259712088346
80 63980076326045072421159173670660
81 16307700539665923316827901467864
82 79569135227313054995272464689376
83 272407580107490279178717365846328
84 59129554144322684962791535158657
85 44136065014423812480272158732752
86 169338159320492030157302318594016
87 121419632671767972139488126613440
88 221611761785396355129174934889776
89 3155013055665152360745443702707812
90 174540212288538070459732866106992
91 375127569059700037522992515102352
92 177395582282549197325768409848175
93 126292860983411547342573761726754
94 251631816892702784462231198563365
95 278050389741063319016371921778890
96 139175639366611502330300027435769
97 1107740652630081442901840546310816
98 143742845707221255546315000320200
99 471795245033641829189001727405252
100 346491631015803405597111902559675
101 2747771281881316199155842937965380
102 839668222361675227385764754718640
103 29668947692020275169462707643282008
104 257824164060591479319972065984688
105 3435979967427908774129830571577500
106 331179972281791756415568464319888
107 1251068668017530641628478601057290
108 439259912300916859303079270954784
109 22095178194629621516145193152116820
110 1057974836793054662916762542992900
111 2917551783793739176069768808318440
112 1951419903588789496232707549687536
113 1454747700762535456998826798279650
114 907439711718723956499558944829564
115 1468693143659279492710695190033668
116 1088690917492589054015244172043640
117 2808742921728531660766703492879560
118 1322339739981029570718058238090148
119 1883787270619712599361359941965388
120 1797668699112475617534561995356800
121 12737497955971955442681677246521910
122 4875562660216038938959385141229312
123 5956710881207530182791553901031040
124 2595354158199903053698664590480272
125 9559673441018351101686537881695600
126 3397417946568340460072950654850580
127 5105765061995283647456337083909850
128 4860053695925141389173148607872512
129 31008695478673768505137227600505398
130 4763687140484752045612052830363020
131 15130162761531285721607710118801500
132 4487414913514157453352877548385792
133 20770561189453788298612074837805030
134 7889720673113835512039832700686540
135 15815388856601927514309183824000400
136 11344512469620566675656055637703488
137 67911699993545548838068293856613348
138 10569577718462270196571911096496380
139 61078643383462788179766778320115310
140 15281025820885552530829947141247320
141 48691142642059798318497951669985500
142 15448907362926509016944572154790576
143 11440285266636584592386810871472896
144 18046122120891703552851563279966208
145 13414747701424221729483633379830740
146 21293409781896858789637091562144744
147 21848754041194776170554262841501402
148 30801498685178269509539876550197640
149 173922096621474868026670564000962600
150 33792917175053934718498888792237825
151 4223422652501737028246540482311366000
152 40941782999671134100893056290054176
153 26311027780379770117837256196054136
154 49868993098748017079770755370734696
155 307851316810104802376063092622122600
156 42717837080516282266822514160481360
157 224328549964322047126989900882034320
158 48363239511866311124153791051465375
159 473669869454314906510074538981493640
160 71920337699974602529556755367193600
161 283176119293042268625557594206321036
162 102089281928833388192643819486931896
163 473427226254344864576278832620136138
164 92751799671223840216191413919498456
165 145808813918399586825163969395826500
166 182501599308014625469107369795827496
167 246758927626124391321335523401854704
168 80037143629129352747486122902699795
169 554300906280707756391196460228888856
170 216017069862056022909256092796688340
171 1087654136674324368189791793766419360
172 103295033098195715577852509034019311
173 197447848358577854862356441296200192
174 217790610652259321733525312100327104
175 561175277733762611281114944914641350
176 167310464560787181507629302905728121
177 397237732149944098743448881829243086
178 323576106413492980575472910847149412
179 260129831793613163300589216210945280
180 241831199641101348100431530007444402
181 1299707134651649363097042574122554952
182 312979022591000811375181936999758840
183 890031591148971914745138710281074690
184 303760034366449076922604141161240672
185 877479096959166574380864809430871972
186 499472688342378257749682804458627884
187 1632057700941767586205106163381685088
188 482936480809722115627312299411717625
189 1191532918448743334173116151564576680
190 513688941752795681843073464719693501
191 5012880121078131840415308202680531470
192 451833243144642472457142356171370666
193 4583336227996629578653224451569106800
194 904127275140175136732031217545156900
195 397455944077544036823680416330196286
196 1231039014286636718259488356391552496
197 1670373770470388072239681722101212890
198 621442977024727793087788058002327041
199 1018706619874057254193548000636897292
200 530956102161547475789621486924345040
