# A216909: Smallest palindromic number of length 15 in two bases differing by n.
# n = 1..200: exhaustive search over base pairs (b, b+n) in increasing
# larger base, meet-in-the-middle with exact 192-bit arithmetic (gappal.c).
# Computed 2026 by Jeff Sponaugle.
1 4712469842177
2 14192598568359611
3 389035682624908873
4 11713091929744317938
5 110566060844648951845
6 1229462825498579445793
7 6742744364652302264221
8 18930794032561159983664
9 128329658678620357987381
10 326144484034703209092930
11 929993027698165675314634
12 1985874527816172779957047
13 6055753073119450667241613
14 7929748466760132250423201
15 39572773152409410990362155
16 39414111873262162540877742
17 87744517114621993184413398
18 190806586209524700455895376
19 338899917582598229990085643
20 536393445852681538543787437
21 1228004551958671959620048991
22 2360768877815146768299783841
23 4672595961780482892132037108
24 4444358458485421664362735255
25 5749069625466878695055883361
26 10321551954434343541955210301
27 22741032696628917486429734401
28 24003659227617105732107494289
29 34194427478775405663986142397
30 49409294032668911670529460849
31 82692410065977203734179917745
32 103300674658394978954618643909
33 162401954399819397549372475341
34 203670471238025477164809995969
35 386144137847706871073400325285
36 552623834683255068240304288457
37 542011526281250076814298339231
38 829915270915908912057213646334
39 1144216255526398073418320303761
40 1522396036679439760246320331706
41 2252969934995069388972098395255
42 3032667151606949839711108268251
43 4419390737711811392606927607603
44 5354002807604204240218270022173
45 7532018551577323310872069095521
46 11583981970042180479777218456356
47 13366312764257319344169716161544
48 16072777347002425717269401652139
49 17036044552484531861926358327341
50 23551570268218316009685631636291
51 30971043216657501373172099834059
52 39910732245363771159760170793981
53 49284177998855378580770292139585
54 56061039750948743326861442937906
55 74741210711966398653527350898386
56 95619076011021452895677039985793
57 118927327453252212874557069769096
58 138746504873225082739150532240295
59 187434070271122709594705850833566
60 209062739478734883418593445678717
61 281702026922941728170759285644348
62 356501189791931957268559111469522
63 384699057588377305140145091600145
64 431339101551858681518212390044597
65 571525649741942103343054143810235
66 767637929806888024473170871386599
67 755371742372452007263263557030321
68 1132909455485508333560932547128957
69 1040151007497158735803534741499821
70 1333367602505058561732649101736289
71 1521731869104281799329356611343231
72 1928327754381017414525546167628439
73 2183153893518180139486825136200561
74 2723380007135682580367946404870681
75 3106039638001795676745739585829215
76 4058819515102123340668227499487885
77 5142518691021227588756923980986506
78 4741578340017858638062736085718877
79 6114399302159018178813530940168703
80 7255266895200029894207076785058405
81 8584344144398196544603895961468313
82 9039531292091145392761085217443329
83 10763430122063477634248868872030173
84 11796235559461477585876740707104478
85 16280411206521187834942160567297797
86 15170252942744784237884933574396949
87 18565176567158810893452040233030201
88 22373185062537712606319812594681929
89 24547453827207341195732430822003761
90 37999057700396397077610480060181003
91 31948319321663526912999801035319994
92 40174868224315956837991813176499361
93 43766232204801718535657163783650254
94 43562719409958469515228078015510669
95 53777173467441892031599884421666243
96 62198967525325914396621134530653371
97 71877110431971035987875526149563169
98 73049540349532963126933674886001878
99 89533658530026684206131172678596829
100 95602512067095804232029710596931296
101 109151298621516262332263693837902585
102 118229229974299848785822320016076801
103 158797566734754595083977635333382265
104 162355957057750572846812238279348670
105 191669436797084564267926711653535963
106 200769530830483818203487491922215325
107 224475602715730877893363082799834626
108 271305955321836043457403890314437370
109 283985669274635986592627451779499401
110 314793792573266188132517350136329929
111 369784844619853123613805150505522818
112 403405559103581151295696226990147910
113 464595113585336790974591733333552257
114 531279269800200018202840391276349666
115 601326550246736124743632200649097709
116 591276668459355493490452824880407335
117 678134449459129847565977186088329331
118 723956716813447708533058595755658565
119 815485089829701013244991287590540300
120 970796424697998296367526170530597269
121 1036665352286930028017827657101967340
122 1177824009634068898732527669659603777
123 1324043738842867990465691845264736511
124 1374226365651831184064553245894856934
125 1558321124904368702112651600375746305
126 1723102141407414378581128598171366212
127 2044382786058623513992761878976849697
128 2058528043695464435190832964018351345
129 2196841224163781436928919013582393045
130 2354245433494377185573225911598368069
131 3016972943896585741534361006956044072
132 3226013169722555987249696697911070489
133 3196391081925848694603448937169619351
134 3790282482652754746415283468921255742
135 4238414789692669705140925080577961097
136 4273113119825965376137897945567889225
137 4846422429046623916628091665664356746
138 5084830929880411942792067251186016839
139 5632728214317521831895023268565893934
140 6885111704648438766616299384553650000
141 7298991676715465558901971398568905221
142 6988917641914457853444336739813903761
143 8422180195458537164337217258457925281
144 8173174142375201096483821866166189474
145 9781031769511005460284929974631483407
146 10782506050489416249883955106696796255
147 11045931617976661586277949875053676387
148 13023247117282495195517038143406372147
149 13202454191578248646777114959336440705
150 15751745174616486612792683685709981177
151 16007518296818519451767059182855931851
152 18640715406464652887366628739756282879
153 18001127487920900994877076308141178523
154 21165673977537822552878461906142585110
155 24712205062018021801193085580267864201
156 23095166146703852201627125352425479245
157 26166464802305665877817652699138239131
158 27296019492801817537981867508655563457
159 28424831671916383216962821816071088363
160 34082462253923522038433316774873136801
161 35918259033624484061059589043179851824
162 35892171680104109477436661564224677595
163 39080352439529850957240214249624115953
164 41206783017742329350467858075178961745
165 44834522150573146893312946051365672211
166 48999861467914089967500109330197516421
167 51564419719279470131344909904201001493
168 66930995640703318907276774925432834061
169 59527750121261527109626705996426645887
170 64680646750614131136875249104456583283
171 76136544426038129241991975407779698837
172 83386363025560394557962354825772033931
173 80970658447784621412597761967015296821
174 88493900931745799353223757277908610828
175 105466478217649254032446497081564613636
176 100412886484458099321008880826233173819
177 115184602913026528825375301858313524935
178 120395187839556321867371184875605917409
179 134737014898703193621730238593936598257
180 134713118321750810620000573649480487537
181 147947465732805500625546144209142246181
182 176216322270725739538448035378147505151
183 167999637497476449621352924022894255374
184 183557573007523993564091386846989882481
185 184445150186776500059584430321597784183
186 194006035750321770796908755855964914905
187 233960714571805406064270885832676556706
188 244448024364906754369243975063731649705
189 247158485064818036543997969681064902169
190 257976198840925027224376710053503282915
191 293185133500717074585505808774460496033
192 294027013937086374103300741498685167278
193 342389512230237813308726071652625142756
194 332988625498656099454593205655918778709
195 365500091312340200668126045349710009521
196 434892465404991623095688401936168142839
197 427914645127383085523248447628066729969
198 437219274670442871836818647880652199651
199 501438534188826803731272191158313914881
200 501025222963029383906647084594924114586
