# (new) Smallest palindromic number of length 16 in two bases differing by n.
# n = 2..60: exhaustive search over base pairs (b, b+n) in increasing
# larger base, meet-in-the-middle with exact 192-bit arithmetic (gappal.c).
# Computed 2026 by Jeff Sponaugle.
2 530386561769238496
3 3949277000413367696400
4 235846132230130855735800
5 773759843075568329413720
6 2100774733130395290456684
7 297357478494888295690227324
8 4325221042711488170326944
9 73420354736530342140173040
10 24039858092401995627330800
11 1164464285050781977724480388
12 1162846680184119625009479424
13 611393260440971283573173652
14 3847286970439631950608760600
15 6818420480861519441343576576
16 121867817515179456904274053032
17 241989348987001672775967944640
18 20576031620295886320930586320
19 6403804930401453095336198179500
20 132147997560664923294228478432
21 304253398647063092631787666284
22 6128816771123072073764696330560
23 731203666867463856205029868950
24 785723557449334676270595222825
25 3987492199381942357277838911970
26 16738755625651850416198984941621
27 43574580122770245652004214754944
28 12269117662408908269374334493929
29 24524316087048529509747892757320
30 49602550688244466064308847402587
31 1594417243150481026659363272125760
32 43607214996235155150621159953664
33 78012578840502323202058478250178
34 425635009605953396980381527152525
35 181769981574754074275123016455460
36 276393497343970177203830066638656
37 2582987021110257040076803150697576
38 569658262373726675191050149611464
39 2931931549633094110234544421556680
40 2595533856262880223960069566381952
41 10526838270863068349239509372124448
42 6676301729220446194778156813270576
43 206040914941854044302770140814953360
44 2295623870044594560462123474701520
45 9701668823734911063649436894298240
46 8353426908927024348878140468234593
47 12459696135675159374628149559287760
48 20323897581583086057436963707275328
49 695409128115725546155512855489686172
50 39854301458324469725713504942606800
51 51503004530828053193227779375483168
52 21829532419630976871677658245922345
53 109546762240114667081236664405525910
54 47835962075839881413619161047343609
55 403004547079055152612917149527049250
56 102403303869056426091336227617290081
57 309559818673515858215754095857280088
58 174970070495610855896666585182125111
59 482419103296933864676380305678726996
60 149581810624735422476312459364653440
