400000000063 129416400301583083044288
400000000129 29157929415803432233563
400000000171 148645867751146108436448
400000000189 74341962081526577066923
400000000207 98881073784770955657137
400000000237 96851431431784473089331
400000000261 15036636185811405104839
400000000321 28885965648780987414543
400000000333 124669267284987164928348
400000000339 298013893852566774825
400000000417 128258223864909198239775
400000000423 72926143962319397158598
400000000459 19071377677884405860259
400000000483 4171459849437037762112
400000000501 10331975981740799900921
400000000591 118718681759806852040950
400000000627 112812035381632865183523
400000000633 39695394742017962079833
400000000819 85819159133714727966504
400000000849 88130029671055987579789
400000000867 63508589818454868133133
400000000879 40554479268718467997170
400000000963 142446399810539706718246
400000001083 63276874428122137050285
400000001119 29112044295040943687545
400000001197 18527823955844513021946
400000001383 54996723843751172032321
400000001389 29237164682726054008216
400000001437 43644887599994258139695
400000001473 49169563606666917314771
400000001509 69237913446400027491166
400000001539 39049846655444284428756
400000001659 128933015890749681189009
400000001689 8563815649760711428425
400000001743 52957437869962034512813
400000001803 145361812136818365253311
400000001809 134866259459932655649124
400000001833 146088213220249234014040
400000001881 97139951020000617523447
400000001893 155969928541727683330536
400000001911 97717151611243689592370
400000001971 103823089235588269687509
400000001983 152091614404794174673840
400000002019 113825005620931712971703
400000002223 125475254575728723429207
400000002247 20879840160092501440428
400000002529 91911805471112386417024
400000002601 94080869973360853023803
400000002733 82095658903318585624447
400000002763 30070523438512139216750
400000002769 82760807037711682752577
400000002811 2403507659690649959776
400000002877 45079941767437478830215
400000002901 31934757921606830146724
400000002943 100176794757050762002149
400000003027 10094017261986475052027
400000003069 41821721221277153608318
400000003129 88321655932096148124286
400000003177 23765586304358167723152
400000003213 117757444103086662160208
400000003297 63846655680256055106844
400000003321 149523327516217416396526
400000003387 144672092417010932168259
400000003561 37443079490537012196972
400000003567 111094061252681282386384
400000003603 5956995291657634606284
400000003621 76548606395756253124596
400000003651 12370970047316028076235
400000003723 671867296253404801674
400000003729 34295446906519300805442
400000003747 94961704395153757588707
400000003759 129670989673383114003982
400000003807 56065019397198817034312
400000003927 140297608464171757574658
400000003933 46079714420678787586426
400000003969 12378890240829537195854
400000003987 101032262001839061465668
400000004059 105655124131735361247290
400000004071 49318690956340972099655
400000004179 51761281639975984283891
400000004191 104716770609169952561979
400000004203 2668030726034332559234
400000004227 13264879643776614154292
400000004293 123510711004778691632013
400000004317 70980788547260152128600
400000004353 69075817970117580879237
400000004359 38368148425716892912820
400000004389 93892227399032453831657
400000004401 130960225742889867882754
400000004413 34104086455453329668773
400000004449 74676518421389566903672
400000004461 7516618944629091845071
400000004491 92308382535592353282267
400000004533 102668597418291867057520
400000004587 5057170327193100062050
400000004653 8241232277866133357114
400000004671 24934675162774665813108
400000004779 159001893452475099327077
400000004797 116849340919315704169614
400000004923 77594372406992726645489
400000005007 141046831839953695456301
400000005019 148467264877292982673183
400000005103 61881891864658225391863
400000005151 102800200046209559047705
400000005211 13637280326459667138491
400000005217 49963024060042732804056
400000005319 67857806515139170136207
400000005481 136576270118236315651776
400000005523 63434627303873604404609
400000005583 97493410830364262671941
400000005661 23462663680855343043891
400000005733 64960881198251816429643
400000005781 92994554203603775203368
400000005793 58287782351752795683816
400000005859 65386925052154970672723
400000005871 141114542096008661214001
400000005877 51455439444409032929316
400000005931 34801652437621493867523
400000005997 117182421080057421703075
400000006027 142967751112966557436718
400000006117 26383850674275030266208
400000006129 149558460912809482223336
400000006141 45663419057847630322771
400000006207 2093745929289701953593
400000006267 83104558264440646208401
400000006303 96079591644374141479777
400000006369 61219351144765103081824
400000006453 62649566573094116435417
400000006477 109041881246860633499330
400000006489 130515439968486690541091
400000006573 73071524216747801960419
400000006591 141583698384545351690238
400000006639 105266938173567977337173
400000006657 74303242791391697575758
400000006663 140722557265685958606551
400000006723 101408217866818593149537
400000006843 81361623870293956549227
400000006951 153519875890991596936157
400000006957 150083697233130658727048
400000007059 90000887939490641882801
400000007101 140645179827603510565026
400000007131 35890482452237564510560
400000007137 16207855903188663792794
400000007257 7018259360128768131073
400000007317 125316587668353637990479
400000007347 76168238409420093288521
400000007377 28711116223504751186594
400000007389 7010901457908874788868
400000007611 38584988558575855828770
400000007653 124236414870153162026148
400000007713 137129349619796633057006
400000007731 45334593089004330992891
400000007821 11995737622946655286690
400000007923 99879479124762743577317
400000007947 6944287622365631596316
400000008061 33520818421128279618203
400000008103 61988635923734766787009
400000008127 116511784965628142942991
400000008151 49259722517789975151534
400000008229 158739524141268793213280
400000008241 63923249454978719763144
400000008313 7151130532218367197166
400000008367 146904840833681943861533
400000008391 68058483020896797621352
400000008409 55175726560731687238317
400000008439 55943588339069830082782
400000008481 151131308801561506924632
400000008487 33577282094025967714097
400000008493 68065010923990313758620
400000008523 34505109104017596568205
400000008631 136019812147367433280560
400000008763 62305341316154234980913
400000008787 8329151932170641050550
400000008799 138255635100078266213452
400000008901 117563501908481768004130
400000008907 151524140775663729590127
400000009009 142313324493251778708979
400000009027 47531902251876179861595
400000009081 11086301759686759985369
400000009111 151701609810183338746456
400000009249 150293923671571169741258
400000009309 155225295908080614949350
400000009363 77129955660219394856230
400000009369 92827418823850166475255
400000009393 31041153344123866286433
400000009399 110153866963540428156261
400000009483 50768735101599758886834
400000009573 781771194309738660046
400000009597 104862002881901543781254
400000009609 73925424772273473931018
400000009693 45466195036559544525040
400000009753 17603135179608433051627
400000009819 73410505944044350425744
400000009909 127343134265007715432383
400000009921 155543738826673486563661
400000010023 45228838457321591246129
400000010041 57943162115318190487731
400000010083 105862693456133778028426
400000010107 26638553371089630296714
400000010143 62085112228323193408804
400000010149 61114807750635420309499
400000010167 157090958471659335464898
400000010191 34669741784498323810322
400000010197 124215659230967612221716
400000010203 60047156910852815834943
400000010227 69483171467310941069528
400000010281 157817955504315897092219
400000010323 56085919643437333843269
400000010401 75860893888172842035388
400000010467 151360019039913194584965
400000010491 54673781108756556420816
400000010533 45228113855369276735312
400000010539 62587878465434084420098
400000010551 10461643583151996335667
400000010593 114532986120719724617366
400000010611 91306958281345271554927
400000010713 2296499178305987595695
400000010719 148371852587194613158631
400000010821 96147814579438683545665
400000010833 70239888658671733080202
400000010857 99709301373559639074475
400000010881 39346845003132522081991
400000010887 143024131193559184809523
400000011013 51292194186602297561167
400000011079 153585793892342408509583
400000011121 13353904900071930661961
400000011193 64849796683059384905002
400000011217 35765673386158867805885
400000011253 95893522164524436399750
400000011277 121061087930614625262437
400000011283 102905254197499875898070
400000011319 38768843311461312561983
400000011337 79124036566172942816632
400000011451 105755630109919214301405
400000011493 8390053747467212372637
400000011517 14047161397252882885193
400000011559 145962903966762895490947
400000011583 51177509223172680415798
400000011601 61514609279677403891138
400000011721 15257912637894971970916
400000011907 141437191091031460474213
400000011919 59515643756217341982482
400000011949 139588123421446092343420
400000011997 122738285466827916454607
400000012057 62489854538400383647308
400000012129 71676675808615936303351
400000012207 73825323302564235131167
400000012369 10787878170788152420816
400000012387 15528216571270031779461
400000012471 56557731768928627249593
400000012519 33642236394917860616244
400000012537 38723637972895585125225
400000012561 36893570510950311588740
400000012567 75778398743167767715701
400000012651 120637469894261458407246
400000012777 106696807863362676310225
400000012813 86947795455155168701774
400000012843 3705964370989247221089
400000012873 45893009783351739820717
400000012933 137411634467661527776845
400000012939 36762751685983071695237
400000013143 86610851849015971122643
400000013167 38127571772264302499930
400000013323 93762845096605859035681
400000013389 159619633569268005808173
400000013407 18212917162051430518252
400000013461 2994442276770465327839
400000013467 138801866739511691120521
400000013509 44988037816958455860695
400000013527 62446350564179388789036
400000013563 60213215660079540765897
400000013587 33727290221631691689029
400000013599 57621915811801016210567
400000013617 1700723377096873593865
400000013641 157597079589654223423857
400000013671 5571558641621938965887
400000013701 5326324790039933621818
400000013713 143840491415211477887729
400000013761 96241870254960827540959
400000013839 49597382455145380124471
400000013857 108468833239631425330184
400000013971 117334917165815176168598
400000013983 111762373933333050197877
400000014151 33491935018060889184032
400000014199 88342399283134207235231
400000014307 42195185683216249943544
400000014313 7857442186758914987131
400000014373 35533717015615240784430
400000014397 130860975759213500488330
400000014487 66485219360328344973546
400000014493 51986160483988491488992
400000014499 90210463262703648589017
400000014577 132083094921038011246212
400000014721 154170781809069988715697
400000014781 130943077251873883348772
400000014853 71326889950545642741514
400000014889 95660314879915938078921
400000014901 98476039059678508410677
400000014913 44465999241403554910566
400000014961 131072559826441235544909
400000015003 53729561116461437988258
400000015027 157182235145343396988726
400000015099 11615625214060796216960
400000015243 73162723720448387931432
400000015267 144720088782403777780248
400000015297 154871968853491042381118
400000015351 30772823647383994204265
400000015357 79325802055115738476067
400000015381 10582596641327281703265
400000015453 13177897296295097631503
400000015501 153791581713408039391383
400000015603 61648608117157987326442
400000015633 121283955919680021976716
400000015717 50515877576095041667225
400000015813 150975044115620695554183
400000015861 139632150844763641825469
400000015873 27172106743457083059298
400000015957 40856834659881211649274
400000015963 40751356747484704499288
400000015969 32019113871883022517995
400000016089 108455041471932730140885
400000016131 46152106163998986271166
400000016191 69958068689727610767194
400000016197 11078727299805347022215
400000016281 14390166376515723100036
400000016347 68451069794623980508070
400000016407 20285083662843385012338
400000016431 68781913018188915944741
400000016473 41603601448940246111346
400000016629 43245149756208913500583
400000016671 41311688860967840744007
400000016791 81850312321471341245273
400000016821 59234968372978402752804
400000016851 77949346834610970436326
400000016989 1968326920799761592976
400000017007 112337811264722687370546
400000017019 142985191067262158089720
400000017037 2711558865892066076411
400000017181 94567803704723414157366
400000017199 118690917878212522034462
400000017283 35365933561273508324488
400000017337 85034857522823152438840
400000017409 49567834988916004413310
400000017463 139184600956851450991062
400000017517 150810833958383156900044
400000017541 134452715923287466467787
400000017601 156334054434688927565288
400000017649 117262935405933639161419
400000017667 134646336691791813170953
400000017799 47132163875263368716554
400000017883 34561669013565748343492
400000017961 148566947508227060942372
400000018021 89304336203383425539449
400000018027 102873884812668594849906
400000018081 148269929738571196052870
400000018177 31848202543661878323156
400000018207 118170449304423181383497
400000018219 83499581766397027278851
400000018267 139722445878374505756647
400000018303 111690753965489440723510
400000018333 158000294250748154349158
400000018357 156931109805160626217355
400000018531 120893804329107460589950
400000018543 76853976017158028054847
400000018819 77060133435886457254793
400000018843 12994250424926623056475
400000018867 134957541815609553337874
400000018969 30369750287409414706341
400000019017 60078418819078090911418
400000019101 102899393766903066212432
400000019131 152842334776066416880114
400000019203 136679192175626003364104
400000019233 140382436496338178281277
400000019269 122039150260930682741894
400000019281 15128806053246238630109
400000019371 68960434835981296291910
400000019407 112514080911701655781223
400000019437 53139179798965468907353
400000019467 26179578733294585995615
400000019569 39514414402743844044005
400000019689 89588166931353329719455
400000019719 49025313960425295820620
400000019773 159926776639179995423681
400000019803 138577593197029855549322
400000019863 58818798429194337958372
400000019869 74605732764653076673242
400000019971 98741903748736153275636
400000020001 91729394187898803534002
400000020019 144760776818914615254764
400000020073 55409754240199852621376
400000020157 81870466333657266816639
400000020271 122558801113773328686646
400000020373 133027176417006317770791
400000020403 113408115598264161317201
400000020457 77415055576399277332650
400000020493 1712895165755897083634
400000020499 67070230067981439261922
400000020613 134189412277115531817264
400000020703 71398828749424687732404
400000020769 39788561567521480721825
