0 1
1 0
2 1
3 0
4 0
5 1
6 0
7 0
8 1
9 2
10 0
11 0
12 0
13 2
14 3
15 0
16 0
17 0
18 1
19 5
20 6
21 0
22 0
23 0
24 1
25 5
26 13
27 11
28 0
29 0
30 0
31 0
32 4
33 19
34 33
35 23
36 0
37 0
38 0
39 0
40 2
41 22
42 67
43 89
44 47
45 0
46 0
47 0
48 0
49 1
50 19
51 107
52 236
53 240
54 106
55 0
56 0
57 0
58 0
59 0
60 13
61 130
62 486
63 797
64 657
65 235
66 0
67 0
68 0
69 0
70 0
71 5
72 130
73 804
74 2075
75 2678
76 1806
77 551
78 0
79 0
80 0
81 0
82 0
83 2
84 96
85 1112
86 4454
87 8548
88 8833
89 5026
90 1301
91 0
92 0
93 0
94 0
95 0
96 0
97 51
98 1211
99 8053
100 22768
101 33851
102 28908
103 13999
104 3159
105 0
106 0
107 0
108 0
109 0
110 0
111 16
112 1026
113 11990
114 51816
115 109072
116 130365
117 93569
118 39260
119 7741
120 0
121 0
122 0
123 0
124 0
125 0
126 5
127 626
128 14379
129 99212
130 302451
131 496563
132 489387
133 300748
134 110381
135 19320
136 0
137 0
138 0
139 0
140 0
141 0
142 0
143 275
144 13380
145 156780
146 714987
147 1636125
148 2166009
149 1799700
150 959374
151 311465
152 48629
153 0
154 0
155 0
156 0
157 0
158 0
159 0
160 72
161 9464
162 199758
163 1417665
164 4635371
165 8319191
166 9123403
167 6499706
168 3042808
169 880840
170 123867
171 0
172 0
173 0
174 0
175 0
176 0
177 0
178 14
179 4844
180 201912
181 2317874
182 11136493
183 27628471
184 40216577
185 37304702
186 23118465
187 9597679
188 2497405
189 317955
190 0
191 0
192 0
193 0
194 0
195 0
196 0
197 0
198 1734
199 158312
200 3087332
201 22387133
202 78405246
203 153876251
204 186382186
205 148747471
206 81134475
207 30134509
208 7093751
209 823065
210 0
211 0
212 0
213 0
214 0
215 0
216 0
217 0
218 378
219 94321
220 3310552
221 37319544
222 188084653
223 505912342
224 810410809
225 833604866
226 580384896
227 281454170
228 94218306
229 20187313
230 2144505
231 0
232 0
233 0
234 0
235 0
236 0
237 0
238 0
239 50
240 41004
241 2824626
242 51225013
243 378816476
244 1416544333
245 3040436758
246 4073086423
247 3616642886
248 2222368270
249 966388692
250 293509092
251 57537552
252 5623756
253 0
254 0
255 0
256 0
257 0
258 0
259 0
260 0
261 0
262 12394
263 1885048
264 57525276
265 637821202
266 3360456524
267 9769142263
268 17225624164
269 19673834946
270 15284239114
271 8370590428
272 3288208176
273 911325798
274 164235501
275 14828074
