286330897
10858338851
12869802851
15845166851
29837412851
45480846799
56676324799
56676324863
68105187851
73915118861
114737845853
129282912851
154648223809
155738371853
207036953861
271077075851
358515148853
373169411809
373169411861
395705343799
424490643851
459711116861
467134473863
506055663851
517655073799
577870140863
683544131861
759422700851
782373307789
855011285809
871351037861
940145516809
1016098662863
1077771126863
1083834480863
1111767277853
1316253955853
1358135707853
1370018991799
1401942477799
1419653317853
1419682310861
1471063904809
1531755535789
1559043800861
1651074682853
1660695115853
1664084452853
1667420176789
1700299061861
1748035480853
1881326141809
1920676144853
2024244885863
2054610872861
2064800110897
2121959132809
2121959132861
2294411157851
2319431435861
2363870434853
2401188173861
2465762224789
2588308001861
2640732943853
2720086344851
2909203146851
2984404117853
3036484007861
3051499310861
3193184214851
3217543824799
3426614351861
3517031358851
3524171526851
3531423653809
3643375031809
4169280162799
4184524822853
4212551438861
4294520343851
4321238841851
4334018462861
4339209306863
4372320374809
5222943216851
5336158522853
5415557300861
5446545042863
5676131721863
5695302307853
5780102940851
6013591272851
6023783240809
6092403970789
6823830802853
6972271420853
7054317453863
7063492022809
7210703475851
7239181521799
7281053243809
7310141697863
7312337225861
7341721362851
7554137021861
8241120211897
8391410540809
8513015628863
8954000634863
9420324920861
9743906020789
10018133990861
10123807716851
10180781225809
10180781225861
10284044944853
10309180491851
10385817240863
10434148807853
10437211943861
10546142903809
10582116546863
10592320463861
10605259281863
10620149962789
10623744238853
10700920876853
10921565226799
11181029742851
11238653411861
11291013953809
11336271533809
11377446102851
11408234732809
11437046900809
11465307612851
11551083636863
11752700664863
11902612355861
11905439124863
12165753216863
12208429034861
12251188272863
12357472612789
12419173241809
12504315297863
12547047550789
12627107068853
12806128813789
13020809835799
13208117638789
13322204972809
13353387511853
13382221275851
13628022444851
13751492003861
13820232492851
13895010841853
14022158534861
14040810755809
14074713108851
14313313638851
14328311692789
14328311692853
14440831451861
14770507701799
14809781002789
15161554038863
15172158203861
15235122708851
15334064460851
15417164334799
15486036060799
15576833200853
15954026502863
16010122442887
16062693060863
16136451008809
16425226061809
16564402552853
16870076301863
17121864324863
17189351401853
17247700431851
17404805223851
17429111275789
17429111275853
19080024308809
19119104234809
19204407238789
19901006932789
20017873272863
20084460475853
20118419343851
20335560943853
20717323653863
20860820504861
21014922200887
21074359310861
21146004494809
21219833610851
21351253491851
21414751343861
21430195082809
21450616717853
21521592413809
21530162924861
21550256446853
21601353248809
21900547065863
21917284010861
22016355916853
22134654733853
22229301338809
22256167540853
22384164280853
22664045056789
22721518524799
22741074504851
23055417431861
23510087532851
23593416250853
24033449470853
24051951246863
24117256215851
24176270550799
24200644544809
24244226028851
24477071701853
24483503510861
24530702228861
24533312561809
24700189053863
24972233799809
25026930633863
25054845020809
25075351521851
25613560332851
25880121345863
26252611555853
26347160303809
26428225440863
26902174630789
27082120193809
27274110943853
27290120048809
27393912121853
27511770144863
27830461314863
27852430090789
28000172376851
28080065015809
28212175038799
28365480211853
28434112407851
28850512302851
29440640245853
29904353131853
30088026291863
30152287156853
30232614756863
30249506430851
30510605763851
30825520294853
31156831232809
31194146415863
31283062456853
31327609710863
31333815116809
31501520856851
31535605431851
31654490400851
31758230082863
31809350033809
31818110556863
31927510641799
32038137216851
32110971538853
32132731616809
32142483512809
32511480731809
32594135422789
32594135422853
32921367141863
33133564152851
33137813514863
33681023626853
33701554227799
34327062247789
34327062247853
34524619011851
34590326332789
35013833630861
35036815005851
35218342731799
35342059702853
35390531222861
35649610330853
36221590115861
36639614100799
37000661745799
37321079602789
37332140138861
37364005218863
38021483316863
38425161721789
39001063368863
39262151325799
39262151325863
39442133316799
39520281522863
39534001554799
40267625512853
40377324244853
40942850503853
41068406416789
41245805142851
41340943264853
41520071753861
41680031814851
42172685032789
42263091153851
42360952107863
42606722713853
42710819170853
43100770607861
43200508926863
43240246370861
43722115456853
43873312513853
44130631346861
45430820046851
45441705501851
46002990216863
46016650335863
46370223058853
46517502145853
47015330273809
47418450020861
47442811121809
48171035051861
48425007131861
49127452222789
50001519594799
50406326522809
50412142367861
50582112137861
50827206225799
51160229441861
51233381235851
51426843123863
52010916236861
52107167190863
52221550495853
52236190043809
52251254117809
52660108660853
52961270080853
53004744503861
54542620921853
54602914710863
55327621540853
55553118007853
55561671013853
55950226411853
56015105390861
56410810532809
56913219210863
57074104016861
57404320087789
57404320087853
57912127222853
58312133055851
58443350611853
58820056230799
59128325103863
59204400812861
60126063475789
60602623325809
60714293215853
60760513291789
60760513291853
61466122241809
62076352521863
62218118901863
62357220054851
63116080460809
63116080460861
63317145082853
63562393011863
64144616233853
64301565144863
64651245321799
65140723413851
65176020607853
65240681120861
65246502050809
65555415004853
65910427311863
66105224572789
66105224572853
67131112670861
69171012093863
70274415060851
70490540290789
70537153612789
70606909210853
70723412247799
71003340588863
71205201836809
71562007641863
71944110431861
72452201781863
72604531233851
73151381326789
74025104088863
75001546161851
75066230164853
75110089130809
75126070025861
75604040226851
76355005040861
76416241040809
77330272441853
79120260067789
80120237584853
80124709004861
80196540240863
80840000970851
81082621223809
81104061964853
81112602387799
81614015652863
82467141321863
82644960099809
82870524301853
83168006035789
83612343401861
84523151343863
85133675100863
85270518000851
85352450142863
85417012232861
86563032502789
86603012382863
88901011620851
90072473521853
90480251650853
90782321107853
91024456360853
91342406244863
92054642332789
92054642332853
92470402246853
94002228157853
94303553503853
96281203014851
98321140431851
98606700040789
98606700040853
100126410677861
100171929033851
100514633287853
100705732825853
100837434343853
101137226457863
101158225370809
101505539308853
101621935206851
101803446274853
101811281916863
102467390044853
102562283640863
103240692634853
103591440080809
104221515680809
105181605080861
105425640552863
105453552153863
105621452743853
105701235358853
105750326114809
106014607901809
106101929047853
106102540776863
106534140970853
106843153233799
107081418510851
107208193220809
107354472030851
107391350214851
107403714805853
108603061244809
108643226620853
109128075520853
110101787072861
110427834333799
110545660713863
111268542032861
111512787510799
111537061662799
111603229074851
111943060924789
112000098288863
112003383915851
112004878031861
112285143381799
112521575812853
113567061333799
113601121883861
113906130390851
114200190945851
115149016125851
115644056701853
116174354224853
117270222236861
117412049205851
117459233113853
117590192050789
117642230491789
118484112023861
118631815002851
120374090905853
120416661535853
120613107694853
121048166164789
121095924150863
121235762524853
121265542183789
121265542183853
121367312337863
121661702860853
121700175168799
122248516710799
122333204762809
123014068613809
123090005694863
123104040170887
123151860530861
123540612735863
123624351390863
124332302681809
124564024035851
125127551601851
125704115261861
126730084126853
128112682252853
128442306081863
130265546115863
130530492048799
130631640861863
130861029234863
130900472370851
131208062138861
132130376136851
132275443031861
132305572425863
132353064373853
132752420526799
133214254780853
133548039021799
133671811311851
134316560430851
134715901503863
134742604701799
135011240891809
136210902906863
136321706231861
137106314536853
137135007243851
137320322561809
137373641130799
138111039233809
138111039233861
138235430334863
138757025101789
139473124131799
140047301817851
140131553228809
140428260670853
140780021187863
141213171824861
141351243560809
141440155524851
141445320357799
141744125308789
142304438033809
142311844533799
142702528432853
143016263513861
143640151366853
145103371407851
145113129814853
145119038331863
145921231007861
146532003735863
147411039253853
147615016810853
148072461322789
149531144250799
150070850225809
150072226524851
150080245164851
150242247552799
151020802858789
151045294045853
151182804351863
151224050555861
151508603370799
151531148091863
152101094808863
152238619020863
152312138171861
152376220075789
152470216705789
152712313046861
153082715052863
153333577101799
153806714140789
153806714140853
154062491431853
156301497210863
157166316102799
157462125133853
158830313102861
159142027522853
159344027320853
159431363010851
160060404267851
160472131640809
162115034238851
163430480281853
164077770099809
164181410243861
164271203815853
164304174522799
166033601154851
166121602532861
167013118291853
168801201508853
170328485199809
170347410273863
170408705052799
170408705052863
171402963520853
171488141004863
172310504637863
172625203920863
173076328210853
174017524333789
174145103536853
175364012640863
176128533120863
178484210301799
180300165632861
181176010910861
182291812033789
182532075213863
184214014280809
184428313410799
184622412050809
185006328313853
185012052812861
186080602800863
186216107107853
188470111216789
188470111216853
189410716210789
190383027105863
190388310600799
190602906020809
191304207750863
192021928114789
192431712037853
192645524020853
194604607003789
195990220120853
199501212240851
200027075723809
200442562437863
200824250583799
201058270744789
201359625006863
201618910218799
201624127735853
201739207332863
201780652243789
201816568210853
201914511803861
202041309198863
202105840665863
202415443523809
202830230924861
203009521607861
203256060713809
203338076503789
203402550518861
203412563940863
203464851012851
203509251711851
204000783078863
204265412045809
204466046206789
205124355066863
205215416325851
205319036092789
206010380582861
206155617141863
206242046193863
206340961301809
207061576510853
207120085740851
208040527034861
208055700651863
208466602010809
208715631150799
210066507670853
210116347257799
210177022275851
210265153622809
210438025802861
211431077058863
211452449202851
211492230380861
212013747661789
212034546715853
212417912425853
212747900130851
213410245665863
213506034128809
213538051452799
214901406252851
214924053513863
215131734543799
215224560507799
216141836130851
216407572411853
216601040168809
217721053254799
217771034013851
218057510222861
218302250728789
219122157424789
220006355287853
220097512007809
220257241208861
220409584050863
220523580323861
220673430066799
221246658120799
221318067401861
221370643443863
221504395180853
221605171253861
222622136535863
222705603615799
222718904203853
223275213036851
223360404362861
223672470331789
224151818224853
224652165313789
225244040174861
225317039026853
225705078030799
226811623221851
227612456000861
228001349304851
229800730302851
230432750225809
230432750225861
230652122395853
230739812014853
231501516556789
232211688700853
233905211360809
234336311158853
234370664005789
234451012755863
235016915611853
235215245070851
235265214801863
235304545324789
236013932304851
236023922411861
236153822620789
236305420465853
236506215640853
236511562134863
237181151604799
237332100716861
238115055036799
239040104552861
240260416245851
240340922441861
240370162190861
240376445013799
240480571035863
240518190082789
241125552544853
241377211651789
242006841315851
244236154401851
245140374207863
245182251900799
246165370410863
246713554012853
247205702217863
247751104207853
248002226193863
248002473032861
249021079014863
250128189022853
250379002056863
250603064513861
250706633031851
250831330460861
250863410505863
251243604418789
251821491200809
252020245590851
253362710222861
253948011201851
255261514031861
255552702421853
255920421303851
256421312451851
257311823012861
257313473121799
258079303102853
258205245412789
258333581200789
260613652630789
260846204404789
261404232632861
261910041543851
262284732022853
262408041351851
262432213573853
263610145822789
264500272313861
265242131190851
266290030250809
268340211228799
268418313021863
268518511210853
269110351228853
270332316445853
270714037620799
271013802480851
271025059422863
271523401483853
271633109134789
272151527061863
274842540012863
276109602421789
280419170610863
280750400090861
280770125431853
281081145361853
281522435223863
282104392134863
283310223456863
283446900003863
284084102227853
289326171010853
290210374304861
292005118263799
293162165112799
293620503640853
296503150212851
300082656900863
300119400863809
300292305623809
300620553655789
300636419700863
301026749070799
301152524831861
301251140042887
301343307903851
301430308657853
301903480421861
302481145430809
302543470353799
303464580123799
303691703152853
303818248120853
303892012128863
304212504644861
306037086052853
306331354323851
307001423915861
307010772216851
307337402222861
307434009303851
307451027056853
308773080012799
310001389483853
310292531806853
310891707012863
310967008311863
311123292285863
311652136290799
312524003965853
312636423060851
313023249431861
313700329403861
313935340206863
314103980622799
314330215247861
314342121756799
314540634441799
316511682601853
318102641126861
318818134210789
319161210713809
320760480015851
321045721461851
321320656354853
321707244423863
322160024834861
322177314307853
322685113161799
322816410045851
323536061141861
324102024999737
324200484071809
324468406201789
324613154560789
325204078221851
325847320510853
326080191014861
326941102920863
327340631280863
328805051205863
329124251415863
329460620512789
330165126441851
330441605225861
330915231372799
331174600910809
331306065450851
331430294015809
331821304515851
332185615032863
332951504502863
333065206323851
333301092615851
333804260222861
334620129702863
335142443520851
335593104003851
335771110125851
337026405028853
337290238210853
338042901226853
338702071171853
339225054502853
340025853190789
340235457420799
340235457420863
340813108057853
341041365705863
342210197006861
342510015077809
343220425626863
344340334651853
345247317210863
346574007120799
347414190142853
350103455770853
350153393053853
350316363006851
350784061105853
351520391042809
352284000465863
352364024232851
353011765503863
354154214811799
355063221045851
355230301157861
355422642510863
356032083531863
356192043520853
358606302700853
361108320803861
361233074280863
361330935003851
362000637157853
362271327300851
365541042105851
366130546104863
366210563022851
370025348022851
370252227910853
370573014523853
371042116636853
371134202732809
371347220700851
372211295160863
372432092520799
373023235048853
375003551326853
380633241050861
381012437150809
381502026292853
382340139106789
383248024105789
384012636033799
384038025330863
385185020530789
393118103317789
397315330123853
400189021356863
400417912074799
400417912074863
400724515623799
401200307688863
401307921184853
401325921611809
401325921611861
401328772231789
401328772231853
401401610105887
401411921247851
402115658400851
403444704612863
404091081008809
404205089412863
405220402817861
405610230185861
406015431560861
407135804034863
407605021028809
408471211083863
409000178133851
409110138165863
409132211732809
410351912374853
410741810361851
410790236025863
411105718610809
412714820740853
413279010454789
414336620312809
415711056234863
415781015071853
419006421913789
419037045002809
419120117274863
420080626151861
420121710980809
420257146040861
420873601032851
421753221350861
422237160193853
422505983100863
423528126222863
423801272470789
424643100813851
424740531612863
425016308740789
425403911123809
426202641580789
426461180224789
428114230163861
428534324013863
429017214351799
429152602031809
430021459345853
430072512633851
430108245355853
430424305806799
430503206363809
430537338310789
430540208027861
430775121036863
430780173700853
431400182517851
431406453172789
432321056243809
432321056243861
432530444425853
434218234080863
436220660222861
438129141700853
440133336341861
440300519226851
440380371307853
440480210791853
440502443504861
440962622301863
441330241337861
441358112235863
441497020103861
441921621090863
442201761723863
442302792132863
442411250395789
442722023175863
446005041186863
446113200752809
446122006406809
446122006406861
447222174205853
450016601561809
450420702348863
450560174142863
451036116450851
451231602438863
452553274021853
454211233370861
455312031375863
457010413334809
458302525311863
459200562012851
460420241525809
461809710300863
462007173423863
462645850000853
462733414221863
466250232306863
467403040106809
468260327110789
469351013223863
472088140312853
475406211221861
484410190062863
492303311085799
500064076083799
500168055235853
500485251150851
501137325215809
501326009518853
502036943133799
502054009942789
502355046033851
502490017461799
503624160134861
503635142105861
504072633090799
505043122931861
506225223540851
507340353612863
508332261505853
508833050430799
510281195044853
510417641550863
510737341900853
511145040717851
511234406234861
511426339010861
511546080312851
511838061003851
512213715324851
512215081537853
512232294432863
512331849300863
513015136807853
515482433041853
519212501067863
520269900232853
520920318910853
521292012564863
522619002800809
523126500362861
524135291080789
524831040903863
524906022810863
525031202866789
525031202866853
525132001962851
525142115504861
525144720441799
525200172456863
525258415012789
525421712128853
525512035241861
525867012000851
526011342380861
526240463233789
527432521323863
527630074141789
529115200352861
530211220034887
530771722420789
531901440800809
532265300607863
532408321615789
533231191155863
533926202521853
534122753012809
534137392020863
535734243112853
540270268015789
540463411273789
540643361134853
541092150138863
541700183092853
542236068102863
542410213185851
542529610411853
543021450147851
544300304871863
545600232490853
546003280551863
546611640303863
547180130425853
548232333200861
550609234051853
551633010591863
552038231533853
553102148821853
554814103405789
555673100106799
556111240347799
557330330330861
558130901511863
570131069313863
570200326272851
571057300542863
571560231415853
574535540010799
574535540010863
580315636210789
580730331172853
583150508113853
583220385211853
586022116234853
590274062103799
591252160522789
600138300626861
600149745000851
600713306154851
602060708902789
602180716702853
603342170801809
603422311752851
603741342090863
604146216235789
604347710125853
604804122651863
604835114413853
604961131108853
605007582411863
605151624032861
605295210172853
605415311351861
606030353626853
606622202045809
607443331125863
608005551631853
610310406928853
610464102552851
610580137116863
610682711350853
611011560766853
611181732352853
612021809631863
612605560152863
613441012463861
613500073761863
614143005646789
614604193240789
615680108122789
615680108122853
616852164010853
618238131011861
620297060035789
621474253104799
622030311377809
622038760101851
624312392502863
624360112941863
624511038311861
624931216100809
625222135430861
630036030392861
630053853511853
630370214333861
630901105361809
631293072201851
632342500518863
634091241104809
635210258003809
635741281012853
636070303128863
636129223203863
641600455022809
641845503399809
642012053772863
650180006190851
650313043244861
651221066217863
653046150342799
653163905200853
653741511501863
660147303370853
660330743007863
661414162134799
662803420270853
663620342404853
663703245130853
670343723010851
670551066022853
673301332552853
673402075200851
674030430350861
674320144216853
680113611193853
680702211423851
682026101706799
686083012330789
688610043112853
691410022626863
700143594300851
700400525138861
701040077806853
703151063571799
703303533273799
707102138146853
707114335107799
709142317105853
710250026971789
710300146940861
710509671000851
711214226662789
712010197440851
712139312151851
712320802824863
712330650418853
712440093027799
714201614590853
718266212004799
720355521055853
722312072743853
725705203620799
728806106110853
729113281200851
730043150772799
730462927000789
730721181513863
732361711341863
733630040932853
734513103243851
737272310034863
739712202024863
740373421404863
740422748011789
742721351130851
743133241160809
745281052311799
750314350732789
753221108403851
757523101103809
760044464401853
763010600683789
763540022321861
768130345299809
770463322204789
780010621335851
780201941223799
780811140311809
785301411051851
800323454240809
800453567020853
801075433107863
801244205612861
801315742306789
803536034102861
804501364504853
805017413128853
805206221424851
805601000088851
812175040151861
813605309004863
813812421361853
814012263207851
814124194599809
821102342381861
821148111170809
822344147410853
824234043253853
824514020265863
825202483131863
827043641230789
827302322190863
830403230742851
830553062530853
831227420343799
832720115403851
834142032144851
834432025013809
834432025013861
839020320233861
840291421031809
840500364243863
841002715723789
842100470504809
842302538023789
844002101672809
850410278499809
851390000108861
853312224024851
854512000564853
855001923042863
860220714523853
863114900112851
870020344241861
871323235501853
872620121006861
900015271860863
900038048022851
900247085400799
900438632031863
901321833064853
901430011673809
902851100217851
902922021144851
904930051422799
907761010202861
911086081600789
913141152036851
913500262322861
916155931000789
919323040351789
919854010003853
920509530300851
925301300628799
935033514133853
937001428015853
941246084200853
942320307023861
942501314205851
943260139012853
950030072261861
951070503406789
951904202125853
954303316002851
960013812104861
964762400002789
967305431020853
972223730010851
972730203699809
974157000511853
1000026705861851
1000059060725861
1000074507237851
1000402766154851
1000619403461809
1000870442072861
1001003791971863
1001053814336809
1001326327860863
1001905629331853
1002052870370861
1002113351895863
1002203444447809
1003020031183897
1003082709900863
1003313014766809
1003950007681853
1004416251533809
1004516080028809
1004516080028861
1005037832604863
1006180345530851
1007612054180861
1008266420505863
1008408056052799
1008410642815789
1009280575101863
1009563153210851
1010103435728809
1010286304073861
1010347090842863
1011024392526851
1011504421656851
1011601566670789
1011870908004799
1012275362127863
1012589157001789
1012775148103853
1013018242932851
1013039103446861
1013063329314851
1013133520592861
1013418440226851
1013611702680851
1013700481743799
1013700481743863
1013715172620851
1013833073038853
1014016920074861
1014623514071861
1015089601112809
1015761432180799
1016021335941851
1016102701844809
1016105103387851
1016108554711853
1016431754133863
1016605337121851
1018730282043863
1019364501140861
1020045603816851
1020901643217851
1020991550224853
1021133937090863
1021329452025851
1022242113597863
1022635064214851
1023635154712853
1023870380331863
1024936115061799
1025244305315861
1026476312121851
1027550005182851
1027841920033853
1028042231264809
1028042231264861
1030140141071887
1030329401723861
1030731113595863
1030765211316851
1030922227183789
1031626141933853
1032544226006861
1033103694036863
1033211437460809
1033646235106789
1034383401045851
1035111613455851
1035161626224799
1035609623221853
1035748301211851
1036155261703789
1037551410075799
1037551410075863
1039121026960789
1040007722475863
1040038165314851
1040404208692853
1040550443266853
1040701447480853
1040828202143809
1041416770122851
1041516190552853
1042082318226799
1042138040327809
1042309129171789
1043424830236853
1045101824625863
1045427546011789
1045607055110809
1046108745400853
1046230203198799
1046244661114789
1047123354306863
1047480322202861
1048031770504853
1049301029208799
1050143217618799
1051201533954799
1051386047500853
1054112744024861
1055014431276863
1055139418030853
1055206834011851
1056700236541853
1057086320130851
1059226211226863
1060408504174853
1060915401166853
1062090374413853
1062120045356861
1065063028045789
1067011763512789
1067063632420789
1070028182830853
1070912280042851
1071120670951789
1071501694212799
1073012920290851
1073645026015789
1073709120342799
1074023061147851
1077125060271863
1080647120043851
1081200484075853
1081725605301799
1082424611056853
1084046063133799
1084253106240851
1085007935002853
1086142105074799
1086652212340853
1089531071032853
1090110526091861
1092201642801851
1093225770040853
1093300184321809
1095324007090853
1096450001068789
1098051555099809
1098961000023863
1099231230126863
1100143451496799
1100601519943789
1100916428151863
1101157003668863
1102031292581809
1102073632235809
1103040401315887
1103221597900789
1103221597900853
1103602376015809
1103602376015861
1104512181930851
1105046271751789
1105197601170799
1106231868310853
1107032566117789
1107844042152863
1109830035500861
1110532553460851
1111255226940799
1111320046786853
1111445166235853
1111613184904853
1112003096390861
1112179201181809
1113244366323799
1113244366323863
1113267150305809
1113273339106853
1114021075963853
1114406139117863
1115381024553863
1118601527223799
1118601527223863
1120545343713863
1122394200097789
1122701077700809
1122741592101851
1123211291764789
1124255180133851
1125221184750863
1125335255133863
1128900064251863
1129459020033863
1130461676041853
1130723583250853
1130737311580853
1131005691017861
1131302762090861
1131464901032861
1131715143274789
1132425541084853
1133159073160853
1133319108640853
1134433371262853
1135039205028863
1135070630235851
1136182320705863
1136280381111851
1137313529301863
1137342215406799
1138201121772851
1140381036054851
1141271083507853
1142144720652799
1143930109113851
1147115190500861
1148535002046799
1149110813007851
1150131726066863
1150474401463853
1150542001286861
1150573410620861
1152120962172799
1152194223262853
1154324610553853
1155207003651851
1155213005291809
1156153616112799
1156340394400853
1158236030321861
1159615037110853
1160208323235851
1160210555905789
1160308713105851
1160806443030851
1161601236342851
1161605562011809
1162126452055853
1163312673052853
1164730113363863
1165607036301863
1165901132335789
1166814084000863
1167000754260799
1170020535372851
1170652106037863
1170710715302809
1171111962144799
1171111962144863
1172055204742853
1172546013126799
1173356310306799
1174046102346863
1174180921005863
1174846114003789
1175141871300863
1181086600405853
1181290117121809
1181410053435851
1182136442062789
1185083030353853
1190152916000861
1190331553503863
1195400240680853
1195914030250789
1197117010701851
1200347380124861
1200381092063861
1200431422776863
1200834223527863
1201096911810799
1201385216047853
1201450426406861
1201934044503851
1202333721165851
1202753105171809
1203111377508863
1203514316460851
1204142952343789
1204211285045809
1204242245181851
1204413301475809
1204712208814853
1204924280111809
1205871215043799
1206111762431809
1206956301213799
1207021606870853
1207228420183789
1207816440150799
1208760060072863
1210601819506789
1211119535740853
1211246426560789
1211410197247853
1211601912543851
1211725047261863
1212405147621851
1212848107123789
1212953033308853
1213339404072863
1213820709060863
1214449208131853
1215171950008853
1215438533013863
1215630761120861
1216210705712809
1216306119221861
1217601229630789
1218800276500853
1219105206940853
1219305171162863
1220053332577789
1220192027333861
1220661201558863
1221036732252851
1221125372018809
1221913805061799
1221913805061863
1222352208481853
1223059503140809
1223059503140861
1223120905582853
1223382110952863
1223609200542851
1225428001194863
1226052418243853
1230483165133853
1231487471020853
1232042610846799
1232414126067863
1234300703490851
1234850235015799
1235332328025863
1236092035054853
1239037213360789
1241072703355789
1242009333363863
1242016550144809
1242016550144861
1242034325842789
1243021124682851
1243810481611853
1244444160073789
1244505814002851
1245006100588853
1246033922611853
1246514043360799
1246514043360863
1246701443331863
1251026941243789
1251164387002853
1252032711534851
1252870233403853
1255221093163789
1256005693021789
1256365030027853
1260125153324809
1260215540433851
1260802535799809
1262201065771853
1262241152406851
1266046452102863
1266632430142789
1268105250504863
1268320164060799
1268633010014809
1270383601013809
1271235123390863
1271613202136861
1272153703013861
1274100127644863
1275001304705809
1278215323222853
1279503434200853
1280409020157863
1281148004614789
1282571040033851
1283182182301853
1283831024170789
1284500016462799
1289007351399809
1291000551227809
1293220313652863
1294571401510789
1295031535101851
1300521791830853
1301135206387853
1302343411508861
1302354349001809
1302880200164861
1303684203132851
1303801456035863
1304156214701861
1304575062120851
1304890171401799
1305491352114799
1306021561923863
1307132380632863
1308400807243853
1309172553120799
1310004648143809
1310322598510789
1310815121850851
1311000894138799
1311113006577851
1311275405532863
1311383315007851
1311621760254863
1312408126461863
1314155350443799
1315122642093863
1315330613720861
1315438300700809
1315438300700861
1315511112774863
1316032311774799
1317232351065863
1318430657199809
1320685021260851
1320844020542861
1321153427155789
1321154046336863
1323081724540789
1323244312248799
1324208007291863
1325135211195863
1325480032601861
1331248621431863
1332420807118789
1334624413701863
1334861501021809
1334861501021861
1337350332320809
1337753123010851
1338126842001799
1340265009240851
1340320571284853
1342194027210851
1342212719017853
1343023323363851
1343481560041853
1344035920540853
1347330064041851
1348113313124861
1350054234454789
1350054234454853
1350410819161853
1350510981223853
1352534121724789
1353580064401853
1356913000710851
1357526242021853
1359013064025863
1360241191422851
1361086115314789
1371040410960851
1371934231100809
1376660102008853
1380304031571851
1382512039330853
1386311430351863
1391716125210799
1401117537203861
1404330090831851
1405112302863851
1405337511600851
1406303243742799
1408006303136809
1408430402046851
1410523369050863
1411033326862853
1411220843801861
1411414167252863
1413141013808809
1413400590264863
1413714081321851
1414025434911799
1414105251088853
1414319051262863
1415306314623863
1416236603710853
1420161618114851
1420186014634789
1420330533533809
1422132270718853
1422154473200809
1422428028331789
1425063320850863
1425830080701863
1426159222104863
1426200436092799
1427040822055853
1427191660011863
1429021730173789
1430218353370789
1432111332766853
1432424630443789
1432424630443853
1433343162252863
1441050515720861
1441150240378789
1441871730300863
1442702214570863
1444028536120853
1444624405240789
1446022363017863
1450501630182851
1451226317620853
1452120370087789
1452330070253809
1452603133920863
1453510661080789
1454500612605863
1456122071114861
1457435052120799
1458601125151789
1458601125151853
1460207335242863
1465303062081799
1466560012108853
1470480104623853
1470680430025789
1471003217144809
1472046214630853
1475024631102851
1480460341054853
1481130623821789
1484100512238863
1485145212024863
1491008302017851
1491221901027799
1492144123503799
1500622671504799
1500771221370851
1501142720926789
1503164002346861
1503302832341809
1503436611108799
1504415172055853
1505219217070853
1505714820601853
1507850031302861
1508912163102863
1510476520215863
1512022395050809
1512022395050861
1512266711520863
1513007507150809
1513480433404853
1517201432207809
1517201432207861
1518001717233863
1518241200646853
1518420622206863
1520212514435809
1520560752331853
1520704251530809
1520901565213853
1521022354546853
1522133227115861
1524223360606789
1524561230316799
1525190231451863
1526151033018851
1526162008026863
1530015229431851
1530052264326799
1530061091365789
1532020418441809
1532107741810853
1534245411253853
1535544000940853
1536350511712853
1539374031211853
1540167910200851
1540632916300789
1541706120233809
1542345243700853
1545110791303789
1549362301010861
1551213461321809
1553540051460799
1555309013112851
1560032410094861
1570112184811853
1571731414212863
1581532013262863
1587063081000863
1589442000105863
1600222770732863
1601005622385863
1601025183117851
1601201904933863
1602512801037851
1602652140553853
1603276031821853
1605245104633853
1605825204303799
1606062052534853
1606931203310861
1607710610510861
1608011506138789
1608420331323851
1610376230038853
1610483190030851
1612455002162861
1614135451504789
1615011621844853
1616213391322853
1617121073353789
1620158013724853
1620161208472853
1620214754016863
1621263010936853
1621403101494851
1624341022352861
1625004426501851
1628615061102863
1629002061706853
1629421921300853
1629426013020851
1630223641443799
1630243601450809
1632103732723853
1632371034082853
1634014230713861
1635000124774789
1637340411230861
1643550030800861
1650135113734853
1652003061318851
1652034404281853
1652105422542863
1652132661303799
1660009005076853
1660040342283863
1660424604030851
1661252501704853
1662074804101853
1671471020501809
1677412501101851
1681031213437853
1682350320306863
1690093300054853
1700166024516863
1701430541532851
1703383201084853
1704837024112853
1705028424430789
1705305311932853
1707211360804853
1710211473381799
1711027441052861
1711213674105863
1711220651068853
1714039422034789
1715401701252851
1718520047050789
1722571015090853
1724121702381863
1726221720081863
1730301614045861
1730320730077853
1731031010477809
1731434062410851
1731701115751853
1733215622030861
1740270300047861
1740361110363851
1745015501245853
1745402258010799
1750021614364789
1750207415602853
1752006201282851
1752124605016789
1755307030171789
1761024107092853
1782040302503809
1784511090301853
1785172102114789
1786116082000853
1800037062363863
1800818048020853
1801172417070799
1801400410857799
1802619101533853
1803147452122789
1806122204207861
1810580450111809
1811083413114851
1812801105044861
1812810513540863
1817151314025799
1817501516140789
1820211773305853
1820917410331853
1822425532006789
1822873161100853
1823532291012799
1824553000241809
1825101097132853
1827522024123799
1830188004430853
1830400077230861
1831741052080789
1832145400305851
1841500159105853
1842203034800809
1844414006080853
1854000740321809
1854202120380851
1856403154002799
1857115141101851
1860089022013853
1879412011006853
1900832324012861
1904172531340789
1909572011499809
1910417135205863
1911621182116853
1911721410534799
1912464706000789
1914312522523789
1920524144107853
1921127020326851
1922206212170809
1923041002931861
1924110514174853
1931504012670863
1932502614222863
1932614044401863
1940520136005851
1943431210151861
1946053102072789
1951436440210853
1952005339300853
1953091330010809
1960711212154789
1965073022400799
1981263131311853
1992042113601863
2000057975004863
2000223538248863
2000288240108861
2001449224714789
2001662100688853
2002069812216863
2003049334043809
2003104852068799
2003370066422861
2003620420593851
2004073403908853
2004526131912851
2005241332100887
2005322377126853
2006440307293853
2006542051176799
2008441836112853
2009126734410799
2010744493001861
2010841234743799
2011333254902809
2011860403407851
2012238782122853
2013293274106789
2014152813215861
2014163662512863
2014171046351809
2014342125654863
2014605261517789
2016083224272863
2017202753424799
2019507001217861
2019708228001853
2020213139471809
2020611670096853
2020780306233851
2021629307210809
2022528571101851
2022529041930799
2022529041930863
2023665502041851
2023671100386799
2023971531601853
2025043902831799
2025144913360853
2026384520121851
2026430202555851
2027107030526861
2028216333081863
2030157440337799
2030185425041861
2030186302190861
2031023943071861
2031117403576853
2031705203580851
2031742418260853
2034421614426863
2035142930812853
2035194022272799
2035311029680853
2036332320660851
2038045200844853
2038075152052789
2038153609021853
2040074015376863
2041204773631789
2041473717211853
2041605095224853
2042604189120799
2043047602233851
2043631254604853
2044062083115851
2044200243707861
2046021401838863
2046525034125799
2050037097102851
2052117509521789
2052240667402853
2054254134091853
2055490250700863
2057034702801863
2057612052424853
2058182002332851
2058403117800863
2061121418743789
2061901581304853
2062131990322853
2062434406233863
2068113740232863
2070004167116861
2070022930285789
2070273092121851
2072038041921863
2072611506621863
2081722200326809
2084042005091861
2090008010637851
2090421040737863
2090775201240799
2092001377405789
2092257622030853
2093330150523851
2097052730302853
2097124811013863
2099236042020863
2100348240272809
2100582349024853
2100840960703789
2101235100588851
2101600865380853
2103013595632853
2103056711216809
2103285602434789
2103375406161863
2103441270381851
2104027294360853
2104253500850861
2105447411334863
2106322717022809
2108195146003789
2109050905008799
2109204410745799
2109217226044853
2110170122675861
2110330281825851
2110713051366851
2110990062504863
2111012209188851
2111327392023851
2112841228314799
2114354208051851
2115123708221809
2115400311040897
2116450131363851
2119304138211851
2120032737008861
2120136742831853
2120831059014851
2121313139167853
2121754102712861
2122636420291853
2123422290233809
2125017530760863
2126111831910851
2128335334141789
2129146024710863
2130136930416799
2130143218235861
2131051812727853
2131117108608863
2132108146143851
2133217044138799
2135039022580853
2137043352212809
2137043352212861
2138030151641861
2141234230337861
2141388243031789
2142061511448863
2142271007364863
2142504280533863
2142621130917863
2144156330411861
2145153109045789
2146064401318853
2148703602061853
2149222690200799
2151234300636851
2152033426241861
2154901463500853
2157004070360809
2160313226613851
2161373512422799
2161373512422863
2161809504013853
2168120650512863
2168141362501853
2168720601700789
2169721204600853
2170951001225861
2171281124434853
2172123804513863
2173312159132789
2180832340405853
2182314361306789
2198142132034853
2200155043791799
2200529026642789
2201361549042863
2202093367042853
2202175472611853
2202214504558853
2202218140851851
2203518202308851
2204393135422789
2204435041514809
2205114624504851
2205234251652799
2205408501071861
2205850012605851
2209811220345863
2210423295351863
2211025910606809
2211213315195851
2211230245638863
2212041642925789
2212041642925853
2212130454570851
2212315602083809
2212315602083861
2212755701413853
2213125051833851
2213516722135853
2214096103421809
2214108019740863
2214262243043861
2215050732085853
2215702413643853
2216414203095863
2216522309412799
2218346321305853
2220004765057789
2220009911064851
2220226064027861
2220931700423809
2221828110318799
2222017310011897
2222202631756853
2222481430061861
2222840900065853
2222931320415851
2223282253117853
2223328311283789
2223510093435863
2223549001228853
2225230444331809
2230011973047863
2230462750332863
2230900853214799
2231037147203861
2231541037444853
2232046471211861
2232442308406789
2233205410395863
2237531134414789
2240770530141851
2242145521344863
2243240132426809
2244310581150851
2244382040244863
2251812711703853
2252309123244863
2257446150300799
2258211021128861
2259054412410799
2259054412410863
2260017311822861
2261017170526789
2261041609103861
2261502520434851
2262131242731851
2262644540032853
2263167242131853
2265012535207853
2267034008331863
2272121833311851
2273011856000861
2277002424118789
2282335110026809
2282551400411809
2291543402012861
2294303011920851
2300300154863861
2301857115213863
2302005961183853
2302042390446863
2302077041270861
2302313611557863
2302710646801853
2302922490051863
2303042262741851
2303615141414809
2303801451801851
2304115258220861
2304160950082853
2304211744245799
2305164805032863
2305902760240853
2307300254153809
2309121532048789
2310755422008799
2311612447135853
2312332541243861
2312336605143863
2312343226128799
2312443504551863
2312488500411863
2313244470091853
2320504825630853
2321076730512863
2321402455363853
2321506212348863
2323201830906799
2323707251202851
2324930216800853
2325171311248789
2325171311248853
2325200175345799
2327121733414853
2331002919180863
2331825053022851
2333021344074851
2335410242751863
2340304609103861
2347362132204799
2349411200055851
2350420547322863
2355312240237799
2360130910744853
2360418350610799
2360829200103851
2361141090162851
2361227650104863
2364132430043809
2364132430043861
2364828013102853
2370124424362789
2371372034610863
2371516453101799
2374333502620789
2382024280203851
2384101510807789
2390253810520853
2391316353211789
2391316353211853
2392442160421853
2393110093180789
2398324212012863
2400004844423861
2400448321444853
2401045602651851
2403257111194789
2403309601740799
2404562070005861
2409541203131861
2410054061346851
2410463234271863
2410533164604863
2411401066505861
2412052217415851
2414151628302863
2414723632015853
2415023605381853
2415820613232863
2416201097620789
2418210223244861
2420120142827809
2422377002631799
2422377002631863
2423252038022861
2429401324530799
2430145052810809
2430239165310799
2430661033831853
2431201534456853
2431265600227853
2431332155253863
2433344134027853
2435720901200809
2439071342202799
2441800238030861
2443331700611861
2450221208046851
2452600014286789
2454082552101799
2454082552101863
2458043710600789
2458043710600853
2460042138216863
2465261231511863
2470005680103851
2471070104045861
2474001741051851
2480003145345799
2501133840116809
2501346651610853
2502530433562853
2502843260331863
2503032953121851
2505320010395809
2505320010395861
2506554045021799
2507152328014853
2508004350224809
2511038412580853
2511334670030861
2513019072370853
2514250612107851
2515012613054861
2516065030561853
2517190523500789
2520122663721863
2520390232700861
2521385500702853
2522420264430851
2522904215201861
2525836110141863
2533100210213887
2533401240047809
2533401240047861
2541545004141851
2542513153503863
2542901010690863
2544139603021853
2545010245007809
2545313136403789
2547013214604863
2547321202124861
2550242600085799
2550242600085863
2550700017805853
2552001812055851
2552401164262853
2560063072261853
2560472204106863
2561207832220789
2566002002737853
2566565493999851
2567605200106789
2573131222048853
2573414460030863
2574125040513799
2580112652202851
2590100800470851
2590106833120789
2600104314518861
2600132725363853
2600990422060853
2601022636341851
2601325731118789
2602368502221799
2602427631025853
2602644240401809
2602900204924853
2607912012522863
2608004079003863
2610231019434851
2611100675042861
2611305419035853
2612043475060853
2612180674210853
2613146120842853
2613241352331851
2613515222601851
2620570220284853
2622053376111863
2623237123432853
2624205370810789
2625131382210851
2630201148161809
2630201148161861
2631014177223799
2632003402940809
2633092004271863
2634002038453789
2634206700064789
2635001734153853
2635010419351789
2640413026057853
2641020903107809
2647800022134863
2650071227511863
2650131121972853
2651314070802863
2660843012161853
2667114222002809
2670017453220863
2670144042127789
2670223750041863
2680260017503853
2683812151102853
2700103037746789
2702432015513861
2702501356320851
2704346102505799
2706111051435851
2710380285310853
2711172140472799
2711474027000861
2712305505230861
2713396204003789
2717150024902853
2718191030350853
2720107444314863
2720319630003851
2720406370104851
2722041435811853
2724056116402853
2725063325031799
2730534440300809
2731202036824853
2732402625430853
2736147502111789
2743020731412851
2743105304280799
2747002602501851
2750042921341789
2771303551420853
2780246105023853
2790423001043809
2792300008212851
2800241659021853
2801403180810851
2802500922622789
2806613314212863
2808110753023789
2810306203168853
2811303348200861
2812023460633789
2813000072516861
2813100344913799
2814100243914863
2822240570007863
2822870103101861
2824236010083799
2829603022041863
2830515400434863
2831014214342861
2832241000990789
2841220009520861
2843440121133851
2844205526100863
2844422271112853
2870103073301809
2874019310202863
2897372634999851
2901203018715863
2906611401014809
2912710204025861
2914014024107861
2916502301802799
2924271413103863
2934014333400851
2950010712225851
2992412320231853
2994110120415863
3000008019594799
3001439370190853
3002046209730851
3002080756305863
3002321877403853
3003402652374799
3004104862705789
3004511863620863
3004520825182853
3004827171141863
3005023472761789
3005531041774853
3006455010273851
3008031534093863
3010276019830789
3011377005453799
3012530792521853
3013234044344861
3013540631072861
3013850951302853
3014195083303853
3015044231845853
3015417212702861
3017474530302863
3018110921905789
3019010639206789
3019711170271853
3020208751047799
3020523283317863
3020580108351851
3021145826121851
3022029065520851
3022519144212851
3022981220208799
3022981220208863
3023827002171851
3025003123795853
3025121465060809
3025635031052861
3026043004508861
3026921525000809
3027160000484861
3028301321723809
3029381153000809
3029381153000861
3030690212271851
3031521432637853
3033744001721809
3034020520578799
3034232472410861
3034401806056853
3035223665202863
3036470115023809
3037120575105863
3038633522500853
3040037188221799
3040060832351861
3040469101147853
3041017424923853
3041648131022861
3042185126314853
3042453433251863
3043200240796789
3045203342760863
3045323102781863
3050571542003809
3051936210261863
3052600485051863
3052955213400863
3053600293207853
3057028430332853
3059411135124863
3060176136502789
3061277040081863
3062146309311863
3063063001247861
3063108052408853
3063172213281799
3067611211034861
3068602112132861
3071235314632789
3072348660001853
3074512001268863
3075208303350863
3084541300254863
3091911504002809
3092032123424809
3092523532131799
3100600343546809
3101560379230853
3101593602113861
3102263013581861
3102345631080851
3104425725012851
3105145130093861
3110175242423861
3111445311591863
3112039535421799
3113033652535789
3113348008720853
3113351276422853
3114455162111861
3114532801165853
3117070309121861
3118414817002789
3118630009441789
3120021398070851
3120329331058789
3120730319236853
3121130047971799
3121173148018853
3121711722841853
3123214882131863
3125242028330809
3125343402273863
3126106925121863
3127326222144863
3128240611224851
3129663022100809
3130272613241861
3132220990620863
3132447042055789
3132606900505853
3132706232231809
3134018021457863
3134212291470863
3134240743211861
3134246310921799
3134404181222861
3135067350231863
3138039402030851
3140433342017861
3140861003590789
3141060116354861
3141106814550799
3141204595240853
3142315044135851
3142895222199809
3143112200846809
3144220728070853
3145011183337789
3146530620630799
3147331300653863
3148603192299809
3148610351143853
3150803171451799
3151133305168789
3152110743242861
3152403237122861
3153910237101851
3155123074126789
3156100629610853
3156572001612863
3156811713000851
3159055021008863
3160158113191853
3162027354502789
3164241321152809
3166392005010851
3170116510830851
3170164229000809
3171191111271851
3180239324211863
3180375420007789
3181440300425809
3186432010044851
3190012543048789
3200427328432853
3200701261652861
3202332537360799
3202730360625863
3203051128262861
3203153232084851
3207075400052809
3207623701122851
3207813502041851
3210313046593789
3210410902472861
3210440270615861
3210973233101861
3211059107024861
3211440660363863
3212425364210861
3212433141408851
3212789030022799
3212973521221853
3213017248026799
3213174215024861
3215311147624789
3217220780251789
3217931821120853
3220104197015809
3220104197015861
3220650810261851
3221331314093861
3221928400112809
3223235444035853
3226321505433863
3227276324200853
3227400871500863
3229062810101809
3230020511486809
3230020511486861
3230093501811851
3231810601406809
3235417120205861
3239130520704863
3240041317438853
3240261735021851
3240503942016799
3240835031821789
3241122515247863
3246206051511851
3250057009621853
3250194213523853
3251551803204799
3253023028515863
3253101822161809
3253400362214809
3255341107211861
3260032415243809
3260271070470863
3262120010783861
3264323620504789
3269401226499809
3270312341136851
3270621410085863
3272144743201853
3274732013107853
3274811400402851
3275403151036789
3281009605001809
3284216722120853
3296113035200809
3300164723330809
3300164723330861
3300219295311863
3300868110027863
3302423353651853
3305201822508863
3306017593110863
3307334902110851
3307452703101851
3311104436526863
3311682660211789
3311682660211853
3312173750440853
3313023862103861
3317404173042863
3321042907261789
3321637514302853
3322030141188851
3322164910234789
3322555602151853
3322710211837789
3323031414632861
3323503040481851
3324134402352851
3331015209125809
3332022580507853
3332184142134863
3334133702511851
3335271361110851
3337067032500863
3338102214080861
3339020433180863
3340051113393851
3340068531231799
3340408133550799
3341507411730799
3342029136002861
3343231517202851
3346230712225789
3350267022810863
3350714320223861
3351117360145853
3353540480005789
3357710220411851
3360080331332861
3361209816001789
3362640512404853
3364830042520789
3368402440240853
3370560504250789
3374001615204851
3374022850420853
3374120414614853
3380511531510851
3382371211144789
3382371211144853
3390023114145851
3390033351027863
3402773435010799
3406263021814853
3408004091515789
3410263264022861
3412433820360863
3412511300784863
3414451280116853
3414737300103851
3420175046223863
3420400177525789
3420630501366863
3421614400208861
3422226312157789
3422226312157853
3422402255213861
3440263003370861
3441112120970809
3441112120970861
3441246841111789
3441333505216853
3451900106604863
3463102093301861
3470023204464799
3472843300033853
3479104013422789
3486720300142789
3500304164481863
3502100578022861
3503613235305863
3504024364031809
3504100813217861
3504610634170853
3505370322131809
3506320712911789
3516120702183799
3520004157364789
3521003341085861
3521240345240809
3521746400301851
3523076411332789
3525025714005863
3530182071401809
3530241485202863
3532080241254863
3532626212134853
3534803331250853
3536463072000863
3540517410127853
3542222542050851
3547218132103853
3550320824142863
3551162461320863
3551311345234789
3551502135127789
3553120816033853
3553222096300853
3557631143001799
3560118300621851
3587412420310853
3591222014321861
3595101132351863
3598001121640789
3600722112236861
3601455213051851
3602003940922853
3603136401580789
3604240247260789
3609113243012861
3610214101358861
3616452302412799
3619102130338789
3622001055290809
3622141326190789
3624800110653863
3625310601233809
3625310601233861
3625800401172799
3633136600004809
3633384110403799
3634844001132863
3642134182402789
3643440712312789
3652121422151861
3656220013462789
3660122603510809
3660720053301851
3661001181414851
3661126540150789
3662411416141789
3662411416141853
3670025148211853
3671329105012853
3680000185171789
3700074326107853
3700079124600863
3700925413032863
3701041768030853
3701702071412809
3705069121231853
3707000942004851
3707216017212863
3707514202113851
3710329270132789
3710391205306853
3712171221606863
3712586000520799
3714404134701863
3721614180222863
3726020093115799
3729723400110863
3733006022460851
3751200161725853
3751200441651863
3760325403007853
3770108001125861
3802434222018863
3805642115221789
3805812002024861
3807033102822863
3810362141307863
3811922601205853
3812480614021789
3815105570211863
3816630004041851
3820541206036853
3821252053323863
3821431400806853
3821604205620863
3823411031810809
3823434326199809
3824161005271853
3828310060423853
3830101023020887
3830108520810799
3835520123021809
3836450300003861
3841042071522863
3844601191002799
3852108111221809
3865101202615853
3900371405152853
3900841015251799
3901361112162851
3910008361450853
3913543000242851
3946020223315853
3960142300336853
3964662000003799
3970132312225853
3970180131699809
4000572475303853
4001046561552863
4002108261344861
4002137562123851
4002175344190789
4002629631250853
4003222124928863
4003761217401851
4004015242477853
4006260348403853
4006445401281863
4006730192404853
4006838000335789
4006944234130853
4008011438226863
4010027705207861
4010923333115861
4011183102774863
4012102749118853
4012804119172789
4013119040547863
4013221844015861
4015120626543863
4015803013361861
4018080240404809
4018093200062861
4020062920186853
4020624608107853
4020644255102861
4020721155246799
4020736820102809
4028015440250861
4028702560213789
4030168223133851
4031903200495789
4033155728002789
4037213041721809
4040125409118863
4048410950302853
4050104204780861
4054740241103861
4056200333324861
4060050952140851
4061012452068799
4061494502014853
4071201049641799
4072102081924853
4072231029126863
4073265007033853
4075532110124809
4080443573001863
4084706080299809
4090301051561861
4092320217316789
4100174137705853
4100229101744861
4101651033083809
4102345071165799
4104202223816809
4105134142762853
4106524621323863
4107125120291861
4110064114067809
4110113168703851
4110235008448853
4112321411816809
4112412015658789
4113091317420851
4113140281407851
4116502641820853
4118403435403853
4120512312771851
4121068103522861
4123445061433853
4126281014321861
4128534001254799
4130241612650861
4130400332817851
4130444680150853
4131065733411863
4132003052691851
4134344113552853
4137469020400789
4139631131242853
4139700706300853
4142564317299809
4142614120906853
4143351503461853
4145243200622809
4149021518001851
4150131734132861
4153002413485853
4155207222410809
4155207222410861
4155602431171853
4156010671611863
4160252770014799
4162309014351863
4162931320013861
4164091145230853
4164319200064789
4165130261420809
4166250000960799
4170111251728853
4170302240264861
4171121836051789
4172029500600851
4173210240771799
4175621202072799
4181023715021861
4190001462531851
4191703016205799
4193306431002851
4195772100004789
4200335167311851
4200406220177861
4200820531294853
4201553001591851
4202627441052863
4202829340200851
4203201057425809
4204401454444853
4205022317806789
4206071507223799
4206210256281799
4206502411082809
4208012176216853
4208313216108863
4208700214323851
4210057527160789
4210124345148863
4210140541067861
4211606703333863
4211800800902809
4212217226551853
4212624033512861
4212632921611853
4213040139247853
4213060309520861
4214158191031853
4220344285113799
4220848015330789
4222807200813863
4223201009592863
4225013327340851
4227263500171853
4228101902722853
4228511570400863
4230820611404809
4231041009907853
4231612204343809
4232692325020853
4233180636400789
4234283070002861
4240932033033851
4241050089124853
4241160245208863
4241183421333799
4241405420653789
4242510111528851
4245950202033863
4248102513055789
4250203117380851
4252015433461853
4258424108020853
4260273000227809
4260720823014863
4261020565513853
4262003532715853
4262615541210863
4264107341040851
4265521065300799
4280112404306861
4291411214511851
4300165203263861
4301424652341799
4302851306602789
4304065446021799
4309240220270809
4310908025044853
4317723101155853
4320240519141851
4323104862106853
4323503420266853
4323914141332853
4326202130417861
4327303070700851
4328060061023861
4330403406057863
4332252810054863
4333810226142863
4340106842310851
4340210737206863
4341013615242851
4349021402056789
4351010363275789
4351121007655789
4351121007655853
4354204341072799
4354204341072863
4358242414003789
4362191030541863
4363051007901799
4363102432705853
4363142003252861
4363404652101799
4374312307213853
4391134502340799
4400407460024809
4401314807062853
4402062231452861
4403202671127863
4403250206833789
4403250206833853
4406923221132863
4407415154220863
4407470506003853
4410029102277863
4411014704144809
4412449304121799
4412506130271851
4414692123021799
4420012935406853
4420133261018809
4420540711074863
4424054241532853
4426230801303851
4431028403502851
4438002311063809
4438002311063861
4440035720403851
4445004058420789
4450342071212809
4450422041095853
4450832250021851
4452310341333851
4459302311413853
4460711701310861
4473110086401799
4477124023401863
4481030073032809
4481115016008863
4490617140210863
4491013637199809
4500121823630809
4502040132176809
4503220041973853
4504972042002863
4510705105614863
4511570142171863
4514021236803863
4514600130384863
4520151614016851
4525530080012861
4531111904510809
4532400420718789
4532400420718853
4533605400045863
4541376161110853
4542219312034853
4544114930202863
4548025030134863
4560140404821863
4570121013506861
4576550010205853
4596103011023861
4600363803205789
4601420266018789
4602239117005853
4604130055551799
4610025817042853
4610621304084799
4611130551323809
4611500332563799
4611705522240863
4612108120870853
4612300353652853
4612563432031853
4614134081125853
4615790010110861
4621152062204861
4622051010838853
4630005561320861
4635052071110809
4635160310150861
4640410111594853
4650523413699809
4655038200601853
4663040114308789
4700026063227799
4700501824131851
4702200032577799
4704203420733799
4705163142102851
4716160001590789
4720035325612853
4720134930600799
4720134930600863
4730041424114861
4734632230032863
4742542210130861
4751941203210863
4800461415699809
4802005501707863
4802542303270853
4805028107220799
4807712400102851
4810070165223863
4810643271012863
4813114920200809
4814020215625853
4820107145422853
4820525024400851
4828004225203853
4829220130013809
4831218090021863
4831501821105863
4831901009001851
4832300610251809
4841129052030863
4841712010182799
4900215371242853
4901440225103809
4907065122220853
4918110643020863
4923300443211851
4940024224224799
4941503430250789
4943370002112851
4970003337300863
4981020241045789
5000039653261789
5000726116174853
5000742443070851
5001347311425851
5002143059037863
5002621563171863
5002990133142863
5004353108520851
5005690203901853
5007120352902851
5007202906400809
5010061664222861
5011170146383789
5012243450293853
5012701004555861
5013051837043853
5015419406121863
5018310065007851
5020106388610853
5020210968250853
5020447302422861
5020540356550853
5021357000435861
5023006510337861
5023543365013853
5025052860020861
5030012947410851
5030044513905799
5031333614424863
5036010419532863
5041502452390853
5043134014613809
5047210071832853
5055288122001863
5056912204230863
5066008123125863
5067000412168789
5068301133208853
5070236012931863
5070371802110809
5070513710740853
5071119450322853
5071130608612853
5080102291290863
5080267120121861
5088101147130863
5096012260310809
5100204151202887
5100228160560851
5101013516628863
5101552207138789
5101552207138853
5101623277110851
5102119350530861
5102204250464861
5102276003536853
5102557230720799
5105556241042853
5106705608020853
5107360731412789
5108068050034853
5110343207356853
5110628152026799
5110690313520851
5110731472341799
5110861407601853
5111013016678853
5111372119702853
5111454180024851
5112601037392853
5116410522337853
5118323033042809
5119101373423789
5120123050664861
5127123354015799
5127123354015863
5129214610131851
5130304159153853
5131314531831799
5131820101963853
5132310416805799
5133290144404853
5135601666001789
5142033421730809
5142055244301851
5143151504713853
5144435102330809
5144435102330861
5150046150723863
5150051613184789
5151015107703851
5161034640005809
5161124632602863
5163102908000809
5166105126250853
5171111401931861
5171843220241853
5174081411700863
5185272221130863
5187213325012853
5200121655535789
5200236338404853
5200372334820799
5200418524008863
5202802328043799
5203411553146789
5203411553146853
5204226436410863
5204313078030851
5213092015462789
5213442031492789
5213572005014809
5217181921030789
5220332353083863
5225275252003853
5226015240603851
5227410512325863
5230112706351851
5230635606012863
5232406044343789
5236031236022809
5236031236022861
5237122014741863
5240333240175799
5243243205370853
5261740613400863
5267016060322789
5273501053131851
5274132016413863
5292105325222789
5302717230505789
5306125007042861
5307552113341789
5310351345234799
5310481413253853
5311435902106853
5312107744599809
5313052022853863
5313253501142861
5315537133310853
5317310722431863
5320050918222863
5322290609200853
5324323330740863
5325422407321789
5325427054120853
5336010235440851
5337220623520789
5344435432299809
5344814023100809
5350604123007851
5352327331510853
5354259302110853
5355122243430863
5371234022321861
5371415055022789
5390022228610853
5392014342510799
5401869003102799
5401917030081799
5402271222342851
5403124128351799
5405270252111809
5406001743402851
5411043540390799
5411170322144809
5411203228237853
5411404416234863
5412211751330861
5415800215530799
5416014502999861
5416220321626853
5420030522628863
5420165203840853
5420894310400853
5422050622560799
5422140906205789
5422370418120863
5423000426923789
5425632000162851
5430558211104863
5432448011016799
5432448011016863
5434533240111851
5435054316102799
5440032334623863
5440601227062863
5441621022930863
5442029322151853
5443710081011861
5446500205225789
5453112235216853
5456030104912853
5459140110600851
5460802011327799
5463200231612861
5464143400270853
5500352841020809
5501254923120799
5502045322174789
5504063161711853
5505211012454809
5506217561101853
5511041318402861
5512420020725809
5520560130706853
5522602109610799
5522602109610863
5524731400602863
5525610022080851
5526176010304853
5530619200899809
5532322203193789
5532322203193853
5533013306515853
5533480201044799
5540703132114851
5541002045374853
5550513302812789
5551062542499809
5560020272502851
5560114400923853
5563220107202809
5600562203164853
5601106436322863
5602064905011863
5603357320011851
5604313112428853
5611143391240789
5611143391240853
5614353111711863
5615203362025853
5621114202462851
5621193121206863
5624042306223799
5626101073230851
5645146032220789
5650021631514863
5650103256141863
5661114414205853
5695025122200863
5704410590310863
5705001523254799
5705924113111853
5710002813071861
5710111064262851
5711220400841861
5720533261110851
5723341200153851
5734513241032853
5740433101443863
5763150320120861
5771111732100851
5771910222111799
5800338332122853
5800403308404863
5821464150031853
5824104515014853
5830311067600853
5850004803340853
5850034310403851
5852303160016853
5870000001095809
5909212232401789
5911303041503809
5925420111172789
5930056015042853
5961100670103863
5972010410406863
5973600012025853
6000038221148809
6000205096043861
6001190025372851
6001201877701853
6001720227126851
6003145540425799
6003231025931809
6003231025931861
6003310072454809
6006113639000861
6008400323540861
6009531231541853
6010057194223853
6010146277060789
6010203513366851
6010443640524863
6011617411606789
6012103162643861
6012171148320851
6013320126672799
6013331570083853
6014460203072861
6016412014073861
6017161706130863
6018105220704851
6020004059193799
6021551038140851
6022090170742853
6024361031950853
6027032131280861
6031722191021809
6031801025433851
6032230118244851
6034661027320789
6037091900040863
6037524910002863
6038070151032851
6041235115326799
6041815109500789
6042054009720863
6042156022206851
6042304023065809
6045312016025809
6046273014011809
6046273014011861
6047550241311863
6050306302541861
6050450722440799
6055022073360863
6057445000130861
6060135509122853
6060302663035853
6067035012523789
6070032332631851
6070223571340853
6073541025501799
6074053412610863
6082024214106851
6082101272721863
6085111001755789
6100492703003861
6102110484408863
6102441950421799
6102823261242863
6107345520313789
6109350053120861
6110020018593851
6111204403922809
6111561140406851
6112008091138853
6112831018004861
6113325604233863
6115020605235851
6115952101311851
6116113035252851
6117534312321863
6121531043316851
6123501324800809
6124200464313851
6130000635291851
6130501273065863
6133190154250853
6137072003910863
6140115100386851
6141601251260861
6143296001043863
6144911110043809
6150350450424799
6151220314671863
6154513312054853
6156021203257853
6172105435221799
6173035002391853
6182022360901789
6200385323701853
6200460252075799
6200644103761853
6201015935700799
6201015935700863
6201621376002851
6205001704640861
6205259104123789
6206220310175861
6207320301835853
6208640237200789
6210141337570789
6211020677710789
6212231722152851
6214330042433809
6217554301005799
6220052055075799
6220064614612853
6228022111604809
6228022111604861
6233232181410851
6233405300126861
6236143080021851
6241702122913853
6248110016415863
6250226104314851
6252340302413809
6255122203044851
6260018411344853
6265040013900851
6270006624222799
6280008160242863
6281901025401863
6290001704253863
6306220422431861
6311186046202789
6313320433345789
6315119410630853
6317123106180863
6322115073072863
6322150610571799
6331412612051809
6340622413620799
6351753122202863
6352060171252853
6352120804503863
6353022106380799
6361127035212863
6371311050903863
6381130706100851
6383111062035863
6401221072734799
6401240825300861
6403531022905789
6410804714112863
6411061904035853
6411100831802809
6411155604200861
6413140003085861
6413498102100799
6414328120216853
6419300172070789
6420234414081863
6420412900241861
6420535124701853
6424801143322789
6431045242333853
6433020348232789
6451592000124863
6491501212134863
6502700004817789
6503293104033799
6503320410740809
6504380160700789
6504380160700853
6504744051300799
6513038214016853
6514220134227863
6518130743010863
6531354641002853
6532250032155863
6554350100083853
6555125212599809
6601265020138853
6610205234470853
6622902223051853
6633010365105799
6701136135030851
6702232020573799
6702717203040863
6713521026403853
6720024006715853
6720603128500853
6721506007599809
6800064131191789
6802620113623853
6810690150301789
6811000260871853
6829020192010853
6831854011012853
6833351300701789
6833351300701853
6840600222262789
6842132041621853
6850212404610863
6860110211068853
6904352103213863
6910220512124861
6917202332220799
6917202332220863
6921512042111809
6960202520350789
7001232284204861
7005309322090853
7008150425214863
7011111477361853
7013013808301861
7019130293023853
7019221147006853
7020803135231861
7021628140332863
7021756611210799
7022502714064853
7022660432251853
7032930013232861
7038411126007853
7042031125078853
7042114513601809
7045003314571853
7045441340502863
7048106203252853
7050044063911853
7050831409200863
7052501217711863
7061503073430863
7062125021190851
7063313034114851
7065025011903863
7066124111510809
7067042622103853
7070000204915861
7090015075410863
7092033171214853
7100334266107853
7105206317025863
7105505312155853
7106900034712789
7111762302451789
7111762302451853
7113407521621789
7120133106272861
7120404105393863
7122130243177853
7122411351530861
7123523923210789
7130146440072863
7139190205299809
7140067042104851
7140264523240789
7141802034064853
7152010307504861
7161024122072809
7162125440201861
7164001671304853
7180640012505863
7183086211012853
7200036420417851
7200281350831853
7201205194108853
7202224462270853
7205013662422853
7208123080107799
7208852011006853
7209921013230863
7210132617172789
7210220304873863
7213033260404861
7214703652102789
7224491200310809
7227467200210853
7230011009426809
7230350137432853
7231225730160799
7232015156070799
7235130791002853
7236134111151851
7240502605152799
7241432010056861
7248331015014863
7251152204325863
7252154431240853
7253292310213853
7260171311213809
7275140076010853
7302014115727789
7302204225081851
7305044206171853
7305513410150861
7311780333000851
7320810015224809
7322010490425863
7323039125113853
7323510420570863
7334705001640853
7354320168001853
7361123140218863
7364510161024853
7371060423421853
7373303921020789
7385003420044853
7402126110417851
7403140116530861
7404112640713853
7411418130072799
7413042311932853
7413816000145853
7416211246141853
7421123255152853
7421500090236863
7422033200853863
7430601081073789
7431050147215789
7432733000631863
7440101322291851
7444021551006863
7450424410400861
7464140516002853
7472021084022799
7501660624012853
7503000533635853
7503026621512789
7503026621512853
7503158312113853
7509112221315863
7510717020361853
7511140200626809
7516800023400851
7541160312810799
7550121504108863
7552400330424863
7600050521514851
7601247502501853
7608021441060863
7632391011204863
7633101830611853
7648030702110863
7657222122202789
7695321105001853
7700118200504809
7701123301073861
7702132313811863
7703410613202851
7711083101105809
7711317532101863
7741750101030851
7750104054033799
7763104021234789
7785104330110853
7802144103154789
7803023030752853
7812902020202809
7812902020202861
7821812402202863
7858060001041853
7860153701020853
7903240502340863
7909010010084863
7910416210261853
7930420058199809
7932040016211851
7934331116199809
8000408025426799
8001156072213851
8002803103280861
8010353921134853
8010409058500789
8010506026227863
8011103092942853
8011656016302863
8012029072360853
8012555151021851
8013135211820861
8013319050441799
8013319050441863
8020100727701809
8020541290414789
8020871437000789
8025101702157863
8027603001346853
8030110305708851
8030317703431789
8033204124522851
8034547201101851
8046054041205799
8047514234020853
8050271613501863
8051250283032799
8054310054221861
8055222051046853
8060042082140809
8063635150002863
8065112504034799
8065112504034863
8066523011012861
8071051050760853
8074022540214863
8080042223335853
8080380108022853
8083410411114851
8100020476336853
8100032118291851
8100236427330799
8104606070601863
8105108513202851
8110227004046861
8123580411025853
8128533211510853
8128601181031789
8131010854032851
8142061005157853
8142135040412809
8162113050062861
8191801103323853
8202532370520799
8204024382132863
8204820302254853
8207121018703853
8210107700734853
8210490365002853
8210812301176789
8220320066303809
8220721023706853
8222006530503851
8225079000024863
8230011336522851
8231300244274853
8232251116206863
8233410303067853
8240527012513853
8241040107417863
8242272224310863
8291251040242853
8300427142404863
8301443027530853
8301500854033853
8304046404502789
8304542030713853
8310000531527809
8311230731532863
8314078012500863
8350053024262853
8352003432132851
8400460053550853
8401709015022863
8402151324204851
8403140403516863
8404060341154853
8421224223442853
8422806024120863
8441052607300853
8490100033291853
8501126232306863
8508202134511789
8508202134511853
8512550150151799
8513632021144853
8521102441134851
8531480011230851
8551141150103809
8570750313001853
8601534642010789
8610700503126863
8644142213401853
8733206021034799
8736232211499809
8761236400299809
8780300124321799
8811300232156853
8901253241004863
8901821034031853
9000208363224863
9000418143603863
9003182034243799
9003513330171851
9003721615320863
9004141050906863
9006072505141853
9006221562133853
9007030311942863
9010770114144863
9010800550061809
9013151702141861
9017451153030799
9021857757999851
9027141701062789
9028240101147863
9030750302006861
9032106090036863
9036102504033851
9060113135340851
9062412524041853
9083506010224853
9100263190405789
9100263190405853
9100724351304799
9103644113503853
9104322374320853
9104601204274789
9107404201034809
9110610524272853
9111229250124863
9111843400063853
9113311310463851
9114250334026853
9117212445300863
9120410371332851
9130060170162851
9131127208051789
9133405202160851
9134054403321863
9136400154141863
9140132547121789
9150711310326799
9153602703121853
9173033013261863
9181000456105853
9203053356201863
9205228035120863
9209603031060799
9210196040152853
9211412403454853
9212519621100799
9216424602103853
9220841002542863
9221581022232863
9225224160002861
9230241261501851
9237060014111861
9241200602901851
9250204202054861
9251202505116799
9252702214100809
9253022611404799
9260174021124863
9272040104731853
9300805731012799
9303138225102863
9304724712001853
9305181330303799
9310162164151789
9315246600003863
9320030453155853
9321050183251789
9321050183251853
9321210280804853
9322201045305851
9323211303264863
9343500207232853
9351119021322863
9354050162112863
9404410171270853
9410132177140789
9420155550300799
9420411282231863
9430011716701853
9431101165116863
9437432010420863
9442034521141853
9460810014150799
9470205170302853
9473106090100789
9502036302334853
9513163015599809
9513361024204789
9518303102124863
9520014354033863
9543001152613853
9601307203504789
9601620470013799
9602033114532799
9627200114300809
9627200114300861
9636344000131789
9703524011260789
9712028503102789
9725531320111853
9733102010490799
9736100032899809
9765100500110861
9770323200051863
9811130124132851
9815019014001863
9817301325000863
9834150220204789
9920240401251799
