63782998969989799429
96989986598717899429
268997958095988899329
296888698475698799329
478776289862999899429
498077995966789799329
586289088899957899429
679957758586388899429
688177977888837899329
736794879935979899329
789867584696559799429
825989999644977499429
889792908728969899429
974869994878475599429
977939989018797799429
996994343977899499429
998279746799469499429
999756696917878399429
1387855867949887799329
1586683765789896899329
1779188858549977799329
1798961977888357799329
1827739882998899299429
1877979887497097399329
1887796943664999599329
1894998769956056899429
1896949889546709899329
1928858709999866599429
1957489896790757899429
1959907396789578799429
1969977809858286899329
1996999908234889699429
2079895858959485899429
2266968625999899599329
2389997836689367799329
2477957878976970799429
2487828289891989899329
2492698857889769299429
2518959659538989899429
2549898575956489799329
2599688678936847499429
2699891549595569899429
2745685969899870899329
2757739847598895699429
2766473779798889399329
2771999899864379299429
2778598746776987399329
2784595756799199799429
2848799889156686599429
2848999936847792699329
2875968699765395599429
2885959079898394699429
2888728477956886699429
2897798648891929399429
2946885789747666899329
2968906934997794899429
2983937669877855799429
2989386185877875899429
2989849867676355799429
3099949779285993899329
3229788676899984599329
3247778669676879899329
3286929939893859799429
3328798798959863699329
3329787697879557799429
3383999898782963699329
3396927978397966699429
3417499939983887899429
3459969263989497799429
3497999385475569899329
3526699999849994099329
3588371996969698499329
3599919687187797499429
3637628995685799899329
3668578598888657399329
3669477789805997599429
3693779998899841199329
3697949591898937399429
3728578855959886699429
3749833849998858499429
3761777999989374499429
3777950383999897799329
3779953973788395899329
3786999817991786299429
3798877488676844699329
3799928149668569899429
3868988953686285899329
3869791799296783699429
3876919279994866799329
3887893695568773899329
3899675088979475599429
3936971869459996699429
3949973866788755599429
3957879749197789199329
3977765399658779399329
3987488863987359599329
3999897990138855799429
4077686962986997699429
4087995389977818899329
4190879899766588699329
4268089469898697799329
4381994886477799699429
4387699973888777099329
4387868153898798899329
4389949568397666799429
4398911968899567799429
4469767229989397899429
4548494889693898499329
4587796966699058699329
4597978529846576899429
4624899872099889899329
4658899579756149799429
4669682969759276899429
4677476326979899799329
4678646795872988599429
4685999066789971799329
4698118889548889699329
4768471898699745799429
4779989738835185899429
4782399598465788799429
4787765663999749399429
4793455996596895699429
4796899889868115499329
4798147898865795599329
4815963994658999699329
4836488192999797699429
4836977658959985199429
4848468839983974899329
4866965178998497499329
4868068695969848699329
4868689891984268699329
4869478898616792799429
4869493788199855699429
4873487895639978499429
4876897489789490299429
4888989673234788899329
4894687725769956899329
4894989456785962799329
4896878375498848399429
4896897699318892499329
4896977639658862799329
4897898937974917099429
4898960599759593599329
4949928982529798599429
4958428865998097899429
4975917895875887299429
4975978518783978499429
4979099858287088899429
4980695675499588899329
4984889865596268599329
4987379446977792899329
4987489799471737699429
4989818398865629799329
4991768297966893799329
4995677929734959699329
4996447576289769799429
4997689598186654699329
4998833772986897299429
4998887691981737599429
4999282858499797099429
5058892775988796699429
5099672968875884899429
5119690789979994899329
5171889959397695899429
5178686999967941699329
5289848999653478599429
5355597788495989399429
5386968897739288399429
5397745488769799299429
5418949966898796299329
5470888798896790699429
5485396989678834899329
5496998389374797299429
5528849982947958899329
5536396997689496599429
5588948864068789799329
5604989883798988199329
5626597576699766899429
5657687989984075699429
5678752878878763799429
5679299888075787499429
5679835379874777899329
5687778985949279099329
5695725781968789799429
5734379564897988899329
5734784969977908799429
5769158842678998899329
5774888892882938599429
5794497247939989499429
5796869743895629799329
5797695298259947699429
5799852697396848499429
5807887718889869299429
5809989382983968699329
5826079795857995899429
5839894878875517799429
5857507779689748799429
5858852837768399899429
5858857188960797899429
5860897996799846099329
5876638886498847599329
5879486504785899799429
5886837996974753699329
5896472998742895899329
5899692868686675199429
5899886578885590299329
5909999087795839499329
5936868886554389899429
5946581588888946799429
5950855785999798199429
5952467974867787899429
5971825994587789799329
5976864967598663699329
5988494638798536899329
5990377796985927899329
5990899676477974399429
5997688854458861899429
5999774476974266899429
5999988403645994899429
6079998805995774899329
6096793684962999899329
6146789963987578699429
6273669999478858399429
6279688824918799699429
6377899848478863599329
6390899865559578799429
6491196198989499899329
6494869497928486699429
6514969497179988799429
6536789478498946799329
6554579799879486299329
6569714877479997599329
6589489966684382899429
6598678685786478299329
6599127977868893699329
6599976198824892899329
6615748977667999499329
6658487794656786899329
6658928849879705899429
6668896577359847699329
6668989851478776599329
6685887584842869899329
6689829991768196699329
6689885271639698899429
6693996735693967799329
6695999654896971299329
6697723897897951799329
6699765528805799899429
6737847728898755899429
6747349885898695499329
6754955579679972799429
6758789858484709699429
6759752995857991699429
6761599748888089799329
6765496365758988899329
6771699691756897799329
6774688762675698899329
6776696981599563899329
6787777987677563299429
6794934769466889599329
6799692437591999599429
6799867381997508799429
6799927759276934899429
6806999267945698699429
6841888735885679899429
6845790867589947799429
6866989727989434499429
6867986768818049899429
6876664995388657799329
6879897980855644699429
6879981960867458899429
6881397694399795799329
6886759019686789699429
6889499394753971899429
6889871697825666899329
6896478622995876799429
6899653986757751899429
6899981748296687399329
6944785895469498499429
6946295857877798299429
6949928914528899799429
6958445464986969899329
6966988864979017799329
6967283896882798399429
6968826399488727899329
6977956785956547499429
6978853985433799799329
6984942288938896799329
6988067468989197599329
6991858287746986699429
6996754799775274799329
6998659964982058799329
6999616586382896899429
6999882794614938899329
7028376878989795799329
7066989967381998599329
7077377691898796899429
7094693989845896699329
7119689198953989799429
7198709789689446799429
7279999886092791899329
7297475958698098699429
7334579849887589699329
7389893794551968899429
7399917999845707799329
7416915999919895899429
7419884279989994399329
7441976667878858899429
7468969822987818799429
7481549598999852799429
7498959234496997599429
7555578973993879499329
7569598668384991799329
7587189979576791599329
7596788938718839399429
7596798076477977599329
7597859189897064899329
7599395993198946499429
7609796988397178599429
7657661954995989499429
7658796971478972899329
7678783588796364899329
7687276832959897699429
7689882777184968599329
7693887385949896099429
7696688263678848799429
7696999390565784799429
7715937886896978299329
7717996999198429399429
7719936889679474699329
7724939468497979699329
7736965854679497899329
7747398987059298799429
7756439899939567399429
7757709808388799799429
7758995462786597599429
7766228897489877599329
7777763259978986399329
7787655999905577599329
7789878659691582499429
7794975889457891399329
7798872876717487699429
7820097895987977799429
7825988898178957199329
7845939765678548899429
7847832595977879499429
7858889309665859599429
7869647499832849699429
7874687543785967899429
7878079969156788499429
7883507960989699699429
7887939770609994899329
7889668194998443799329
7896988609893548299429
7897975949416567799329
7899991059498781699429
7919893771977785599429
7931989759698358399429
7936933869849775799329
7939169569974846799429
7950957889748777399329
7958774698287859099429
7958865994429268899429
7959687178742598799429
7962671768778896599429
7966891798768245799429
7975154993399976899329
7988454946782975799429
7988687448196845799429
7989269899730773699429
8193789971628889699429
8219868937959674899429
8255987646697994699329
8258939798169298799329
8259327983979878599429
8286659939564797799329
8296818779708993899429
8376097899675982799329
8378651889969589199329
8379878447779489099429
8379931995772797799429
8381598975693965899429
8387858387538768799429
8394394986697658599429
8439562477789986899329
8443699652797976899429
8457299798957509699429
8465667336996999599329
8465697950969889199429
8472866497596868699429
8495098169788659899329
8496494949849456899329
8497678348997359399429
8498997098616567899329
8499639364779477799429
8529995558789049899329
8534838719739899899429
8541489967894598599429
8550899977979541799429
8559588640569888799429
8559965978783357699329
8570459595998698399429
8587939577267669599429
8589398456984466899329
8599777818668535899329
8610789879597688399429
8626579978938982399429
8628958864995807899329
8635584761788899799429
8647879586667488399329
8657089587898449599329
8659895848800996899329
8664869249897379499429
8667858883734769699429
8668982884984149799429
8669858688693937099429
8678350682989778899429
8678887189445888299429
8688999757567751399329
8689687618654948699429
8693687666653978799329
8695954599867265699429
8696971839949753699429
8699976445698457499329
8709966775699673599429
8729786788840884899329
8739684691758885899329
8748669972977237899429
8752969697293488899329
8763749922999836899429
8764976297946596699329
8776946716998758299429
8779897637389393399429
8781779899478390699329
8788528337989836899329
8788627886773993399429
8789534858819479799329
8789789288536678199329
8789899856544774199429
8793237798887947399429
8793888147929675899429
8795288971667765899429
8796943375988880799429
8797167878648847599329
8798159777585578499329
8798698769813186599429
8798859638976180899329
8799457564764886699429
8809570689968799199429
8814473894879697899329
8820899488558876699429
8823858399479868599329
8824685488967369899429
8828691719898386899429
8829692779156977799429
8837793629785885799329
8846958908917794799429
8849885444868699199429
8849994389099463799429
8853682799968835599429
8855639359989389299429
8861768478938774899429
8862546858998397599329
8867229898086598699429
8868984872457099799429
8869446788248975699429
8879849095178289899329
8879993749354986299329
8883978443897848399429
8885589889924851599329
8886463496999956099429
8888578761799387099429
8889697183787456599429
8889970389955743899329
8892984188276778899329
8893965998375248799329
8894569588929684199429
8898571979738179399429
8899028669757693799429
8899441799398925699329
8899788883720917799429
8917838898979185199429
8921697679960896799429
8927488918428969799429
8927955872999921899429
8928975906859484899429
8934974617689974899429
8938355668778389799329
8939465855928877699429
8945998221468999799429
8947934698477548899329
8956997269427767799329
8957094957888367699429
8958779950946259799429
8959539295671986899429
8959697824894916599429
8969867377399264799329
8969937434569956799429
8970791974809968899429
8972485168589988599329
8973699866445868499329
8977763889828555599329
8978098368099756799429
8978367785988515699329
8979547955496287599429
8980358677984999199329
8984986878595366199329
8985079995853783699429
8986598175529749799429
8986666996990256699329
8989289079777666199429
8991556893798868199329
8993756891596667599429
8995783929287868299329
8995898488046773799329
8995999634450759899429
8997284966319688699429
8997906267846996599329
8998689105998395399429
9077788555869693899329
9087647638973899799329
9089879804757888599329
9095798599229199899329
9099679993678373599429
9129798938973795599329
9169869977341978799329
9192568949477788799329
9199363864867995799429
9278668879972419899329
9297459956718999199429
9324987778787965399429
9337857989864993399329
9376897268798794099429
9378837308899777699429
9379951585896997099429
9383764799907697699429
9383989349884692899329
9389429787995863399429
9397878329973598499329
9398852996476377799429
9398969279880194899429
9399477397599086699329
9423898999950578599429
9448565649997378799329
9468267996897284599429
9479877938796541699429
9486368995802989699429
9489556356984499699429
9493499849575587499429
9495097889256994799329
9496598969659375099429
9497778874576883299429
9499947864936473899429
9504697787977946599429
9536386776777688799329
9542885898798912899329
9549976194099975899329
9558877783448967499429
9565893857999663299429
9569977926398387399329
9587828944198379899429
9588845728439799599329
9592892496576849799429
9617878529739499699429
9637527899889447599329
9638898592696993199329
9644658967667838899329
9657646468398759799429
9657937769914768699429
9673777993179297899329
9674779894173899399329
9676852783795993699429
9679669247069998499329
9679969319957936399329
9681739795995466699429
9688247839883972899429
9689688075917864899429
9697395921789758699329
9697778978612699099329
9699167159589882899329
9699935944793585599429
9706789086859868599429
9706997188777448899429
9719856992839697299429
9719988488749912799329
9727794185896986599329
9728884579966671799429
9738947275879997099329
9744494879957776499329
9748984149936759799429
9756488794963468699429
9758692298468867699329
9759299589167397599329
9765935098835699899429
9777454639997973599329
9778733597887908599329
9778993659147918899329
9780878737834869799429
9786836797155878699329
9786987462975653899429
9788378892961869299329
9791799758980289399329
9794817555699388799329
9794948574687960799429
9798988225952969399329
9812557877777984899429
9826724997799654799329
9828690825994698799429
9839698188556896199429
9848966809645838899429
9851979092887899199429
9853939948576836799429
9855622979399981899429
9855693088787765899429
9857855116999785799429
9859968568960479299329
9866866698726627899329
9868185855058998799429
9868518877749870899329
9874835979053799799429
9877566693781869599329
9879057684567976799329
9879656169435998599429
9889656780880982899429
9896282966479977299329
9896807462945879899429
9898563436699776499429
9899689996391090699329
9899795864686473299329
9905689869759572699329
9915966893809776899329
9925973978182896899329
9935998374869557399429
9938915827585598899429
9939992752879392799429
9948478816485967799329
9948888009995762899429
9948917439666988399429
9950096793788996699329
9955797952494298799329
9957006987978449899429
9959578927456916899429
9959857219599971699329
9965499735958762799329
9966739788909357499429
9968302895964789799429
9969469668447943699429
9977937799972145599429
9979590397887906599329
9981979615873978399429
9983297979770682799429
9983857878364458899329
9987158537997538799329
9988762277948488399429
9989699780340399799429
9989798851634297599429
9989963294877096499429
9991685089791948899329
9993817994952458899429
9994966989860442899329
9996399868392327799429
9996996270359982899329
9999557796773159399329
9999757166871848699329
9999859793822964199429
