1 56676324799
2 373169411809
3 2121959132809
4 10180781225809
5 14328311692789
6 17429111275789
7 32594135422789
8 34327062247789
9 39262151325799
10 57404320087789
11 60760513291789
12 63116080460809
13 66105224572789
14 92054642332789
15 98606700040789
16 121265542183789
17 138111039233809
18 153806714140789
19 170408705052799
20 188470111216789
21 230432750225809
22 340235457420799
23 400417912074799
24 401325921611809
25 401328772231789
26 432321056243809
27 446122006406809
28 525031202866789
29 574535540010799
30 615680108122789
31 834432025013809
32 1004516080028809
33 1013700481743799
34 1028042231264809
35 1037551410075799
36 1103221597900789
37 1103602376015809
38 1113244366323799
39 1118601527223799
40 1171111962144799
41 1221913805061799
42 1223059503140809
43 1242016550144809
44 1246514043360799
45 1315438300700809
46 1334861501021809
47 1350054234454789
48 1432424630443789
49 1458601125151789
50 1512022395050809
51 1517201432207809
52 2022529041930799
53 2137043352212809
54 2161373512422799
55 2212041642925789
56 2212315602083809
57 2259054412410799
58 2325171311248789
59 2364132430043809
60 2391316353211789
61 2422377002631799
62 2454082552101799
63 2458043710600789
64 2505320010395809
65 2533401240047809
66 2550242600085799
67 2630201148161809
68 3022981220208799
69 3029381153000809
70 3220104197015809
71 3230020511486809
72 3300164723330809
73 3311682660211789
74 3382371211144789
75 3422226312157789
76 3441112120970809
77 3625310601233809
78 3662411416141789
79 4155207222410809
80 4351121007655789
81 4354204341072799
82 4403250206833789
83 4438002311063809
84 4532400420718789
85 4720134930600799
86 5101552207138789
87 5127123354015799
88 5144435102330809
89 5203411553146789
90 5236031236022809
91 5432448011016799
92 5522602109610799
93 5532322203193789
94 5611143391240789
95 6003231025931809
96 6046273014011809
97 6201015935700799
98 6228022111604809
99 6504380160700789
100 6833351300701789
101 6917202332220799
102 7111762302451789
103 7503026621512789
104 7812902020202809
105 8013319050441799
106 8065112504034799
107 8508202134511789
108 9100263190405789
109 9321050183251789
110 9627200114300809
111 10052052439224799
112 10113042530870809
113 10310027590812799
114 10321224328812799
115 10404634680102799
116 10502351008627789
117 10561436121406789
118 10563110415345799
119 10627812000930799
120 11030902323335809
121 11057333304401809
122 11063638010812789
123 11102372606505799
124 11321184100396789
125 11345020347212809
126 11523023037552799
127 11621409412090789
128 11975104400107789
129 12021151810436809
130 12075331900400809
131 12114583243240789
132 12151297046002789
133 12181456000034809
134 12201702698110789
135 12224200215397789
136 12303024503048809
137 12504552114532789
138 12602481503043799
139 12701068306050799
140 13019940142015789
141 13135230253731799
142 13210392813105799
143 13220181465430789
144 13368002106307789
145 13830014227045789
146 14020812171382789
147 14425186150300789
148 14510417152026799
149 14530721371105789
150 15041071521138799
151 15075141230074789
152 15083104412182789
153 15360451041721789
154 16053203921151799
155 16341192106024789
156 16461002420414809
157 17723031220074799
158 18212744031421789
159 18251052530142799
160 18363052521210799
161 18410140414524799
162 18504133107011809
163 19063121304212809
164 19410980213011789
165 20020423834227799
166 20048330107700809
167 20078132703060799
168 20094007205411809
169 20146001762501809
170 20210223082908799
171 20242176370222789
172 20660523058110799
173 20850645211010809
174 21063616060611799
175 21285512280202789
176 21400431901707799
177 21451137019401799
178 21800532350074789
179 22045380282004789
180 22121536171013809
181 22140693320440789
182 22220380490422789
183 22305120837421789
184 22441013052880789
185 23093160303162799
186 23156322814102789
187 23310102642258799
188 24112354732401799
189 24334030110851809
190 24501110681123809
191 25603231810270789
192 26020104704117809
193 26305072000451809
194 27022151520453799
195 30020262339181789
196 30720308700311809
197 31690245330130789
198 31693204211331799
199 31803592411012789
200 32141066603120809
201 32371002775200799
202 32730541310325799
203 33070550062027789
204 33214650305314789
205 33321115641235789
206 33360021430721809
207 33433201074352789
208 34031155034015809
209 34106640812050789
210 34232244340152799
211 34313042104802809
212 34507166101060789
213 34552251114330799
214 35321710751031799
215 36143062422402799
216 36156121063141789
217 39230293201024789
218 40059108100304809
219 40201869055000789
220 40323407030482789
221 40344120361624789
222 40544341120142809
223 41111163714801799
224 41120478212620789
225 41125421059001809
226 41224031117383789
227 41231810831017789
228 41413805512501789
229 41503420603322809
230 42240124442640799
231 42312252023428789
232 42621401317080799
233 44241500413290799
234 45511401305550799
235 46053601942000789
236 46132132315117789
237 46600031123414809
238 46802151214240789
239 47203124333223799
240 48471107220013789
241 50012526122365789
242 50417101922035789
243 50824101066160789
244 51362010610717789
245 52400013391542799
246 52420711642105789
247 52550071201214809
248 53093210124540799
249 53420060334118789
250 54907430004012799
251 57001014402267799
252 58953610010101789
253 60240122221855789
254 60804332036023789
255 61133065101170809
256 61423321538010799
257 63150229031210809
258 63570080034400789
259 64050431043261799
260 64221801227400799
261 64361011354100809
262 64713350220304789
263 65421308040114799
264 66371420090001799
265 66520340014144789
266 67081210114350799
267 70330822541103799
268 71030094031713799
269 71363400111481789
270 72132190130321809
271 72132430253305789
272 72354121220505799
273 73012340050456789
274 74071301202422809
275 76000721523312799
276 79020110941203799
277 81011412351256789
278 82081560010144789
279 90002088700330789
280 90294222100017799
281 91208021431333789
282 92210205631206799
283 93312051320073799
284 98877698796976721
285 100011224915716789
286 100014623044811809
287 100024809116412799
288 100035400627133809
289 100122239136351799
290 100382341304334799
291 100512120156474799
292 100526111021758789
293 100801002630761809
294 101081736071122789
295 101140367922400789
296 101413187110821799
297 101767092006001789
298 101912603165221789
299 102003616335406789
300 102636010105645789
301 103124221336075789
302 103600105865104789
303 103720414701027799
304 105133123574131789
305 105149430203512789
306 105246052026204799
307 106301540382151789
308 106323502082502799
309 106412142914103799
310 106540100764221799
311 107727115600120789
312 108303324531250789
313 110362500517701799
314 110401629030062809
315 110415233482402789
316 110618013051440809
317 111027235317024799
318 111910022221485799
319 112330512812443789
320 112820166381001789
321 113031805110348799
322 113032095303514789
323 113042061371055799
324 113326433411007799
325 113421020494630789
326 113590016426010799
327 114000311907606799
328 114136139050411789
329 114212103012957799
330 114344038314210799
331 115103123217053809
332 115111113202763809
333 116153171350141789
334 117009260214016789
335 118630030510840789
336 119026310241270799
337 120021126302447809
338 120515013505903789
339 120741321035411809
340 121006314033065809
341 121052367504003799
342 121248201110962789
343 121392470712000799
344 121425330040446799
345 121643111012547799
346 122138406330002809
347 122183050130265799
348 122435018410630789
349 123115311881410789
350 123132064280210809
351 123445454102140789
352 123701608022071789
353 123723105006307789
354 125003616401033809
355 126915004240113799
356 130051045144313809
357 130171145013562789
358 130246110201374809
359 130265640110541799
360 130502402297202799
361 131150194431114799
362 131244091903003789
363 131427332030164789
364 132000055560760789
365 132144310371162799
366 132211104210863809
367 133140622614123799
368 133210570214416789
369 133240166221251799
370 133303307411353789
371 133661320401041809
372 134421474001621789
373 134622016030164799
374 134710247020053799
375 135113671140142789
376 137121310507305799
377 137130410625024799
378 139231034005202809
379 141321457221033799
380 141470302008432799
381 141536722141201789
382 142030643414120809
383 142200731050622809
384 142312520031708799
385 142650146130340789
386 144830941002400789
387 148077210014130799
388 150171267201034789
389 150297032020711789
390 150306017012612809
391 150700030446104809
392 152021392093002799
393 152110411218561799
394 152283200661013789
395 153030100165172809
396 153061110231825799
397 153074253011332789
398 155223161120411809
399 156622101212064799
400 158262033025210789
401 159031060400028799
402 160213900923102799
403 161071154307012799
404 161145301410260809
405 162197122020330799
406 164023325354002789
407 164072150010354799
408 171121005662413789
409 171141000824114809
410 171474132040150789
411 172403222172106789
412 173105200523425789
413 173233030620081799
414 176302310137001809
415 179141002002076789
416 181120153070240809
417 181423240140113809
418 182251013560320799
419 182351013800125789
420 184161002071216789
421 184300107003192799
422 185110366023004789
423 185323020211034809
424 189669882788998721
425 190431102320045809
426 195123504123210799
427 197501208400200799
428 197611003142401789
429 199889683587898541
430 200033163059305789
431 200067463241032789
432 200148920153040799
433 200225632344313789
434 201033824057005789
435 201109331160544789
436 201403251042646789
437 201501613252371799
438 201512662242313789
439 202030913052107809
440 202060032659410789
441 202102170384063799
442 202411405617115789
443 202891001304423799
444 203110067417052799
445 203574200083203799
446 203825312033422789
447 204623080130317789
448 204720242044243789
449 205146541206301789
450 206311025309314789
451 207522600013007809
452 210330517105232809
453 210439180200055789
454 210532613505240799
455 211020407100656809
456 211102510450355809
457 211114023125791789
458 211302762432610789
459 211307260121445799
460 211570213022590789
461 211834530033142789
462 212206513534402789
463 212326224415010809
464 213518006202450799
465 213680320101183799
466 214102780412610799
467 214408053151231789
468 214433600425060789
469 215195249100001789
470 217742120040370789
471 220023141503318809
472 220035253221436789
473 220326011105633809
474 220413641124801799
475 221341602534141799
476 221524217611401799
477 221706053000094799
478 222241930416210799
479 222320512081453789
480 222404119240161799
481 223161301311920809
482 223580330700123799
483 224100560841015799
484 224827200233113789
485 225012512170151809
486 230222072465401789
487 231005027452621789
488 231246043062110809
489 232341633138001789
490 232420121513365789
491 233740260013108789
492 233844120131008789
493 235001220430346809
494 235225230430612789
495 237421120082260789
496 240619040420421799
497 241162026524004799
498 243086610110021809
499 243200114022851809
500 243201233261065789
501 244031103650182789
502 248102470341112789
503 250040482322017789
504 250151302511081809
505 251433433202800789
506 252130026703413799
507 252406000442181799
508 260220504703130809
509 260433610007520799
510 263035806030013789
511 266513011012327789
512 272209310535010789
513 273332037022060789
514 274631104103151799
515 275154010012160809
516 276211222433004799
517 283033001641206799
518 290899978994698721
519 291101024528130799
520 299077799898886721
521 300036403500308809
522 300150394043152789
523 300183140500357789
524 300207123434307799
525 300311710307086789
526 300691106050103809
527 302017252521910789
528 302131064151440809
529 302453046130405789
530 303221423646220789
531 303413116351270789
532 303914211411207799
533 304552503112027789
534 305634465022000789
535 308111504302408789
536 310674602111260789
537 311211250083026809
538 311271035514024799
539 311497122201060799
540 312520800908101789
541 313011313617424789
542 313220020426735789
543 314321520920021809
544 314341400119441789
545 316034421120805789
546 320117420505203809
547 320310072941102809
548 320530304526200809
549 321014002057555789
550 321060160161921799
551 321222430634502799
552 321315606016221799
553 323103026381305789
554 324002233018543789
555 325135521611014789
556 325307931010141789
557 329001183216102799
558 329115011620243789
559 330024100203877789
560 330120332526406789
561 330209046112112809
562 330381325210103809
563 331502130715341799
564 332200512041642809
565 332618321060041789
566 336208212222052789
567 336210150133443799
568 340012113282008809
569 340146053050225789
570 340313031431603809
571 340375203323013799
572 340536606024001789
573 340948031023021789
574 341006031505124809
575 341189313110032789
576 341300055021092809
577 342120461361331789
578 344221632021073789
579 347451321402120799
580 348000031676001799
581 351028001420266789
582 353421513017004799
583 360613118150220799
584 361190022079000789
585 363622334311021789
586 365230051019000809
587 370671702010041799
588 376401032432220799
589 376938749999895731
590 386769999659956721
591 389869665689698541
592 397669598928997541
593 400341133433190799
594 400402124641070809
595 400600284033028789
596 401410273002290809
597 401437212141541789
598 402020066030750809
599 403069260031023799
600 403526136102213799
601 404536142133202789
602 405154702013241799
603 405423313512033799
604 408020509107300799
605 410550210262281799
606 412204180261305799
607 412490214500170789
608 413016290141250799
609 414302303170614799
610 420039714601201789
611 420501010262192809
612 421211311656151789
613 423300151422535789
614 424520110216326799
615 430020700530808789
616 430170005209530799
617 431111928411103789
618 431440455111052789
619 431518502001522799
620 434312101271600809
621 436422511104232789
622 440500141164253789
623 440502621722112799
624 440540101356150799
625 441010032169513789
626 441246001022248789
627 445604151010405789
628 446142471222100789
629 447036100072501789
630 451105002315445789
631 452102200700736799
632 452122100039042809
633 452204321230430809
634 452230210104367789
635 452631063110120809
636 456121415201003809
637 459112321115023789
638 460100206550371789
639 461542300234041799
640 462047110302703789
641 462140570126020789
642 465090021230620789
643 473221036051150789
644 476894979597957731
645 485798897777694731
646 499867791993798731
647 500629010071125799
648 500820432319002799
649 501501245651212789
650 502150590124041799
651 502350705003226789
652 503001002027726809
653 503027111555400799
654 504702047035002799
655 504924251140003789
656 506030172063002809
657 506756030210005789
658 508073115221103799
659 510252700382220799
660 510880081012005799
661 510900024216014809
662 511306642207300789
663 513219007305030799
664 514200094341330799
665 514703720312203789
666 520132041346301809
667 520141432530505789
668 520313110540393789
669 520434440200327789
670 521117051310008809
671 521340030514417789
672 521831434121121799
673 522031080023157799
674 522061211281314799
675 523431553102033789
676 524190028001215789
677 524343004030704799
678 530040141025474789
679 531001155315027799
680 532000714406300809
681 532552000102352809
682 533024373211024789
683 534120518230105789
684 535302005502343789
685 539999769878908721
686 542620000080282799
687 545001160273222789
688 547121000154216799
689 548699982798796541
690 555303012230042809
691 558785875987788551
692 560414305601320789
693 562195010100145789
694 562598597978988731
695 564002332150206799
696 565988995895847731
697 566260504014000799
698 574201054201252789
699 577799388495888551
700 588909988998645551
701 594946766989698731
702 596769587797578731
703 597984877779846731
704 598479589997584721
705 598888749854788721
706 600064042216333789
707 600260520600526789
708 602111435143112809
709 602118651440010799
710 604224430317202789
711 604432034331110809
712 609021262170400789
713 611425043143500799
714 616111508210133799
715 620721127324002799
716 621001044015466789
717 621271203051613789
718 622100050212626809
719 622120751901301789
720 636402251315010799
721 638997978774894731
722 640512071314100809
723 640551010724112799
724 641122211824033789
725 642311172172101799
726 643006440252300799
727 645975588969978551
728 651503028502111789
729 653311560153100789
730 654550102532020789
731 657788968778488721
732 657989572989993731
733 658300212104341789
734 659657788898793551
735 667678595989686551
736 669597566977968731
737 671113510051063789
738 675976898977927721
739 678997778697438731
740 688736978799675551
741 688999717789468721
742 688999876457947541
743 689473988849967551
744 691230130801005799
745 692593020040000789
746 692998976729886551
747 694798699958476721
748 698249996993986721
749 698929995639966551
750 698998679792097551
751 699598972289697731
752 699675867688696721
753 699888856492995551
754 699985993998381731
755 700006316142104809
756 700612023001287799
757 701326240011255799
758 705202140310474789
759 710051035350144799
760 710246101563112789
761 710300011372383799
762 710540101350323809
763 715500025122203809
764 716839998788968541
765 718003282320130789
766 740524300521402799
767 744315023113510789
768 747844678997898551
769 748958759982978731
770 752302402101066799
771 752521025310133789
772 760111412038410799
773 760500127412041789
774 769957699891785551
775 771015115003072789
776 779670499878978551
777 779884769598864551
778 779999882096977721
779 789536598999676721
780 789589999779414551
781 789714758987988551
782 789938628978993731
783 790668999779973551
784 792999599583876551
785 793599773978985551
786 794874999976980731
787 794999766628987541
788 796491998899936721
789 799398899571688721
790 799498927779478541
791 799979889431698721
792 799998687992680721
793 800004030336327799
794 801111151611850789
795 801202907720010799
796 801215540051404789
797 803196100012332799
798 803601673300011799
799 804502065012231799
800 811151421004511809
801 820101022560472789
802 820120160584300789
803 838819877799966731
804 838898859929577731
805 848197949768898551
806 849599794839895721
807 854000541028021789
808 857865649979887541
809 858889993897573721
810 858989873709897731
811 862115331013015789
812 862321021415023789
813 868897887747928541
814 868994993498946551
815 869963478789877541
816 874694888897568731
817 876688998680877731
818 879997599154878551
819 886899966589915541
820 886918974986598551
821 889286589964888541
822 891869788989654551
823 895578778889728541
824 896777879883981731
825 897978813959994731
826 897995965449796541
827 898687649696586551
828 898846869168987731
829 898957925378988731
830 898978487539857731
831 899199973489857731
832 899395978796458721
833 901103312633340799
834 905532234220101799
835 906898998949954541
836 908000301630361789
837 908461000110316789
838 910117271320105789
839 910542610040111809
840 912100130217170809
841 915160002270330799
842 915893668989988721
843 920086101030801799
844 922127400711102799
845 923273000217220789
846 944110082901001789
847 948967297879992551
848 949984782599976731
849 949988972785858541
850 959498977479594551
851 959989169847697721
852 960011202903601789
853 960300340313340799
854 962101903020106789
855 969387979978464731
856 971999966286978731
857 973000501310312809
858 977798856883948721
859 978586986594498551
860 978847626788898551
861 978937667938987721
862 979889969098860551
863 986779844989926551
864 986884597696983731
865 987399939887908721
866 987874997454897551
867 987878945296888721
868 988097999899632731
869 988666787879880731
870 989850997794768731
871 989929878985591541
872 992899897267578551
873 994679991979684541
874 994782857978995721
875 995879798942298731
876 995967985598970731
877 997494895796937731
878 997747199989845731
879 997899673997265731
880 997996743989790731
881 998687926968936551
882 998877629599863731
883 998896787226897551
884 998976796834768541
885 999259996858945721
886 999746989338957551
