1 286330897
2 10858338851
3 12869802851
4 15845166851
5 29837412851
6 45480846799
7 56676324799
8 56676324863
9 68105187851
10 73915118861
11 114737845853
12 129282912851
13 154648223809
14 155738371853
15 207036953861
16 271077075851
17 358515148853
18 373169411809
19 373169411861
20 395705343799
21 424490643851
22 459711116861
23 467134473863
24 506055663851
25 517655073799
26 577870140863
27 683544131861
28 759422700851
29 782373307789
30 855011285809
31 871351037861
32 940145516809
33 1016098662863
34 1077771126863
35 1083834480863
36 1111767277853
37 1316253955853
38 1358135707853
39 1370018991799
40 1401942477799
41 1419653317853
42 1419682310861
43 1471063904809
44 1531755535789
45 1559043800861
46 1651074682853
47 1660695115853
48 1664084452853
49 1667420176789
50 1700299061861
51 1748035480853
52 1881326141809
53 1920676144853
54 2024244885863
55 2054610872861
56 2064800110897
57 2121959132809
58 2121959132861
59 2294411157851
60 2319431435861
61 2363870434853
62 2401188173861
63 2465762224789
64 2588308001861
65 2640732943853
66 2720086344851
67 2909203146851
68 2984404117853
69 3036484007861
70 3051499310861
71 3193184214851
72 3217543824799
73 3426614351861
74 3517031358851
75 3524171526851
76 3531423653809
77 3643375031809
78 4169280162799
79 4184524822853
80 4212551438861
81 4294520343851
82 4321238841851
83 4334018462861
84 4339209306863
85 4372320374809
86 5222943216851
87 5336158522853
88 5415557300861
89 5446545042863
90 5676131721863
91 5695302307853
92 5780102940851
93 6013591272851
94 6023783240809
95 6092403970789
96 6823830802853
97 6972271420853
98 7054317453863
99 7063492022809
100 7210703475851
101 7239181521799
102 7281053243809
103 7310141697863
104 7312337225861
105 7341721362851
106 7554137021861
107 8241120211897
108 8391410540809
109 8513015628863
110 8954000634863
111 9420324920861
112 9743906020789
113 10018133990861
114 10123807716851
115 10180781225809
116 10180781225861
117 10284044944853
118 10309180491851
119 10385817240863
120 10434148807853
121 10437211943861
122 10546142903809
123 10582116546863
124 10592320463861
125 10605259281863
126 10620149962789
127 10623744238853
128 10700920876853
129 10921565226799
130 11181029742851
131 11238653411861
132 11291013953809
133 11336271533809
134 11377446102851
135 11408234732809
136 11437046900809
137 11465307612851
138 11551083636863
139 11752700664863
140 11902612355861
141 11905439124863
142 12165753216863
143 12208429034861
144 12251188272863
145 12357472612789
146 12419173241809
147 12504315297863
148 12547047550789
149 12627107068853
150 12806128813789
151 13020809835799
152 13208117638789
153 13322204972809
154 13353387511853
155 13382221275851
156 13628022444851
157 13751492003861
158 13820232492851
159 13895010841853
160 14022158534861
161 14040810755809
162 14074713108851
163 14313313638851
164 14328311692789
165 14328311692853
166 14440831451861
167 14770507701799
168 14809781002789
169 15161554038863
170 15172158203861
171 15235122708851
172 15334064460851
173 15417164334799
174 15486036060799
175 15576833200853
176 15954026502863
177 16010122442887
178 16062693060863
179 16136451008809
180 16425226061809
181 16564402552853
182 16870076301863
183 17121864324863
184 17189351401853
185 17247700431851
186 17404805223851
187 17429111275789
188 17429111275853
189 19080024308809
190 19119104234809
191 19204407238789
192 19901006932789
193 20017873272863
194 20084460475853
195 20118419343851
196 20335560943853
197 20717323653863
198 20860820504861
199 21014922200887
200 21074359310861
201 21146004494809
202 21219833610851
203 21351253491851
204 21414751343861
205 21430195082809
206 21450616717853
207 21521592413809
208 21530162924861
209 21550256446853
210 21601353248809
211 21900547065863
212 21917284010861
213 22016355916853
214 22134654733853
215 22229301338809
216 22256167540853
217 22384164280853
218 22664045056789
219 22721518524799
220 22741074504851
221 23055417431861
222 23510087532851
223 23593416250853
224 24033449470853
225 24051951246863
226 24117256215851
227 24176270550799
228 24200644544809
229 24244226028851
230 24477071701853
231 24483503510861
232 24530702228861
233 24533312561809
234 24700189053863
235 24972233799809
236 25026930633863
237 25054845020809
238 25075351521851
239 25613560332851
240 25880121345863
241 26252611555853
242 26347160303809
243 26428225440863
244 26902174630789
245 27082120193809
246 27274110943853
247 27290120048809
248 27393912121853
249 27511770144863
250 27830461314863
251 27852430090789
252 28000172376851
253 28080065015809
254 28212175038799
255 28365480211853
256 28434112407851
257 28850512302851
258 29440640245853
259 29904353131853
260 30088026291863
261 30152287156853
262 30232614756863
263 30249506430851
264 30510605763851
265 30825520294853
266 31156831232809
267 31194146415863
268 31283062456853
269 31327609710863
270 31333815116809
271 31501520856851
272 31535605431851
273 31654490400851
274 31758230082863
275 31809350033809
276 31818110556863
277 31927510641799
278 32038137216851
279 32110971538853
280 32132731616809
281 32142483512809
282 32511480731809
283 32594135422789
284 32594135422853
285 32921367141863
286 33133564152851
287 33137813514863
288 33681023626853
289 33701554227799
290 34327062247789
291 34327062247853
292 34524619011851
293 34590326332789
294 35013833630861
295 35036815005851
296 35218342731799
297 35342059702853
298 35390531222861
299 35649610330853
300 36221590115861
301 36639614100799
302 37000661745799
303 37321079602789
304 37332140138861
305 37364005218863
306 38021483316863
307 38425161721789
308 39001063368863
309 39262151325799
310 39262151325863
311 39442133316799
312 39520281522863
313 39534001554799
314 40267625512853
315 40377324244853
316 40942850503853
317 41068406416789
318 41245805142851
319 41340943264853
320 41520071753861
321 41680031814851
322 42172685032789
323 42263091153851
324 42360952107863
325 42606722713853
326 42710819170853
327 43100770607861
328 43200508926863
329 43240246370861
330 43722115456853
331 43873312513853
332 44130631346861
333 45430820046851
334 45441705501851
335 46002990216863
336 46016650335863
337 46370223058853
338 46517502145853
339 47015330273809
340 47418450020861
341 47442811121809
342 48171035051861
343 48425007131861
344 49127452222789
345 50001519594799
346 50406326522809
347 50412142367861
348 50582112137861
349 50827206225799
350 51160229441861
351 51233381235851
352 51426843123863
353 52010916236861
354 52107167190863
355 52221550495853
356 52236190043809
357 52251254117809
358 52660108660853
359 52961270080853
360 53004744503861
361 54542620921853
362 54602914710863
363 55327621540853
364 55553118007853
365 55561671013853
366 55950226411853
367 56015105390861
368 56410810532809
369 56913219210863
370 57074104016861
371 57404320087789
372 57404320087853
373 57912127222853
374 58312133055851
375 58443350611853
376 58820056230799
377 59128325103863
378 59204400812861
379 60126063475789
380 60602623325809
381 60714293215853
382 60760513291789
383 60760513291853
384 61466122241809
385 62076352521863
386 62218118901863
387 62357220054851
388 63116080460809
389 63116080460861
390 63317145082853
391 63562393011863
392 64144616233853
393 64301565144863
394 64651245321799
395 65140723413851
396 65176020607853
397 65240681120861
398 65246502050809
399 65555415004853
400 65910427311863
401 66105224572789
402 66105224572853
403 67131112670861
404 69171012093863
405 70274415060851
406 70490540290789
407 70537153612789
408 70606909210853
409 70723412247799
410 71003340588863
411 71205201836809
412 71562007641863
413 71944110431861
414 72452201781863
415 72604531233851
416 73151381326789
417 74025104088863
418 75001546161851
419 75066230164853
420 75110089130809
421 75126070025861
422 75604040226851
423 76355005040861
424 76416241040809
425 77330272441853
426 79120260067789
427 80120237584853
428 80124709004861
429 80196540240863
430 80840000970851
431 81082621223809
432 81104061964853
433 81112602387799
434 81614015652863
435 82467141321863
436 82644960099809
437 82870524301853
438 83168006035789
439 83612343401861
440 84523151343863
441 85133675100863
442 85270518000851
443 85352450142863
444 85417012232861
445 86563032502789
446 86603012382863
447 88901011620851
448 90072473521853
449 90480251650853
450 90782321107853
451 91024456360853
452 91342406244863
453 92054642332789
454 92054642332853
455 92470402246853
456 94002228157853
457 94303553503853
458 96281203014851
459 98321140431851
460 98606700040789
461 98606700040853
462 100126410677861
463 100171929033851
464 100514633287853
465 100705732825853
466 100837434343853
467 101137226457863
468 101158225370809
469 101505539308853
470 101621935206851
471 101803446274853
472 101811281916863
473 102467390044853
474 102562283640863
475 103240692634853
476 103591440080809
477 104221515680809
478 105181605080861
479 105425640552863
480 105453552153863
481 105621452743853
482 105701235358853
483 105750326114809
484 106014607901809
485 106101929047853
486 106102540776863
487 106534140970853
488 106843153233799
489 107081418510851
490 107208193220809
491 107354472030851
492 107391350214851
493 107403714805853
494 108603061244809
495 108643226620853
496 109128075520853
497 110101787072861
498 110427834333799
499 110545660713863
500 111268542032861
501 111512787510799
502 111537061662799
503 111603229074851
504 111943060924789
505 112000098288863
506 112003383915851
507 112004878031861
508 112285143381799
509 112521575812853
510 113567061333799
511 113601121883861
512 113906130390851
513 114200190945851
514 115149016125851
515 115644056701853
516 116174354224853
517 117270222236861
518 117412049205851
519 117459233113853
520 117590192050789
521 117642230491789
522 118484112023861
523 118631815002851
524 120374090905853
525 120416661535853
526 120613107694853
527 121048166164789
528 121095924150863
529 121235762524853
530 121265542183789
531 121265542183853
532 121367312337863
533 121661702860853
534 121700175168799
535 122248516710799
536 122333204762809
537 123014068613809
538 123090005694863
539 123104040170887
540 123151860530861
541 123540612735863
542 123624351390863
543 124332302681809
544 124564024035851
545 125127551601851
546 125704115261861
547 126730084126853
548 128112682252853
549 128442306081863
550 130265546115863
551 130530492048799
552 130631640861863
553 130861029234863
554 130900472370851
555 131208062138861
556 132130376136851
557 132275443031861
558 132305572425863
559 132353064373853
560 132752420526799
561 133214254780853
562 133548039021799
563 133671811311851
564 134316560430851
565 134715901503863
566 134742604701799
567 135011240891809
568 136210902906863
569 136321706231861
570 137106314536853
571 137135007243851
572 137320322561809
573 137373641130799
574 138111039233809
575 138111039233861
576 138235430334863
577 138757025101789
578 139473124131799
579 140047301817851
580 140131553228809
581 140428260670853
582 140780021187863
583 141213171824861
584 141351243560809
585 141440155524851
586 141445320357799
587 141744125308789
588 142304438033809
589 142311844533799
590 142702528432853
591 143016263513861
592 143640151366853
593 145103371407851
594 145113129814853
595 145119038331863
596 145921231007861
597 146532003735863
598 147411039253853
599 147615016810853
600 148072461322789
601 149531144250799
602 150070850225809
603 150072226524851
604 150080245164851
605 150242247552799
606 151020802858789
607 151045294045853
608 151182804351863
609 151224050555861
610 151508603370799
611 151531148091863
612 152101094808863
613 152238619020863
614 152312138171861
615 152376220075789
616 152470216705789
617 152712313046861
618 153082715052863
619 153333577101799
620 153806714140789
621 153806714140853
622 154062491431853
623 156301497210863
624 157166316102799
625 157462125133853
626 158830313102861
627 159142027522853
628 159344027320853
629 159431363010851
630 160060404267851
631 160472131640809
632 162115034238851
633 163430480281853
634 164077770099809
635 164181410243861
636 164271203815853
637 164304174522799
638 166033601154851
639 166121602532861
640 167013118291853
641 168801201508853
642 170328485199809
643 170347410273863
644 170408705052799
645 170408705052863
646 171402963520853
647 171488141004863
648 172310504637863
649 172625203920863
650 173076328210853
651 174017524333789
652 174145103536853
653 175364012640863
654 176128533120863
655 178484210301799
656 180300165632861
657 181176010910861
658 182291812033789
659 182532075213863
660 184214014280809
661 184428313410799
662 184622412050809
663 185006328313853
664 185012052812861
665 186080602800863
666 186216107107853
667 188470111216789
668 188470111216853
669 189410716210789
670 190383027105863
671 190388310600799
672 190602906020809
673 191304207750863
674 192021928114789
675 192431712037853
676 192645524020853
677 194604607003789
678 195990220120853
679 199501212240851
680 200027075723809
681 200442562437863
682 200824250583799
683 201058270744789
684 201359625006863
685 201618910218799
686 201624127735853
687 201739207332863
688 201780652243789
689 201816568210853
690 201914511803861
691 202041309198863
692 202105840665863
693 202415443523809
694 202830230924861
695 203009521607861
696 203256060713809
697 203338076503789
698 203402550518861
699 203412563940863
700 203464851012851
701 203509251711851
702 204000783078863
703 204265412045809
704 204466046206789
705 205124355066863
706 205215416325851
707 205319036092789
708 206010380582861
709 206155617141863
710 206242046193863
711 206340961301809
712 207061576510853
713 207120085740851
714 208040527034861
715 208055700651863
716 208466602010809
717 208715631150799
718 210066507670853
719 210116347257799
720 210177022275851
721 210265153622809
722 210438025802861
723 211431077058863
724 211452449202851
725 211492230380861
726 212013747661789
727 212034546715853
728 212417912425853
729 212747900130851
730 213410245665863
731 213506034128809
732 213538051452799
733 214901406252851
734 214924053513863
735 215131734543799
736 215224560507799
737 216141836130851
738 216407572411853
739 216601040168809
740 217721053254799
741 217771034013851
742 218057510222861
743 218302250728789
744 219122157424789
745 220006355287853
746 220097512007809
747 220257241208861
748 220409584050863
749 220523580323861
750 220673430066799
751 221246658120799
752 221318067401861
753 221370643443863
754 221504395180853
755 221605171253861
756 222622136535863
757 222705603615799
758 222718904203853
759 223275213036851
760 223360404362861
761 223672470331789
762 224151818224853
763 224652165313789
764 225244040174861
765 225317039026853
766 225705078030799
767 226811623221851
768 227612456000861
769 228001349304851
770 229800730302851
771 230432750225809
772 230432750225861
773 230652122395853
774 230739812014853
775 231501516556789
776 232211688700853
777 233905211360809
778 234336311158853
779 234370664005789
780 234451012755863
781 235016915611853
782 235215245070851
783 235265214801863
784 235304545324789
785 236013932304851
786 236023922411861
787 236153822620789
788 236305420465853
789 236506215640853
790 236511562134863
791 237181151604799
792 237332100716861
793 238115055036799
794 239040104552861
795 240260416245851
796 240340922441861
797 240370162190861
798 240376445013799
799 240480571035863
800 240518190082789
801 241125552544853
802 241377211651789
803 242006841315851
804 244236154401851
805 245140374207863
806 245182251900799
807 246165370410863
808 246713554012853
809 247205702217863
810 247751104207853
811 248002226193863
812 248002473032861
813 249021079014863
814 250128189022853
815 250379002056863
816 250603064513861
817 250706633031851
818 250831330460861
819 250863410505863
820 251243604418789
821 251821491200809
822 252020245590851
823 253362710222861
824 253948011201851
825 255261514031861
826 255552702421853
827 255920421303851
828 256421312451851
829 257311823012861
830 257313473121799
831 258079303102853
832 258205245412789
833 258333581200789
834 260613652630789
835 260846204404789
836 261404232632861
837 261910041543851
838 262284732022853
839 262408041351851
840 262432213573853
841 263610145822789
842 264500272313861
843 265242131190851
844 266290030250809
845 268340211228799
846 268418313021863
847 268518511210853
848 269110351228853
849 270332316445853
850 270714037620799
851 271013802480851
852 271025059422863
853 271523401483853
854 271633109134789
855 272151527061863
856 274842540012863
857 276109602421789
858 280419170610863
859 280750400090861
860 280770125431853
861 281081145361853
862 281522435223863
863 282104392134863
864 283310223456863
865 283446900003863
866 284084102227853
867 289326171010853
868 290210374304861
869 292005118263799
870 293162165112799
871 293620503640853
872 296503150212851
873 300082656900863
874 300119400863809
875 300292305623809
876 300620553655789
877 300636419700863
878 301026749070799
879 301152524831861
880 301251140042887
881 301343307903851
882 301430308657853
883 301903480421861
884 302481145430809
885 302543470353799
886 303464580123799
887 303691703152853
888 303818248120853
889 303892012128863
890 304212504644861
891 306037086052853
892 306331354323851
893 307001423915861
894 307010772216851
895 307337402222861
896 307434009303851
897 307451027056853
898 308773080012799
899 310001389483853
900 310292531806853
901 310891707012863
902 310967008311863
903 311123292285863
904 311652136290799
905 312524003965853
906 312636423060851
907 313023249431861
908 313700329403861
909 313935340206863
910 314103980622799
911 314330215247861
912 314342121756799
913 314540634441799
914 316511682601853
915 318102641126861
916 318818134210789
917 319161210713809
918 320760480015851
919 321045721461851
920 321320656354853
921 321707244423863
922 322160024834861
923 322177314307853
924 322685113161799
925 322816410045851
926 323536061141861
927 324102024999737
928 324200484071809
929 324468406201789
930 324613154560789
931 325204078221851
932 325847320510853
933 326080191014861
934 326941102920863
935 327340631280863
936 328805051205863
937 329124251415863
938 329460620512789
939 330165126441851
940 330441605225861
941 330915231372799
942 331174600910809
943 331306065450851
944 331430294015809
945 331821304515851
946 332185615032863
947 332951504502863
948 333065206323851
949 333301092615851
950 333804260222861
951 334620129702863
952 335142443520851
953 335593104003851
954 335771110125851
955 337026405028853
956 337290238210853
957 338042901226853
958 338702071171853
959 339225054502853
960 340025853190789
961 340235457420799
962 340235457420863
963 340813108057853
964 341041365705863
965 342210197006861
966 342510015077809
967 343220425626863
968 344340334651853
969 345247317210863
970 346574007120799
971 347414190142853
972 350103455770853
973 350153393053853
974 350316363006851
975 350784061105853
976 351520391042809
977 352284000465863
978 352364024232851
979 353011765503863
980 354154214811799
981 355063221045851
982 355230301157861
983 355422642510863
984 356032083531863
985 356192043520853
986 358606302700853
987 361108320803861
988 361233074280863
989 361330935003851
990 362000637157853
991 362271327300851
992 365541042105851
993 366130546104863
994 366210563022851
995 370025348022851
996 370252227910853
997 370573014523853
998 371042116636853
999 371134202732809
1000 371347220700851
1001 372211295160863
1002 372432092520799
1003 373023235048853
1004 375003551326853
1005 380633241050861
1006 381012437150809
1007 381502026292853
1008 382340139106789
1009 383248024105789
1010 384012636033799
1011 384038025330863
1012 385185020530789
1013 393118103317789
1014 397315330123853
1015 400189021356863
1016 400417912074799
1017 400417912074863
1018 400724515623799
1019 401200307688863
1020 401307921184853
1021 401325921611809
1022 401325921611861
1023 401328772231789
1024 401328772231853
1025 401401610105887
1026 401411921247851
1027 402115658400851
1028 403444704612863
1029 404091081008809
1030 404205089412863
1031 405220402817861
1032 405610230185861
1033 406015431560861
1034 407135804034863
1035 407605021028809
1036 408471211083863
1037 409000178133851
1038 409110138165863
1039 409132211732809
1040 410351912374853
1041 410741810361851
1042 410790236025863
1043 411105718610809
1044 412714820740853
1045 413279010454789
1046 414336620312809
1047 415711056234863
1048 415781015071853
1049 419006421913789
1050 419037045002809
1051 419120117274863
1052 420080626151861
1053 420121710980809
1054 420257146040861
1055 420873601032851
1056 421753221350861
1057 422237160193853
1058 422505983100863
1059 423528126222863
1060 423801272470789
1061 424643100813851
1062 424740531612863
1063 425016308740789
1064 425403911123809
1065 426202641580789
1066 426461180224789
1067 428114230163861
1068 428534324013863
1069 429017214351799
1070 429152602031809
1071 430021459345853
1072 430072512633851
1073 430108245355853
1074 430424305806799
1075 430503206363809
1076 430537338310789
1077 430540208027861
1078 430775121036863
1079 430780173700853
1080 431400182517851
1081 431406453172789
1082 432321056243809
1083 432321056243861
1084 432530444425853
1085 434218234080863
1086 436220660222861
1087 438129141700853
1088 440133336341861
1089 440300519226851
1090 440380371307853
1091 440480210791853
1092 440502443504861
1093 440962622301863
1094 441330241337861
1095 441358112235863
1096 441497020103861
1097 441921621090863
1098 442201761723863
1099 442302792132863
1100 442411250395789
1101 442722023175863
1102 446005041186863
1103 446113200752809
1104 446122006406809
1105 446122006406861
1106 447222174205853
1107 450016601561809
1108 450420702348863
1109 450560174142863
1110 451036116450851
1111 451231602438863
1112 452553274021853
1113 454211233370861
1114 455312031375863
1115 457010413334809
1116 458302525311863
1117 459200562012851
1118 460420241525809
1119 461809710300863
1120 462007173423863
1121 462645850000853
1122 462733414221863
1123 466250232306863
1124 467403040106809
1125 468260327110789
1126 469351013223863
1127 472088140312853
1128 475406211221861
1129 484410190062863
1130 492303311085799
1131 500064076083799
1132 500168055235853
1133 500485251150851
1134 501137325215809
1135 501326009518853
1136 502036943133799
1137 502054009942789
1138 502355046033851
1139 502490017461799
1140 503624160134861
1141 503635142105861
1142 504072633090799
1143 505043122931861
1144 506225223540851
1145 507340353612863
1146 508332261505853
1147 508833050430799
1148 510281195044853
1149 510417641550863
1150 510737341900853
1151 511145040717851
1152 511234406234861
1153 511426339010861
1154 511546080312851
1155 511838061003851
1156 512213715324851
1157 512215081537853
1158 512232294432863
1159 512331849300863
1160 513015136807853
1161 515482433041853
1162 519212501067863
1163 520269900232853
1164 520920318910853
1165 521292012564863
1166 522619002800809
1167 523126500362861
1168 524135291080789
1169 524831040903863
1170 524906022810863
1171 525031202866789
1172 525031202866853
1173 525132001962851
1174 525142115504861
1175 525144720441799
1176 525200172456863
1177 525258415012789
1178 525421712128853
1179 525512035241861
1180 525867012000851
1181 526011342380861
1182 526240463233789
1183 527432521323863
1184 527630074141789
1185 529115200352861
1186 530211220034887
1187 530771722420789
1188 531901440800809
1189 532265300607863
1190 532408321615789
1191 533231191155863
1192 533926202521853
1193 534122753012809
1194 534137392020863
1195 535734243112853
1196 540270268015789
1197 540463411273789
1198 540643361134853
1199 541092150138863
1200 541700183092853
1201 542236068102863
1202 542410213185851
1203 542529610411853
1204 543021450147851
1205 544300304871863
1206 545600232490853
1207 546003280551863
1208 546611640303863
1209 547180130425853
1210 548232333200861
1211 550609234051853
1212 551633010591863
1213 552038231533853
1214 553102148821853
1215 554814103405789
1216 555673100106799
1217 556111240347799
1218 557330330330861
1219 558130901511863
1220 570131069313863
1221 570200326272851
1222 571057300542863
1223 571560231415853
1224 574535540010799
1225 574535540010863
1226 580315636210789
1227 580730331172853
1228 583150508113853
1229 583220385211853
1230 586022116234853
1231 590274062103799
1232 591252160522789
1233 600138300626861
1234 600149745000851
1235 600713306154851
1236 602060708902789
1237 602180716702853
1238 603342170801809
1239 603422311752851
1240 603741342090863
1241 604146216235789
1242 604347710125853
1243 604804122651863
1244 604835114413853
1245 604961131108853
1246 605007582411863
1247 605151624032861
1248 605295210172853
1249 605415311351861
1250 606030353626853
1251 606622202045809
1252 607443331125863
1253 608005551631853
1254 610310406928853
1255 610464102552851
1256 610580137116863
1257 610682711350853
1258 611011560766853
1259 611181732352853
1260 612021809631863
1261 612605560152863
1262 613441012463861
1263 613500073761863
1264 614143005646789
1265 614604193240789
1266 615680108122789
1267 615680108122853
1268 616852164010853
1269 618238131011861
1270 620297060035789
1271 621474253104799
1272 622030311377809
1273 622038760101851
1274 624312392502863
1275 624360112941863
1276 624511038311861
1277 624931216100809
1278 625222135430861
1279 630036030392861
1280 630053853511853
1281 630370214333861
1282 630901105361809
1283 631293072201851
1284 632342500518863
1285 634091241104809
1286 635210258003809
1287 635741281012853
1288 636070303128863
1289 636129223203863
1290 641600455022809
1291 641845503399809
1292 642012053772863
1293 650180006190851
1294 650313043244861
1295 651221066217863
1296 653046150342799
1297 653163905200853
1298 653741511501863
1299 660147303370853
1300 660330743007863
1301 661414162134799
1302 662803420270853
1303 663620342404853
1304 663703245130853
1305 670343723010851
1306 670551066022853
1307 673301332552853
1308 673402075200851
1309 674030430350861
1310 674320144216853
1311 680113611193853
1312 680702211423851
1313 682026101706799
1314 686083012330789
1315 688610043112853
1316 691410022626863
1317 700143594300851
1318 700400525138861
1319 701040077806853
1320 703151063571799
1321 703303533273799
1322 707102138146853
1323 707114335107799
1324 709142317105853
1325 710250026971789
1326 710300146940861
1327 710509671000851
1328 711214226662789
1329 712010197440851
1330 712139312151851
1331 712320802824863
1332 712330650418853
1333 712440093027799
1334 714201614590853
1335 718266212004799
1336 720355521055853
1337 722312072743853
1338 725705203620799
1339 728806106110853
1340 729113281200851
1341 730043150772799
1342 730462927000789
1343 730721181513863
1344 732361711341863
1345 733630040932853
1346 734513103243851
1347 737272310034863
1348 739712202024863
1349 740373421404863
1350 740422748011789
1351 742721351130851
1352 743133241160809
1353 745281052311799
1354 750314350732789
1355 753221108403851
1356 757523101103809
1357 760044464401853
1358 763010600683789
1359 763540022321861
1360 768130345299809
1361 770463322204789
1362 780010621335851
1363 780201941223799
1364 780811140311809
1365 785301411051851
1366 800323454240809
1367 800453567020853
1368 801075433107863
1369 801244205612861
1370 801315742306789
1371 803536034102861
1372 804501364504853
1373 805017413128853
1374 805206221424851
1375 805601000088851
1376 812175040151861
1377 813605309004863
1378 813812421361853
1379 814012263207851
1380 814124194599809
1381 821102342381861
1382 821148111170809
1383 822344147410853
1384 824234043253853
1385 824514020265863
1386 825202483131863
1387 827043641230789
1388 827302322190863
1389 830403230742851
1390 830553062530853
1391 831227420343799
1392 832720115403851
1393 834142032144851
1394 834432025013809
1395 834432025013861
1396 839020320233861
1397 840291421031809
1398 840500364243863
1399 841002715723789
1400 842100470504809
1401 842302538023789
1402 844002101672809
1403 850410278499809
1404 851390000108861
1405 853312224024851
1406 854512000564853
1407 855001923042863
1408 860220714523853
1409 863114900112851
1410 870020344241861
1411 871323235501853
1412 872620121006861
1413 900015271860863
1414 900038048022851
1415 900247085400799
1416 900438632031863
1417 901321833064853
1418 901430011673809
1419 902851100217851
1420 902922021144851
1421 904930051422799
1422 907761010202861
1423 911086081600789
1424 913141152036851
1425 913500262322861
1426 916155931000789
1427 919323040351789
1428 919854010003853
1429 920509530300851
1430 925301300628799
1431 935033514133853
1432 937001428015853
1433 941246084200853
1434 942320307023861
1435 942501314205851
1436 943260139012853
1437 950030072261861
1438 951070503406789
1439 951904202125853
1440 954303316002851
1441 960013812104861
1442 964762400002789
1443 967305431020853
1444 972223730010851
1445 972730203699809
1446 974157000511853
1447 1000026705861851
1448 1000059060725861
1449 1000074507237851
1450 1000402766154851
1451 1000619403461809
1452 1000870442072861
1453 1001003791971863
1454 1001053814336809
1455 1001326327860863
1456 1001905629331853
1457 1002052870370861
1458 1002113351895863
1459 1002203444447809
1460 1003020031183897
1461 1003082709900863
1462 1003313014766809
1463 1003950007681853
1464 1004416251533809
1465 1004516080028809
1466 1004516080028861
1467 1005037832604863
1468 1006180345530851
1469 1007612054180861
1470 1008266420505863
1471 1008408056052799
1472 1008410642815789
1473 1009280575101863
1474 1009563153210851
1475 1010103435728809
1476 1010286304073861
1477 1010347090842863
1478 1011024392526851
1479 1011504421656851
1480 1011601566670789
1481 1011870908004799
1482 1012275362127863
1483 1012589157001789
1484 1012775148103853
1485 1013018242932851
1486 1013039103446861
1487 1013063329314851
1488 1013133520592861
1489 1013418440226851
1490 1013611702680851
1491 1013700481743799
1492 1013700481743863
1493 1013715172620851
1494 1013833073038853
1495 1014016920074861
1496 1014623514071861
1497 1015089601112809
1498 1015761432180799
1499 1016021335941851
1500 1016102701844809
1501 1016105103387851
1502 1016108554711853
1503 1016431754133863
1504 1016605337121851
1505 1018730282043863
1506 1019364501140861
1507 1020045603816851
1508 1020901643217851
1509 1020991550224853
1510 1021133937090863
1511 1021329452025851
1512 1022242113597863
1513 1022635064214851
1514 1023635154712853
1515 1023870380331863
1516 1024936115061799
1517 1025244305315861
1518 1026476312121851
1519 1027550005182851
1520 1027841920033853
1521 1028042231264809
1522 1028042231264861
1523 1030140141071887
1524 1030329401723861
1525 1030731113595863
1526 1030765211316851
1527 1030922227183789
1528 1031626141933853
1529 1032544226006861
1530 1033103694036863
1531 1033211437460809
1532 1033646235106789
1533 1034383401045851
1534 1035111613455851
1535 1035161626224799
1536 1035609623221853
1537 1035748301211851
1538 1036155261703789
1539 1037551410075799
1540 1037551410075863
1541 1039121026960789
1542 1040007722475863
1543 1040038165314851
1544 1040404208692853
1545 1040550443266853
1546 1040701447480853
1547 1040828202143809
1548 1041416770122851
1549 1041516190552853
1550 1042082318226799
1551 1042138040327809
1552 1042309129171789
1553 1043424830236853
1554 1045101824625863
1555 1045427546011789
1556 1045607055110809
1557 1046108745400853
1558 1046230203198799
1559 1046244661114789
1560 1047123354306863
1561 1047480322202861
1562 1048031770504853
1563 1049301029208799
1564 1050143217618799
1565 1051201533954799
1566 1051386047500853
1567 1054112744024861
1568 1055014431276863
1569 1055139418030853
1570 1055206834011851
1571 1056700236541853
1572 1057086320130851
1573 1059226211226863
1574 1060408504174853
1575 1060915401166853
1576 1062090374413853
1577 1062120045356861
1578 1065063028045789
1579 1067011763512789
1580 1067063632420789
1581 1070028182830853
1582 1070912280042851
1583 1071120670951789
1584 1071501694212799
1585 1073012920290851
1586 1073645026015789
1587 1073709120342799
1588 1074023061147851
1589 1077125060271863
1590 1080647120043851
1591 1081200484075853
1592 1081725605301799
1593 1082424611056853
1594 1084046063133799
1595 1084253106240851
1596 1085007935002853
1597 1086142105074799
1598 1086652212340853
1599 1089531071032853
1600 1090110526091861
1601 1092201642801851
1602 1093225770040853
1603 1093300184321809
1604 1095324007090853
1605 1096450001068789
1606 1098051555099809
1607 1098961000023863
1608 1099231230126863
1609 1100143451496799
1610 1100601519943789
1611 1100916428151863
1612 1101157003668863
1613 1102031292581809
1614 1102073632235809
1615 1103040401315887
1616 1103221597900789
1617 1103221597900853
1618 1103602376015809
1619 1103602376015861
1620 1104512181930851
1621 1105046271751789
1622 1105197601170799
1623 1106231868310853
1624 1107032566117789
1625 1107844042152863
1626 1109830035500861
1627 1110532553460851
1628 1111255226940799
1629 1111320046786853
1630 1111445166235853
1631 1111613184904853
1632 1112003096390861
1633 1112179201181809
1634 1113244366323799
1635 1113244366323863
1636 1113267150305809
1637 1113273339106853
1638 1114021075963853
1639 1114406139117863
1640 1115381024553863
1641 1118601527223799
1642 1118601527223863
1643 1120545343713863
1644 1122394200097789
1645 1122701077700809
1646 1122741592101851
1647 1123211291764789
1648 1124255180133851
1649 1125221184750863
1650 1125335255133863
1651 1128900064251863
1652 1129459020033863
1653 1130461676041853
1654 1130723583250853
1655 1130737311580853
1656 1131005691017861
1657 1131302762090861
1658 1131464901032861
1659 1131715143274789
1660 1132425541084853
1661 1133159073160853
1662 1133319108640853
1663 1134433371262853
1664 1135039205028863
1665 1135070630235851
1666 1136182320705863
1667 1136280381111851
1668 1137313529301863
1669 1137342215406799
1670 1138201121772851
1671 1140381036054851
1672 1141271083507853
1673 1142144720652799
1674 1143930109113851
1675 1147115190500861
1676 1148535002046799
1677 1149110813007851
1678 1150131726066863
1679 1150474401463853
1680 1150542001286861
1681 1150573410620861
1682 1152120962172799
1683 1152194223262853
1684 1154324610553853
1685 1155207003651851
1686 1155213005291809
1687 1156153616112799
1688 1156340394400853
1689 1158236030321861
1690 1159615037110853
1691 1160208323235851
1692 1160210555905789
1693 1160308713105851
1694 1160806443030851
1695 1161601236342851
1696 1161605562011809
1697 1162126452055853
1698 1163312673052853
1699 1164730113363863
1700 1165607036301863
1701 1165901132335789
1702 1166814084000863
1703 1167000754260799
1704 1170020535372851
1705 1170652106037863
1706 1170710715302809
1707 1171111962144799
1708 1171111962144863
1709 1172055204742853
1710 1172546013126799
1711 1173356310306799
1712 1174046102346863
1713 1174180921005863
1714 1174846114003789
1715 1175141871300863
1716 1181086600405853
1717 1181290117121809
1718 1181410053435851
1719 1182136442062789
1720 1185083030353853
1721 1190152916000861
1722 1190331553503863
1723 1195400240680853
1724 1195914030250789
1725 1197117010701851
1726 1200347380124861
1727 1200381092063861
1728 1200431422776863
1729 1200834223527863
1730 1201096911810799
1731 1201385216047853
1732 1201450426406861
1733 1201934044503851
1734 1202333721165851
1735 1202753105171809
1736 1203111377508863
1737 1203514316460851
1738 1204142952343789
1739 1204211285045809
1740 1204242245181851
1741 1204413301475809
1742 1204712208814853
1743 1204924280111809
1744 1205871215043799
1745 1206111762431809
1746 1206956301213799
1747 1207021606870853
1748 1207228420183789
1749 1207816440150799
1750 1208760060072863
1751 1210601819506789
1752 1211119535740853
1753 1211246426560789
1754 1211410197247853
1755 1211601912543851
1756 1211725047261863
1757 1212405147621851
1758 1212848107123789
1759 1212953033308853
1760 1213339404072863
1761 1213820709060863
1762 1214449208131853
1763 1215171950008853
1764 1215438533013863
1765 1215630761120861
1766 1216210705712809
1767 1216306119221861
1768 1217601229630789
1769 1218800276500853
1770 1219105206940853
1771 1219305171162863
1772 1220053332577789
1773 1220192027333861
1774 1220661201558863
1775 1221036732252851
1776 1221125372018809
1777 1221913805061799
1778 1221913805061863
1779 1222352208481853
1780 1223059503140809
1781 1223059503140861
1782 1223120905582853
1783 1223382110952863
1784 1223609200542851
1785 1225428001194863
1786 1226052418243853
1787 1230483165133853
1788 1231487471020853
1789 1232042610846799
1790 1232414126067863
1791 1234300703490851
1792 1234850235015799
1793 1235332328025863
1794 1236092035054853
1795 1239037213360789
1796 1241072703355789
1797 1242009333363863
1798 1242016550144809
1799 1242016550144861
1800 1242034325842789
1801 1243021124682851
1802 1243810481611853
1803 1244444160073789
1804 1244505814002851
1805 1245006100588853
1806 1246033922611853
1807 1246514043360799
1808 1246514043360863
1809 1246701443331863
1810 1251026941243789
1811 1251164387002853
1812 1252032711534851
1813 1252870233403853
1814 1255221093163789
1815 1256005693021789
1816 1256365030027853
1817 1260125153324809
1818 1260215540433851
1819 1260802535799809
1820 1262201065771853
1821 1262241152406851
1822 1266046452102863
1823 1266632430142789
1824 1268105250504863
1825 1268320164060799
1826 1268633010014809
1827 1270383601013809
1828 1271235123390863
1829 1271613202136861
1830 1272153703013861
1831 1274100127644863
1832 1275001304705809
1833 1278215323222853
1834 1279503434200853
1835 1280409020157863
1836 1281148004614789
1837 1282571040033851
1838 1283182182301853
1839 1283831024170789
1840 1284500016462799
1841 1289007351399809
1842 1291000551227809
1843 1293220313652863
1844 1294571401510789
1845 1295031535101851
1846 1300521791830853
1847 1301135206387853
1848 1302343411508861
1849 1302354349001809
1850 1302880200164861
1851 1303684203132851
1852 1303801456035863
1853 1304156214701861
1854 1304575062120851
1855 1304890171401799
1856 1305491352114799
1857 1306021561923863
1858 1307132380632863
1859 1308400807243853
1860 1309172553120799
1861 1310004648143809
1862 1310322598510789
1863 1310815121850851
1864 1311000894138799
1865 1311113006577851
1866 1311275405532863
1867 1311383315007851
1868 1311621760254863
1869 1312408126461863
1870 1314155350443799
1871 1315122642093863
1872 1315330613720861
1873 1315438300700809
1874 1315438300700861
1875 1315511112774863
1876 1316032311774799
1877 1317232351065863
1878 1318430657199809
1879 1320685021260851
1880 1320844020542861
1881 1321153427155789
1882 1321154046336863
1883 1323081724540789
1884 1323244312248799
1885 1324208007291863
1886 1325135211195863
1887 1325480032601861
1888 1331248621431863
1889 1332420807118789
1890 1334624413701863
1891 1334861501021809
1892 1334861501021861
1893 1337350332320809
1894 1337753123010851
1895 1338126842001799
1896 1340265009240851
1897 1340320571284853
1898 1342194027210851
1899 1342212719017853
1900 1343023323363851
1901 1343481560041853
1902 1344035920540853
1903 1347330064041851
1904 1348113313124861
1905 1350054234454789
1906 1350054234454853
1907 1350410819161853
1908 1350510981223853
1909 1352534121724789
1910 1353580064401853
1911 1356913000710851
1912 1357526242021853
1913 1359013064025863
1914 1360241191422851
1915 1361086115314789
1916 1371040410960851
1917 1371934231100809
1918 1376660102008853
1919 1380304031571851
1920 1382512039330853
1921 1386311430351863
1922 1391716125210799
1923 1401117537203861
1924 1404330090831851
1925 1405112302863851
1926 1405337511600851
1927 1406303243742799
1928 1408006303136809
1929 1408430402046851
1930 1410523369050863
1931 1411033326862853
1932 1411220843801861
1933 1411414167252863
1934 1413141013808809
1935 1413400590264863
1936 1413714081321851
1937 1414025434911799
1938 1414105251088853
1939 1414319051262863
1940 1415306314623863
1941 1416236603710853
1942 1420161618114851
1943 1420186014634789
1944 1420330533533809
1945 1422132270718853
1946 1422154473200809
1947 1422428028331789
1948 1425063320850863
1949 1425830080701863
1950 1426159222104863
1951 1426200436092799
1952 1427040822055853
1953 1427191660011863
1954 1429021730173789
1955 1430218353370789
1956 1432111332766853
1957 1432424630443789
1958 1432424630443853
1959 1433343162252863
1960 1441050515720861
1961 1441150240378789
1962 1441871730300863
1963 1442702214570863
1964 1444028536120853
1965 1444624405240789
1966 1446022363017863
1967 1450501630182851
1968 1451226317620853
1969 1452120370087789
1970 1452330070253809
1971 1452603133920863
1972 1453510661080789
1973 1454500612605863
1974 1456122071114861
1975 1457435052120799
1976 1458601125151789
1977 1458601125151853
1978 1460207335242863
1979 1465303062081799
1980 1466560012108853
1981 1470480104623853
1982 1470680430025789
1983 1471003217144809
1984 1472046214630853
1985 1475024631102851
1986 1480460341054853
1987 1481130623821789
1988 1484100512238863
1989 1485145212024863
1990 1491008302017851
1991 1491221901027799
1992 1492144123503799
1993 1500622671504799
1994 1500771221370851
1995 1501142720926789
1996 1503164002346861
1997 1503302832341809
1998 1503436611108799
1999 1504415172055853
2000 1505219217070853
2001 1505714820601853
2002 1507850031302861
2003 1508912163102863
2004 1510476520215863
2005 1512022395050809
2006 1512022395050861
2007 1512266711520863
2008 1513007507150809
2009 1513480433404853
2010 1517201432207809
2011 1517201432207861
2012 1518001717233863
2013 1518241200646853
2014 1518420622206863
2015 1520212514435809
2016 1520560752331853
2017 1520704251530809
2018 1520901565213853
2019 1521022354546853
2020 1522133227115861
2021 1524223360606789
2022 1524561230316799
2023 1525190231451863
2024 1526151033018851
2025 1526162008026863
2026 1530015229431851
2027 1530052264326799
2028 1530061091365789
2029 1532020418441809
2030 1532107741810853
2031 1534245411253853
2032 1535544000940853
2033 1536350511712853
2034 1539374031211853
2035 1540167910200851
2036 1540632916300789
2037 1541706120233809
2038 1542345243700853
2039 1545110791303789
2040 1549362301010861
2041 1551213461321809
2042 1553540051460799
2043 1555309013112851
2044 1560032410094861
2045 1570112184811853
2046 1571731414212863
2047 1581532013262863
2048 1587063081000863
2049 1589442000105863
2050 1600222770732863
2051 1601005622385863
2052 1601025183117851
2053 1601201904933863
2054 1602512801037851
2055 1602652140553853
2056 1603276031821853
2057 1605245104633853
2058 1605825204303799
2059 1606062052534853
2060 1606931203310861
2061 1607710610510861
2062 1608011506138789
2063 1608420331323851
2064 1610376230038853
2065 1610483190030851
2066 1612455002162861
2067 1614135451504789
2068 1615011621844853
2069 1616213391322853
2070 1617121073353789
2071 1620158013724853
2072 1620161208472853
2073 1620214754016863
2074 1621263010936853
2075 1621403101494851
2076 1624341022352861
2077 1625004426501851
2078 1628615061102863
2079 1629002061706853
2080 1629421921300853
2081 1629426013020851
2082 1630223641443799
2083 1630243601450809
2084 1632103732723853
2085 1632371034082853
2086 1634014230713861
2087 1635000124774789
2088 1637340411230861
2089 1643550030800861
2090 1650135113734853
2091 1652003061318851
2092 1652034404281853
2093 1652105422542863
2094 1652132661303799
2095 1660009005076853
2096 1660040342283863
2097 1660424604030851
2098 1661252501704853
2099 1662074804101853
2100 1671471020501809
2101 1677412501101851
2102 1681031213437853
2103 1682350320306863
2104 1690093300054853
2105 1700166024516863
2106 1701430541532851
2107 1703383201084853
2108 1704837024112853
2109 1705028424430789
2110 1705305311932853
2111 1707211360804853
2112 1710211473381799
2113 1711027441052861
2114 1711213674105863
2115 1711220651068853
2116 1714039422034789
2117 1715401701252851
2118 1718520047050789
2119 1722571015090853
2120 1724121702381863
2121 1726221720081863
2122 1730301614045861
2123 1730320730077853
2124 1731031010477809
2125 1731434062410851
2126 1731701115751853
2127 1733215622030861
2128 1740270300047861
2129 1740361110363851
2130 1745015501245853
2131 1745402258010799
2132 1750021614364789
2133 1750207415602853
2134 1752006201282851
2135 1752124605016789
2136 1755307030171789
2137 1761024107092853
2138 1782040302503809
2139 1784511090301853
2140 1785172102114789
2141 1786116082000853
2142 1800037062363863
2143 1800818048020853
2144 1801172417070799
2145 1801400410857799
2146 1802619101533853
2147 1803147452122789
2148 1806122204207861
2149 1810580450111809
2150 1811083413114851
2151 1812801105044861
2152 1812810513540863
2153 1817151314025799
2154 1817501516140789
2155 1820211773305853
2156 1820917410331853
2157 1822425532006789
2158 1822873161100853
2159 1823532291012799
2160 1824553000241809
2161 1825101097132853
2162 1827522024123799
2163 1830188004430853
2164 1830400077230861
2165 1831741052080789
2166 1832145400305851
2167 1841500159105853
2168 1842203034800809
2169 1844414006080853
2170 1854000740321809
2171 1854202120380851
2172 1856403154002799
2173 1857115141101851
2174 1860089022013853
2175 1879412011006853
2176 1900832324012861
2177 1904172531340789
2178 1909572011499809
2179 1910417135205863
2180 1911621182116853
2181 1911721410534799
2182 1912464706000789
2183 1914312522523789
2184 1920524144107853
2185 1921127020326851
2186 1922206212170809
2187 1923041002931861
2188 1924110514174853
2189 1931504012670863
2190 1932502614222863
2191 1932614044401863
2192 1940520136005851
2193 1943431210151861
2194 1946053102072789
2195 1951436440210853
2196 1952005339300853
2197 1953091330010809
2198 1960711212154789
2199 1965073022400799
2200 1981263131311853
2201 1992042113601863
2202 2000057975004863
2203 2000223538248863
2204 2000288240108861
2205 2001449224714789
2206 2001662100688853
2207 2002069812216863
2208 2003049334043809
2209 2003104852068799
2210 2003370066422861
2211 2003620420593851
2212 2004073403908853
2213 2004526131912851
2214 2005241332100887
2215 2005322377126853
2216 2006440307293853
2217 2006542051176799
2218 2008441836112853
2219 2009126734410799
2220 2010744493001861
2221 2010841234743799
2222 2011333254902809
2223 2011860403407851
2224 2012238782122853
2225 2013293274106789
2226 2014152813215861
2227 2014163662512863
2228 2014171046351809
2229 2014342125654863
2230 2014605261517789
2231 2016083224272863
2232 2017202753424799
2233 2019507001217861
2234 2019708228001853
2235 2020213139471809
2236 2020611670096853
2237 2020780306233851
2238 2021629307210809
2239 2022528571101851
2240 2022529041930799
2241 2022529041930863
2242 2023665502041851
2243 2023671100386799
2244 2023971531601853
2245 2025043902831799
2246 2025144913360853
2247 2026384520121851
2248 2026430202555851
2249 2027107030526861
2250 2028216333081863
2251 2030157440337799
2252 2030185425041861
2253 2030186302190861
2254 2031023943071861
2255 2031117403576853
2256 2031705203580851
2257 2031742418260853
2258 2034421614426863
2259 2035142930812853
2260 2035194022272799
2261 2035311029680853
2262 2036332320660851
2263 2038045200844853
2264 2038075152052789
2265 2038153609021853
2266 2040074015376863
2267 2041204773631789
2268 2041473717211853
2269 2041605095224853
2270 2042604189120799
2271 2043047602233851
2272 2043631254604853
2273 2044062083115851
2274 2044200243707861
2275 2046021401838863
2276 2046525034125799
2277 2050037097102851
2278 2052117509521789
2279 2052240667402853
2280 2054254134091853
2281 2055490250700863
2282 2057034702801863
2283 2057612052424853
2284 2058182002332851
2285 2058403117800863
2286 2061121418743789
2287 2061901581304853
2288 2062131990322853
2289 2062434406233863
2290 2068113740232863
2291 2070004167116861
2292 2070022930285789
2293 2070273092121851
2294 2072038041921863
2295 2072611506621863
2296 2081722200326809
2297 2084042005091861
2298 2090008010637851
2299 2090421040737863
2300 2090775201240799
2301 2092001377405789
2302 2092257622030853
2303 2093330150523851
2304 2097052730302853
2305 2097124811013863
2306 2099236042020863
2307 2100348240272809
2308 2100582349024853
2309 2100840960703789
2310 2101235100588851
2311 2101600865380853
2312 2103013595632853
2313 2103056711216809
2314 2103285602434789
2315 2103375406161863
2316 2103441270381851
2317 2104027294360853
2318 2104253500850861
2319 2105447411334863
2320 2106322717022809
2321 2108195146003789
2322 2109050905008799
2323 2109204410745799
2324 2109217226044853
2325 2110170122675861
2326 2110330281825851
2327 2110713051366851
2328 2110990062504863
2329 2111012209188851
2330 2111327392023851
2331 2112841228314799
2332 2114354208051851
2333 2115123708221809
2334 2115400311040897
2335 2116450131363851
2336 2119304138211851
2337 2120032737008861
2338 2120136742831853
2339 2120831059014851
2340 2121313139167853
2341 2121754102712861
2342 2122636420291853
2343 2123422290233809
2344 2125017530760863
2345 2126111831910851
2346 2128335334141789
2347 2129146024710863
2348 2130136930416799
2349 2130143218235861
2350 2131051812727853
2351 2131117108608863
2352 2132108146143851
2353 2133217044138799
2354 2135039022580853
2355 2137043352212809
2356 2137043352212861
2357 2138030151641861
2358 2141234230337861
2359 2141388243031789
2360 2142061511448863
2361 2142271007364863
2362 2142504280533863
2363 2142621130917863
2364 2144156330411861
2365 2145153109045789
2366 2146064401318853
2367 2148703602061853
2368 2149222690200799
2369 2151234300636851
2370 2152033426241861
2371 2154901463500853
2372 2157004070360809
2373 2160313226613851
2374 2161373512422799
2375 2161373512422863
2376 2161809504013853
2377 2168120650512863
2378 2168141362501853
2379 2168720601700789
2380 2169721204600853
2381 2170951001225861
2382 2171281124434853
2383 2172123804513863
2384 2173312159132789
2385 2180832340405853
2386 2182314361306789
2387 2198142132034853
2388 2200155043791799
2389 2200529026642789
2390 2201361549042863
2391 2202093367042853
2392 2202175472611853
2393 2202214504558853
2394 2202218140851851
2395 2203518202308851
2396 2204393135422789
2397 2204435041514809
2398 2205114624504851
2399 2205234251652799
2400 2205408501071861
2401 2205850012605851
2402 2209811220345863
2403 2210423295351863
2404 2211025910606809
2405 2211213315195851
2406 2211230245638863
2407 2212041642925789
2408 2212041642925853
2409 2212130454570851
2410 2212315602083809
2411 2212315602083861
2412 2212755701413853
2413 2213125051833851
2414 2213516722135853
2415 2214096103421809
2416 2214108019740863
2417 2214262243043861
2418 2215050732085853
2419 2215702413643853
2420 2216414203095863
2421 2216522309412799
2422 2218346321305853
2423 2220004765057789
2424 2220009911064851
2425 2220226064027861
2426 2220931700423809
2427 2221828110318799
2428 2222017310011897
2429 2222202631756853
2430 2222481430061861
2431 2222840900065853
2432 2222931320415851
2433 2223282253117853
2434 2223328311283789
2435 2223510093435863
2436 2223549001228853
2437 2225230444331809
2438 2230011973047863
2439 2230462750332863
2440 2230900853214799
2441 2231037147203861
2442 2231541037444853
2443 2232046471211861
2444 2232442308406789
2445 2233205410395863
2446 2237531134414789
2447 2240770530141851
2448 2242145521344863
2449 2243240132426809
2450 2244310581150851
2451 2244382040244863
2452 2251812711703853
2453 2252309123244863
2454 2257446150300799
2455 2258211021128861
2456 2259054412410799
2457 2259054412410863
2458 2260017311822861
2459 2261017170526789
2460 2261041609103861
2461 2261502520434851
2462 2262131242731851
2463 2262644540032853
2464 2263167242131853
2465 2265012535207853
2466 2267034008331863
2467 2272121833311851
2468 2273011856000861
2469 2277002424118789
2470 2282335110026809
2471 2282551400411809
2472 2291543402012861
2473 2294303011920851
2474 2300300154863861
2475 2301857115213863
2476 2302005961183853
2477 2302042390446863
2478 2302077041270861
2479 2302313611557863
2480 2302710646801853
2481 2302922490051863
2482 2303042262741851
2483 2303615141414809
2484 2303801451801851
2485 2304115258220861
2486 2304160950082853
2487 2304211744245799
2488 2305164805032863
2489 2305902760240853
2490 2307300254153809
2491 2309121532048789
2492 2310755422008799
2493 2311612447135853
2494 2312332541243861
2495 2312336605143863
2496 2312343226128799
2497 2312443504551863
2498 2312488500411863
2499 2313244470091853
2500 2320504825630853
2501 2321076730512863
2502 2321402455363853
2503 2321506212348863
2504 2323201830906799
2505 2323707251202851
2506 2324930216800853
2507 2325171311248789
2508 2325171311248853
2509 2325200175345799
2510 2327121733414853
2511 2331002919180863
2512 2331825053022851
2513 2333021344074851
2514 2335410242751863
2515 2340304609103861
2516 2347362132204799
2517 2349411200055851
2518 2350420547322863
2519 2355312240237799
2520 2360130910744853
2521 2360418350610799
2522 2360829200103851
2523 2361141090162851
2524 2361227650104863
2525 2364132430043809
2526 2364132430043861
2527 2364828013102853
2528 2370124424362789
2529 2371372034610863
2530 2371516453101799
2531 2374333502620789
2532 2382024280203851
2533 2384101510807789
2534 2390253810520853
2535 2391316353211789
2536 2391316353211853
2537 2392442160421853
2538 2393110093180789
2539 2398324212012863
2540 2400004844423861
2541 2400448321444853
2542 2401045602651851
2543 2403257111194789
2544 2403309601740799
2545 2404562070005861
2546 2409541203131861
2547 2410054061346851
2548 2410463234271863
2549 2410533164604863
2550 2411401066505861
2551 2412052217415851
2552 2414151628302863
2553 2414723632015853
2554 2415023605381853
2555 2415820613232863
2556 2416201097620789
2557 2418210223244861
2558 2420120142827809
2559 2422377002631799
2560 2422377002631863
2561 2423252038022861
2562 2429401324530799
2563 2430145052810809
2564 2430239165310799
2565 2430661033831853
2566 2431201534456853
2567 2431265600227853
2568 2431332155253863
2569 2433344134027853
2570 2435720901200809
2571 2439071342202799
2572 2441800238030861
2573 2443331700611861
2574 2450221208046851
2575 2452600014286789
2576 2454082552101799
2577 2454082552101863
2578 2458043710600789
2579 2458043710600853
2580 2460042138216863
2581 2465261231511863
2582 2470005680103851
2583 2471070104045861
2584 2474001741051851
2585 2480003145345799
2586 2501133840116809
2587 2501346651610853
2588 2502530433562853
2589 2502843260331863
2590 2503032953121851
2591 2505320010395809
2592 2505320010395861
2593 2506554045021799
2594 2507152328014853
2595 2508004350224809
2596 2511038412580853
2597 2511334670030861
2598 2513019072370853
2599 2514250612107851
2600 2515012613054861
2601 2516065030561853
2602 2517190523500789
2603 2520122663721863
2604 2520390232700861
2605 2521385500702853
2606 2522420264430851
2607 2522904215201861
2608 2525836110141863
2609 2533100210213887
2610 2533401240047809
2611 2533401240047861
2612 2541545004141851
2613 2542513153503863
2614 2542901010690863
2615 2544139603021853
2616 2545010245007809
2617 2545313136403789
2618 2547013214604863
2619 2547321202124861
2620 2550242600085799
2621 2550242600085863
2622 2550700017805853
2623 2552001812055851
2624 2552401164262853
2625 2560063072261853
2626 2560472204106863
2627 2561207832220789
2628 2566002002737853
2629 2566565493999851
2630 2567605200106789
2631 2573131222048853
2632 2573414460030863
2633 2574125040513799
2634 2580112652202851
2635 2590100800470851
2636 2590106833120789
2637 2600104314518861
2638 2600132725363853
2639 2600990422060853
2640 2601022636341851
2641 2601325731118789
2642 2602368502221799
2643 2602427631025853
2644 2602644240401809
2645 2602900204924853
2646 2607912012522863
2647 2608004079003863
2648 2610231019434851
2649 2611100675042861
2650 2611305419035853
2651 2612043475060853
2652 2612180674210853
2653 2613146120842853
2654 2613241352331851
2655 2613515222601851
2656 2620570220284853
2657 2622053376111863
2658 2623237123432853
2659 2624205370810789
2660 2625131382210851
2661 2630201148161809
2662 2630201148161861
2663 2631014177223799
2664 2632003402940809
2665 2633092004271863
2666 2634002038453789
2667 2634206700064789
2668 2635001734153853
2669 2635010419351789
2670 2640413026057853
2671 2641020903107809
2672 2647800022134863
2673 2650071227511863
2674 2650131121972853
2675 2651314070802863
2676 2660843012161853
2677 2667114222002809
2678 2670017453220863
2679 2670144042127789
2680 2670223750041863
2681 2680260017503853
2682 2683812151102853
2683 2700103037746789
2684 2702432015513861
2685 2702501356320851
2686 2704346102505799
2687 2706111051435851
2688 2710380285310853
2689 2711172140472799
2690 2711474027000861
2691 2712305505230861
2692 2713396204003789
2693 2717150024902853
2694 2718191030350853
2695 2720107444314863
2696 2720319630003851
2697 2720406370104851
2698 2722041435811853
2699 2724056116402853
2700 2725063325031799
2701 2730534440300809
2702 2731202036824853
2703 2732402625430853
2704 2736147502111789
2705 2743020731412851
2706 2743105304280799
2707 2747002602501851
2708 2750042921341789
2709 2771303551420853
2710 2780246105023853
2711 2790423001043809
2712 2792300008212851
2713 2800241659021853
2714 2801403180810851
2715 2802500922622789
2716 2806613314212863
2717 2808110753023789
2718 2810306203168853
2719 2811303348200861
2720 2812023460633789
2721 2813000072516861
2722 2813100344913799
2723 2814100243914863
2724 2822240570007863
2725 2822870103101861
2726 2824236010083799
2727 2829603022041863
2728 2830515400434863
2729 2831014214342861
2730 2832241000990789
2731 2841220009520861
2732 2843440121133851
2733 2844205526100863
2734 2844422271112853
2735 2870103073301809
2736 2874019310202863
2737 2897372634999851
2738 2901203018715863
2739 2906611401014809
2740 2912710204025861
2741 2914014024107861
2742 2916502301802799
2743 2924271413103863
2744 2934014333400851
2745 2950010712225851
2746 2992412320231853
2747 2994110120415863
2748 3000008019594799
2749 3001439370190853
2750 3002046209730851
2751 3002080756305863
2752 3002321877403853
2753 3003402652374799
2754 3004104862705789
2755 3004511863620863
2756 3004520825182853
2757 3004827171141863
2758 3005023472761789
2759 3005531041774853
2760 3006455010273851
2761 3008031534093863
2762 3010276019830789
2763 3011377005453799
2764 3012530792521853
2765 3013234044344861
2766 3013540631072861
2767 3013850951302853
2768 3014195083303853
2769 3015044231845853
2770 3015417212702861
2771 3017474530302863
2772 3018110921905789
2773 3019010639206789
2774 3019711170271853
2775 3020208751047799
2776 3020523283317863
2777 3020580108351851
2778 3021145826121851
2779 3022029065520851
2780 3022519144212851
2781 3022981220208799
2782 3022981220208863
2783 3023827002171851
2784 3025003123795853
2785 3025121465060809
2786 3025635031052861
2787 3026043004508861
2788 3026921525000809
2789 3027160000484861
2790 3028301321723809
2791 3029381153000809
2792 3029381153000861
2793 3030690212271851
2794 3031521432637853
2795 3033744001721809
2796 3034020520578799
2797 3034232472410861
2798 3034401806056853
2799 3035223665202863
2800 3036470115023809
2801 3037120575105863
2802 3038633522500853
2803 3040037188221799
2804 3040060832351861
2805 3040469101147853
2806 3041017424923853
2807 3041648131022861
2808 3042185126314853
2809 3042453433251863
2810 3043200240796789
2811 3045203342760863
2812 3045323102781863
2813 3050571542003809
2814 3051936210261863
2815 3052600485051863
2816 3052955213400863
2817 3053600293207853
2818 3057028430332853
2819 3059411135124863
2820 3060176136502789
2821 3061277040081863
2822 3062146309311863
2823 3063063001247861
2824 3063108052408853
2825 3063172213281799
2826 3067611211034861
2827 3068602112132861
2828 3071235314632789
2829 3072348660001853
2830 3074512001268863
2831 3075208303350863
2832 3084541300254863
2833 3091911504002809
2834 3092032123424809
2835 3092523532131799
2836 3100600343546809
2837 3101560379230853
2838 3101593602113861
2839 3102263013581861
2840 3102345631080851
2841 3104425725012851
2842 3105145130093861
2843 3110175242423861
2844 3111445311591863
2845 3112039535421799
2846 3113033652535789
2847 3113348008720853
2848 3113351276422853
2849 3114455162111861
2850 3114532801165853
2851 3117070309121861
2852 3118414817002789
2853 3118630009441789
2854 3120021398070851
2855 3120329331058789
2856 3120730319236853
2857 3121130047971799
2858 3121173148018853
2859 3121711722841853
2860 3123214882131863
2861 3125242028330809
2862 3125343402273863
2863 3126106925121863
2864 3127326222144863
2865 3128240611224851
2866 3129663022100809
2867 3130272613241861
2868 3132220990620863
2869 3132447042055789
2870 3132606900505853
2871 3132706232231809
2872 3134018021457863
2873 3134212291470863
2874 3134240743211861
2875 3134246310921799
2876 3134404181222861
2877 3135067350231863
2878 3138039402030851
2879 3140433342017861
2880 3140861003590789
2881 3141060116354861
2882 3141106814550799
2883 3141204595240853
2884 3142315044135851
2885 3142895222199809
2886 3143112200846809
2887 3144220728070853
2888 3145011183337789
2889 3146530620630799
2890 3147331300653863
2891 3148603192299809
2892 3148610351143853
2893 3150803171451799
2894 3151133305168789
2895 3152110743242861
2896 3152403237122861
2897 3153910237101851
2898 3155123074126789
2899 3156100629610853
2900 3156572001612863
2901 3156811713000851
2902 3159055021008863
2903 3160158113191853
2904 3162027354502789
2905 3164241321152809
2906 3166392005010851
2907 3170116510830851
2908 3170164229000809
2909 3171191111271851
2910 3180239324211863
2911 3180375420007789
2912 3181440300425809
2913 3186432010044851
2914 3190012543048789
2915 3200427328432853
2916 3200701261652861
2917 3202332537360799
2918 3202730360625863
2919 3203051128262861
2920 3203153232084851
2921 3207075400052809
2922 3207623701122851
2923 3207813502041851
2924 3210313046593789
2925 3210410902472861
2926 3210440270615861
2927 3210973233101861
2928 3211059107024861
2929 3211440660363863
2930 3212425364210861
2931 3212433141408851
2932 3212789030022799
2933 3212973521221853
2934 3213017248026799
2935 3213174215024861
2936 3215311147624789
2937 3217220780251789
2938 3217931821120853
2939 3220104197015809
2940 3220104197015861
2941 3220650810261851
2942 3221331314093861
2943 3221928400112809
2944 3223235444035853
2945 3226321505433863
2946 3227276324200853
2947 3227400871500863
2948 3229062810101809
2949 3230020511486809
2950 3230020511486861
2951 3230093501811851
2952 3231810601406809
2953 3235417120205861
2954 3239130520704863
2955 3240041317438853
2956 3240261735021851
2957 3240503942016799
2958 3240835031821789
2959 3241122515247863
2960 3246206051511851
2961 3250057009621853
2962 3250194213523853
2963 3251551803204799
2964 3253023028515863
2965 3253101822161809
2966 3253400362214809
2967 3255341107211861
2968 3260032415243809
2969 3260271070470863
2970 3262120010783861
2971 3264323620504789
2972 3269401226499809
2973 3270312341136851
2974 3270621410085863
2975 3272144743201853
2976 3274732013107853
2977 3274811400402851
2978 3275403151036789
2979 3281009605001809
2980 3284216722120853
2981 3296113035200809
2982 3300164723330809
2983 3300164723330861
2984 3300219295311863
2985 3300868110027863
2986 3302423353651853
2987 3305201822508863
2988 3306017593110863
2989 3307334902110851
2990 3307452703101851
2991 3311104436526863
2992 3311682660211789
2993 3311682660211853
2994 3312173750440853
2995 3313023862103861
2996 3317404173042863
2997 3321042907261789
2998 3321637514302853
2999 3322030141188851
3000 3322164910234789
3001 3322555602151853
3002 3322710211837789
3003 3323031414632861
3004 3323503040481851
3005 3324134402352851
3006 3331015209125809
3007 3332022580507853
3008 3332184142134863
3009 3334133702511851
3010 3335271361110851
3011 3337067032500863
3012 3338102214080861
3013 3339020433180863
3014 3340051113393851
3015 3340068531231799
3016 3340408133550799
3017 3341507411730799
3018 3342029136002861
3019 3343231517202851
3020 3346230712225789
3021 3350267022810863
3022 3350714320223861
3023 3351117360145853
3024 3353540480005789
3025 3357710220411851
3026 3360080331332861
3027 3361209816001789
3028 3362640512404853
3029 3364830042520789
3030 3368402440240853
3031 3370560504250789
3032 3374001615204851
3033 3374022850420853
3034 3374120414614853
3035 3380511531510851
3036 3382371211144789
3037 3382371211144853
3038 3390023114145851
3039 3390033351027863
3040 3402773435010799
3041 3406263021814853
3042 3408004091515789
3043 3410263264022861
3044 3412433820360863
3045 3412511300784863
3046 3414451280116853
3047 3414737300103851
3048 3420175046223863
3049 3420400177525789
3050 3420630501366863
3051 3421614400208861
3052 3422226312157789
3053 3422226312157853
3054 3422402255213861
3055 3440263003370861
3056 3441112120970809
3057 3441112120970861
3058 3441246841111789
3059 3441333505216853
3060 3451900106604863
3061 3463102093301861
3062 3470023204464799
3063 3472843300033853
3064 3479104013422789
3065 3486720300142789
3066 3500304164481863
3067 3502100578022861
3068 3503613235305863
3069 3504024364031809
3070 3504100813217861
3071 3504610634170853
3072 3505370322131809
3073 3506320712911789
3074 3516120702183799
3075 3520004157364789
3076 3521003341085861
3077 3521240345240809
3078 3521746400301851
3079 3523076411332789
3080 3525025714005863
3081 3530182071401809
3082 3530241485202863
3083 3532080241254863
3084 3532626212134853
3085 3534803331250853
3086 3536463072000863
3087 3540517410127853
3088 3542222542050851
3089 3547218132103853
3090 3550320824142863
3091 3551162461320863
3092 3551311345234789
3093 3551502135127789
3094 3553120816033853
3095 3553222096300853
3096 3557631143001799
3097 3560118300621851
3098 3587412420310853
3099 3591222014321861
3100 3595101132351863
3101 3598001121640789
3102 3600722112236861
3103 3601455213051851
3104 3602003940922853
3105 3603136401580789
3106 3604240247260789
3107 3609113243012861
3108 3610214101358861
3109 3616452302412799
3110 3619102130338789
3111 3622001055290809
3112 3622141326190789
3113 3624800110653863
3114 3625310601233809
3115 3625310601233861
3116 3625800401172799
3117 3633136600004809
3118 3633384110403799
3119 3634844001132863
3120 3642134182402789
3121 3643440712312789
3122 3652121422151861
3123 3656220013462789
3124 3660122603510809
3125 3660720053301851
3126 3661001181414851
3127 3661126540150789
3128 3662411416141789
3129 3662411416141853
3130 3670025148211853
3131 3671329105012853
3132 3680000185171789
3133 3700074326107853
3134 3700079124600863
3135 3700925413032863
3136 3701041768030853
3137 3701702071412809
3138 3705069121231853
3139 3707000942004851
3140 3707216017212863
3141 3707514202113851
3142 3710329270132789
3143 3710391205306853
3144 3712171221606863
3145 3712586000520799
3146 3714404134701863
3147 3721614180222863
3148 3726020093115799
3149 3729723400110863
3150 3733006022460851
3151 3751200161725853
3152 3751200441651863
3153 3760325403007853
3154 3770108001125861
3155 3802434222018863
3156 3805642115221789
3157 3805812002024861
3158 3807033102822863
3159 3810362141307863
3160 3811922601205853
3161 3812480614021789
3162 3815105570211863
3163 3816630004041851
3164 3820541206036853
3165 3821252053323863
3166 3821431400806853
3167 3821604205620863
3168 3823411031810809
3169 3823434326199809
3170 3824161005271853
3171 3828310060423853
3172 3830101023020887
3173 3830108520810799
3174 3835520123021809
3175 3836450300003861
3176 3841042071522863
3177 3844601191002799
3178 3852108111221809
3179 3865101202615853
3180 3900371405152853
3181 3900841015251799
3182 3901361112162851
3183 3910008361450853
3184 3913543000242851
3185 3946020223315853
3186 3960142300336853
3187 3964662000003799
3188 3970132312225853
3189 3970180131699809
3190 4000572475303853
3191 4001046561552863
3192 4002108261344861
3193 4002137562123851
3194 4002175344190789
3195 4002629631250853
3196 4003222124928863
3197 4003761217401851
3198 4004015242477853
3199 4006260348403853
3200 4006445401281863
3201 4006730192404853
3202 4006838000335789
3203 4006944234130853
3204 4008011438226863
3205 4010027705207861
3206 4010923333115861
3207 4011183102774863
3208 4012102749118853
3209 4012804119172789
3210 4013119040547863
3211 4013221844015861
3212 4015120626543863
3213 4015803013361861
3214 4018080240404809
3215 4018093200062861
3216 4020062920186853
3217 4020624608107853
3218 4020644255102861
3219 4020721155246799
3220 4020736820102809
3221 4028015440250861
3222 4028702560213789
3223 4030168223133851
3224 4031903200495789
3225 4033155728002789
3226 4037213041721809
3227 4040125409118863
3228 4048410950302853
3229 4050104204780861
3230 4054740241103861
3231 4056200333324861
3232 4060050952140851
3233 4061012452068799
3234 4061494502014853
3235 4071201049641799
3236 4072102081924853
3237 4072231029126863
3238 4073265007033853
3239 4075532110124809
3240 4080443573001863
3241 4084706080299809
3242 4090301051561861
3243 4092320217316789
3244 4100174137705853
3245 4100229101744861
3246 4101651033083809
3247 4102345071165799
3248 4104202223816809
3249 4105134142762853
3250 4106524621323863
3251 4107125120291861
3252 4110064114067809
3253 4110113168703851
3254 4110235008448853
3255 4112321411816809
3256 4112412015658789
3257 4113091317420851
3258 4113140281407851
3259 4116502641820853
3260 4118403435403853
3261 4120512312771851
3262 4121068103522861
3263 4123445061433853
3264 4126281014321861
3265 4128534001254799
3266 4130241612650861
3267 4130400332817851
3268 4130444680150853
3269 4131065733411863
3270 4132003052691851
3271 4134344113552853
3272 4137469020400789
3273 4139631131242853
3274 4139700706300853
3275 4142564317299809
3276 4142614120906853
3277 4143351503461853
3278 4145243200622809
3279 4149021518001851
3280 4150131734132861
3281 4153002413485853
3282 4155207222410809
3283 4155207222410861
3284 4155602431171853
3285 4156010671611863
3286 4160252770014799
3287 4162309014351863
3288 4162931320013861
3289 4164091145230853
3290 4164319200064789
3291 4165130261420809
3292 4166250000960799
3293 4170111251728853
3294 4170302240264861
3295 4171121836051789
3296 4172029500600851
3297 4173210240771799
3298 4175621202072799
3299 4181023715021861
3300 4190001462531851
3301 4191703016205799
3302 4193306431002851
3303 4195772100004789
3304 4200335167311851
3305 4200406220177861
3306 4200820531294853
3307 4201553001591851
3308 4202627441052863
3309 4202829340200851
3310 4203201057425809
3311 4204401454444853
3312 4205022317806789
3313 4206071507223799
3314 4206210256281799
3315 4206502411082809
3316 4208012176216853
3317 4208313216108863
3318 4208700214323851
3319 4210057527160789
3320 4210124345148863
3321 4210140541067861
3322 4211606703333863
3323 4211800800902809
3324 4212217226551853
3325 4212624033512861
3326 4212632921611853
3327 4213040139247853
3328 4213060309520861
3329 4214158191031853
3330 4220344285113799
3331 4220848015330789
3332 4222807200813863
3333 4223201009592863
3334 4225013327340851
3335 4227263500171853
3336 4228101902722853
3337 4228511570400863
3338 4230820611404809
3339 4231041009907853
3340 4231612204343809
3341 4232692325020853
3342 4233180636400789
3343 4234283070002861
3344 4240932033033851
3345 4241050089124853
3346 4241160245208863
3347 4241183421333799
3348 4241405420653789
3349 4242510111528851
3350 4245950202033863
3351 4248102513055789
3352 4250203117380851
3353 4252015433461853
3354 4258424108020853
3355 4260273000227809
3356 4260720823014863
3357 4261020565513853
3358 4262003532715853
3359 4262615541210863
3360 4264107341040851
3361 4265521065300799
3362 4280112404306861
3363 4291411214511851
3364 4300165203263861
3365 4301424652341799
3366 4302851306602789
3367 4304065446021799
3368 4309240220270809
3369 4310908025044853
3370 4317723101155853
3371 4320240519141851
3372 4323104862106853
3373 4323503420266853
3374 4323914141332853
3375 4326202130417861
3376 4327303070700851
3377 4328060061023861
3378 4330403406057863
3379 4332252810054863
3380 4333810226142863
3381 4340106842310851
3382 4340210737206863
3383 4341013615242851
3384 4349021402056789
3385 4351010363275789
3386 4351121007655789
3387 4351121007655853
3388 4354204341072799
3389 4354204341072863
3390 4358242414003789
3391 4362191030541863
3392 4363051007901799
3393 4363102432705853
3394 4363142003252861
3395 4363404652101799
3396 4374312307213853
3397 4391134502340799
3398 4400407460024809
3399 4401314807062853
3400 4402062231452861
3401 4403202671127863
3402 4403250206833789
3403 4403250206833853
3404 4406923221132863
3405 4407415154220863
3406 4407470506003853
3407 4410029102277863
3408 4411014704144809
3409 4412449304121799
3410 4412506130271851
3411 4414692123021799
3412 4420012935406853
3413 4420133261018809
3414 4420540711074863
3415 4424054241532853
3416 4426230801303851
3417 4431028403502851
3418 4438002311063809
3419 4438002311063861
3420 4440035720403851
3421 4445004058420789
3422 4450342071212809
3423 4450422041095853
3424 4450832250021851
3425 4452310341333851
3426 4459302311413853
3427 4460711701310861
3428 4473110086401799
3429 4477124023401863
3430 4481030073032809
3431 4481115016008863
3432 4490617140210863
3433 4491013637199809
3434 4500121823630809
3435 4502040132176809
3436 4503220041973853
3437 4504972042002863
3438 4510705105614863
3439 4511570142171863
3440 4514021236803863
3441 4514600130384863
3442 4520151614016851
3443 4525530080012861
3444 4531111904510809
3445 4532400420718789
3446 4532400420718853
3447 4533605400045863
3448 4541376161110853
3449 4542219312034853
3450 4544114930202863
3451 4548025030134863
3452 4560140404821863
3453 4570121013506861
3454 4576550010205853
3455 4596103011023861
3456 4600363803205789
3457 4601420266018789
3458 4602239117005853
3459 4604130055551799
3460 4610025817042853
3461 4610621304084799
3462 4611130551323809
3463 4611500332563799
3464 4611705522240863
3465 4612108120870853
3466 4612300353652853
3467 4612563432031853
3468 4614134081125853
3469 4615790010110861
3470 4621152062204861
3471 4622051010838853
3472 4630005561320861
3473 4635052071110809
3474 4635160310150861
3475 4640410111594853
3476 4650523413699809
3477 4655038200601853
3478 4663040114308789
3479 4700026063227799
3480 4700501824131851
3481 4702200032577799
3482 4704203420733799
3483 4705163142102851
3484 4716160001590789
3485 4720035325612853
3486 4720134930600799
3487 4720134930600863
3488 4730041424114861
3489 4734632230032863
3490 4742542210130861
3491 4751941203210863
3492 4800461415699809
3493 4802005501707863
3494 4802542303270853
3495 4805028107220799
3496 4807712400102851
3497 4810070165223863
3498 4810643271012863
3499 4813114920200809
3500 4814020215625853
3501 4820107145422853
3502 4820525024400851
3503 4828004225203853
3504 4829220130013809
3505 4831218090021863
3506 4831501821105863
3507 4831901009001851
3508 4832300610251809
3509 4841129052030863
3510 4841712010182799
3511 4900215371242853
3512 4901440225103809
3513 4907065122220853
3514 4918110643020863
3515 4923300443211851
3516 4940024224224799
3517 4941503430250789
3518 4943370002112851
3519 4970003337300863
3520 4981020241045789
3521 5000039653261789
3522 5000726116174853
3523 5000742443070851
3524 5001347311425851
3525 5002143059037863
3526 5002621563171863
3527 5002990133142863
3528 5004353108520851
3529 5005690203901853
3530 5007120352902851
3531 5007202906400809
3532 5010061664222861
3533 5011170146383789
3534 5012243450293853
3535 5012701004555861
3536 5013051837043853
3537 5015419406121863
3538 5018310065007851
3539 5020106388610853
3540 5020210968250853
3541 5020447302422861
3542 5020540356550853
3543 5021357000435861
3544 5023006510337861
3545 5023543365013853
3546 5025052860020861
3547 5030012947410851
3548 5030044513905799
3549 5031333614424863
3550 5036010419532863
3551 5041502452390853
3552 5043134014613809
3553 5047210071832853
3554 5055288122001863
3555 5056912204230863
3556 5066008123125863
3557 5067000412168789
3558 5068301133208853
3559 5070236012931863
3560 5070371802110809
3561 5070513710740853
3562 5071119450322853
3563 5071130608612853
3564 5080102291290863
3565 5080267120121861
3566 5088101147130863
3567 5096012260310809
3568 5100204151202887
3569 5100228160560851
3570 5101013516628863
3571 5101552207138789
3572 5101552207138853
3573 5101623277110851
3574 5102119350530861
3575 5102204250464861
3576 5102276003536853
3577 5102557230720799
3578 5105556241042853
3579 5106705608020853
3580 5107360731412789
3581 5108068050034853
3582 5110343207356853
3583 5110628152026799
3584 5110690313520851
3585 5110731472341799
3586 5110861407601853
3587 5111013016678853
3588 5111372119702853
3589 5111454180024851
3590 5112601037392853
3591 5116410522337853
3592 5118323033042809
3593 5119101373423789
3594 5120123050664861
3595 5127123354015799
3596 5127123354015863
3597 5129214610131851
3598 5130304159153853
3599 5131314531831799
3600 5131820101963853
3601 5132310416805799
3602 5133290144404853
3603 5135601666001789
3604 5142033421730809
3605 5142055244301851
3606 5143151504713853
3607 5144435102330809
3608 5144435102330861
3609 5150046150723863
3610 5150051613184789
3611 5151015107703851
3612 5161034640005809
3613 5161124632602863
3614 5163102908000809
3615 5166105126250853
3616 5171111401931861
3617 5171843220241853
3618 5174081411700863
3619 5185272221130863
3620 5187213325012853
3621 5200121655535789
3622 5200236338404853
3623 5200372334820799
3624 5200418524008863
3625 5202802328043799
3626 5203411553146789
3627 5203411553146853
3628 5204226436410863
3629 5204313078030851
3630 5213092015462789
3631 5213442031492789
3632 5213572005014809
3633 5217181921030789
3634 5220332353083863
3635 5225275252003853
3636 5226015240603851
3637 5227410512325863
3638 5230112706351851
3639 5230635606012863
3640 5232406044343789
3641 5236031236022809
3642 5236031236022861
3643 5237122014741863
3644 5240333240175799
3645 5243243205370853
3646 5261740613400863
3647 5267016060322789
3648 5273501053131851
3649 5274132016413863
3650 5292105325222789
3651 5302717230505789
3652 5306125007042861
3653 5307552113341789
3654 5310351345234799
3655 5310481413253853
3656 5311435902106853
3657 5312107744599809
3658 5313052022853863
3659 5313253501142861
3660 5315537133310853
3661 5317310722431863
3662 5320050918222863
3663 5322290609200853
3664 5324323330740863
3665 5325422407321789
3666 5325427054120853
3667 5336010235440851
3668 5337220623520789
3669 5344435432299809
3670 5344814023100809
3671 5350604123007851
3672 5352327331510853
3673 5354259302110853
3674 5355122243430863
3675 5371234022321861
3676 5371415055022789
3677 5390022228610853
3678 5392014342510799
3679 5401869003102799
3680 5401917030081799
3681 5402271222342851
3682 5403124128351799
3683 5405270252111809
3684 5406001743402851
3685 5411043540390799
3686 5411170322144809
3687 5411203228237853
3688 5411404416234863
3689 5412211751330861
3690 5415800215530799
3691 5416014502999861
3692 5416220321626853
3693 5420030522628863
3694 5420165203840853
3695 5420894310400853
3696 5422050622560799
3697 5422140906205789
3698 5422370418120863
3699 5423000426923789
3700 5425632000162851
3701 5430558211104863
3702 5432448011016799
3703 5432448011016863
3704 5434533240111851
3705 5435054316102799
3706 5440032334623863
3707 5440601227062863
3708 5441621022930863
3709 5442029322151853
3710 5443710081011861
3711 5446500205225789
3712 5453112235216853
3713 5456030104912853
3714 5459140110600851
3715 5460802011327799
3716 5463200231612861
3717 5464143400270853
3718 5500352841020809
3719 5501254923120799
3720 5502045322174789
3721 5504063161711853
3722 5505211012454809
3723 5506217561101853
3724 5511041318402861
3725 5512420020725809
3726 5520560130706853
3727 5522602109610799
3728 5522602109610863
3729 5524731400602863
3730 5525610022080851
3731 5526176010304853
3732 5530619200899809
3733 5532322203193789
3734 5532322203193853
3735 5533013306515853
3736 5533480201044799
3737 5540703132114851
3738 5541002045374853
3739 5550513302812789
3740 5551062542499809
3741 5560020272502851
3742 5560114400923853
3743 5563220107202809
3744 5600562203164853
3745 5601106436322863
3746 5602064905011863
3747 5603357320011851
3748 5604313112428853
3749 5611143391240789
3750 5611143391240853
3751 5614353111711863
3752 5615203362025853
3753 5621114202462851
3754 5621193121206863
3755 5624042306223799
3756 5626101073230851
3757 5645146032220789
3758 5650021631514863
3759 5650103256141863
3760 5661114414205853
3761 5695025122200863
3762 5704410590310863
3763 5705001523254799
3764 5705924113111853
3765 5710002813071861
3766 5710111064262851
3767 5711220400841861
3768 5720533261110851
3769 5723341200153851
3770 5734513241032853
3771 5740433101443863
3772 5763150320120861
3773 5771111732100851
3774 5771910222111799
3775 5800338332122853
3776 5800403308404863
3777 5821464150031853
3778 5824104515014853
3779 5830311067600853
3780 5850004803340853
3781 5850034310403851
3782 5852303160016853
3783 5870000001095809
3784 5909212232401789
3785 5911303041503809
3786 5925420111172789
3787 5930056015042853
3788 5961100670103863
3789 5972010410406863
3790 5973600012025853
3791 6000038221148809
3792 6000205096043861
3793 6001190025372851
3794 6001201877701853
3795 6001720227126851
3796 6003145540425799
3797 6003231025931809
3798 6003231025931861
3799 6003310072454809
3800 6006113639000861
3801 6008400323540861
3802 6009531231541853
3803 6010057194223853
3804 6010146277060789
3805 6010203513366851
3806 6010443640524863
3807 6011617411606789
3808 6012103162643861
3809 6012171148320851
3810 6013320126672799
3811 6013331570083853
3812 6014460203072861
3813 6016412014073861
3814 6017161706130863
3815 6018105220704851
3816 6020004059193799
3817 6021551038140851
3818 6022090170742853
3819 6024361031950853
3820 6027032131280861
3821 6031722191021809
3822 6031801025433851
3823 6032230118244851
3824 6034661027320789
3825 6037091900040863
3826 6037524910002863
3827 6038070151032851
3828 6041235115326799
3829 6041815109500789
3830 6042054009720863
3831 6042156022206851
3832 6042304023065809
3833 6045312016025809
3834 6046273014011809
3835 6046273014011861
3836 6047550241311863
3837 6050306302541861
3838 6050450722440799
3839 6055022073360863
3840 6057445000130861
3841 6060135509122853
3842 6060302663035853
3843 6067035012523789
3844 6070032332631851
3845 6070223571340853
3846 6073541025501799
3847 6074053412610863
3848 6082024214106851
3849 6082101272721863
3850 6085111001755789
3851 6100492703003861
3852 6102110484408863
3853 6102441950421799
3854 6102823261242863
3855 6107345520313789
3856 6109350053120861
3857 6110020018593851
3858 6111204403922809
3859 6111561140406851
3860 6112008091138853
3861 6112831018004861
3862 6113325604233863
3863 6115020605235851
3864 6115952101311851
3865 6116113035252851
3866 6117534312321863
3867 6121531043316851
3868 6123501324800809
3869 6124200464313851
3870 6130000635291851
3871 6130501273065863
3872 6133190154250853
3873 6137072003910863
3874 6140115100386851
3875 6141601251260861
3876 6143296001043863
3877 6144911110043809
3878 6150350450424799
3879 6151220314671863
3880 6154513312054853
3881 6156021203257853
3882 6172105435221799
3883 6173035002391853
3884 6182022360901789
3885 6200385323701853
3886 6200460252075799
3887 6200644103761853
3888 6201015935700799
3889 6201015935700863
3890 6201621376002851
3891 6205001704640861
3892 6205259104123789
3893 6206220310175861
3894 6207320301835853
3895 6208640237200789
3896 6210141337570789
3897 6211020677710789
3898 6212231722152851
3899 6214330042433809
3900 6217554301005799
3901 6220052055075799
3902 6220064614612853
3903 6228022111604809
3904 6228022111604861
3905 6233232181410851
3906 6233405300126861
3907 6236143080021851
3908 6241702122913853
3909 6248110016415863
3910 6250226104314851
3911 6252340302413809
3912 6255122203044851
3913 6260018411344853
3914 6265040013900851
3915 6270006624222799
3916 6280008160242863
3917 6281901025401863
3918 6290001704253863
3919 6306220422431861
3920 6311186046202789
3921 6313320433345789
3922 6315119410630853
3923 6317123106180863
3924 6322115073072863
3925 6322150610571799
3926 6331412612051809
3927 6340622413620799
3928 6351753122202863
3929 6352060171252853
3930 6352120804503863
3931 6353022106380799
3932 6361127035212863
3933 6371311050903863
3934 6381130706100851
3935 6383111062035863
3936 6401221072734799
3937 6401240825300861
3938 6403531022905789
3939 6410804714112863
3940 6411061904035853
3941 6411100831802809
3942 6411155604200861
3943 6413140003085861
3944 6413498102100799
3945 6414328120216853
3946 6419300172070789
3947 6420234414081863
3948 6420412900241861
3949 6420535124701853
3950 6424801143322789
3951 6431045242333853
3952 6433020348232789
3953 6451592000124863
3954 6491501212134863
3955 6502700004817789
3956 6503293104033799
3957 6503320410740809
3958 6504380160700789
3959 6504380160700853
3960 6504744051300799
3961 6513038214016853
3962 6514220134227863
3963 6518130743010863
3964 6531354641002853
3965 6532250032155863
3966 6554350100083853
3967 6555125212599809
3968 6601265020138853
3969 6610205234470853
3970 6622902223051853
3971 6633010365105799
3972 6701136135030851
3973 6702232020573799
3974 6702717203040863
3975 6713521026403853
3976 6720024006715853
3977 6720603128500853
3978 6721506007599809
3979 6800064131191789
3980 6802620113623853
3981 6810690150301789
3982 6811000260871853
3983 6829020192010853
3984 6831854011012853
3985 6833351300701789
3986 6833351300701853
3987 6840600222262789
3988 6842132041621853
3989 6850212404610863
3990 6860110211068853
3991 6904352103213863
3992 6910220512124861
3993 6917202332220799
3994 6917202332220863
3995 6921512042111809
3996 6960202520350789
3997 7001232284204861
3998 7005309322090853
3999 7008150425214863
4000 7011111477361853
4001 7013013808301861
4002 7019130293023853
4003 7019221147006853
4004 7020803135231861
4005 7021628140332863
4006 7021756611210799
4007 7022502714064853
4008 7022660432251853
4009 7032930013232861
4010 7038411126007853
4011 7042031125078853
4012 7042114513601809
4013 7045003314571853
4014 7045441340502863
4015 7048106203252853
4016 7050044063911853
4017 7050831409200863
4018 7052501217711863
4019 7061503073430863
4020 7062125021190851
4021 7063313034114851
4022 7065025011903863
4023 7066124111510809
4024 7067042622103853
4025 7070000204915861
4026 7090015075410863
4027 7092033171214853
4028 7100334266107853
4029 7105206317025863
4030 7105505312155853
4031 7106900034712789
4032 7111762302451789
4033 7111762302451853
4034 7113407521621789
4035 7120133106272861
4036 7120404105393863
4037 7122130243177853
4038 7122411351530861
4039 7123523923210789
4040 7130146440072863
4041 7139190205299809
4042 7140067042104851
4043 7140264523240789
4044 7141802034064853
4045 7152010307504861
4046 7161024122072809
4047 7162125440201861
4048 7164001671304853
4049 7180640012505863
4050 7183086211012853
4051 7200036420417851
4052 7200281350831853
4053 7201205194108853
4054 7202224462270853
4055 7205013662422853
4056 7208123080107799
4057 7208852011006853
4058 7209921013230863
4059 7210132617172789
4060 7210220304873863
4061 7213033260404861
4062 7214703652102789
4063 7224491200310809
4064 7227467200210853
4065 7230011009426809
4066 7230350137432853
4067 7231225730160799
4068 7232015156070799
4069 7235130791002853
4070 7236134111151851
4071 7240502605152799
4072 7241432010056861
4073 7248331015014863
4074 7251152204325863
4075 7252154431240853
4076 7253292310213853
4077 7260171311213809
4078 7275140076010853
4079 7302014115727789
4080 7302204225081851
4081 7305044206171853
4082 7305513410150861
4083 7311780333000851
4084 7320810015224809
4085 7322010490425863
4086 7323039125113853
4087 7323510420570863
4088 7334705001640853
4089 7354320168001853
4090 7361123140218863
4091 7364510161024853
4092 7371060423421853
4093 7373303921020789
4094 7385003420044853
4095 7402126110417851
4096 7403140116530861
4097 7404112640713853
4098 7411418130072799
4099 7413042311932853
4100 7413816000145853
4101 7416211246141853
4102 7421123255152853
4103 7421500090236863
4104 7422033200853863
4105 7430601081073789
4106 7431050147215789
4107 7432733000631863
4108 7440101322291851
4109 7444021551006863
4110 7450424410400861
4111 7464140516002853
4112 7472021084022799
4113 7501660624012853
4114 7503000533635853
4115 7503026621512789
4116 7503026621512853
4117 7503158312113853
4118 7509112221315863
4119 7510717020361853
4120 7511140200626809
4121 7516800023400851
4122 7541160312810799
4123 7550121504108863
4124 7552400330424863
4125 7600050521514851
4126 7601247502501853
4127 7608021441060863
4128 7632391011204863
4129 7633101830611853
4130 7648030702110863
4131 7657222122202789
4132 7695321105001853
4133 7700118200504809
4134 7701123301073861
4135 7702132313811863
4136 7703410613202851
4137 7711083101105809
4138 7711317532101863
4139 7741750101030851
4140 7750104054033799
4141 7763104021234789
4142 7785104330110853
4143 7802144103154789
4144 7803023030752853
4145 7812902020202809
4146 7812902020202861
4147 7821812402202863
4148 7858060001041853
4149 7860153701020853
4150 7903240502340863
4151 7909010010084863
4152 7910416210261853
4153 7930420058199809
4154 7932040016211851
4155 7934331116199809
4156 8000408025426799
4157 8001156072213851
4158 8002803103280861
4159 8010353921134853
4160 8010409058500789
4161 8010506026227863
4162 8011103092942853
4163 8011656016302863
4164 8012029072360853
4165 8012555151021851
4166 8013135211820861
4167 8013319050441799
4168 8013319050441863
4169 8020100727701809
4170 8020541290414789
4171 8020871437000789
4172 8025101702157863
4173 8027603001346853
4174 8030110305708851
4175 8030317703431789
4176 8033204124522851
4177 8034547201101851
4178 8046054041205799
4179 8047514234020853
4180 8050271613501863
4181 8051250283032799
4182 8054310054221861
4183 8055222051046853
4184 8060042082140809
4185 8063635150002863
4186 8065112504034799
4187 8065112504034863
4188 8066523011012861
4189 8071051050760853
4190 8074022540214863
4191 8080042223335853
4192 8080380108022853
4193 8083410411114851
4194 8100020476336853
4195 8100032118291851
4196 8100236427330799
4197 8104606070601863
4198 8105108513202851
4199 8110227004046861
4200 8123580411025853
4201 8128533211510853
4202 8128601181031789
4203 8131010854032851
4204 8142061005157853
4205 8142135040412809
4206 8162113050062861
4207 8191801103323853
4208 8202532370520799
4209 8204024382132863
4210 8204820302254853
4211 8207121018703853
4212 8210107700734853
4213 8210490365002853
4214 8210812301176789
4215 8220320066303809
4216 8220721023706853
4217 8222006530503851
4218 8225079000024863
4219 8230011336522851
4220 8231300244274853
4221 8232251116206863
4222 8233410303067853
4223 8240527012513853
4224 8241040107417863
4225 8242272224310863
4226 8291251040242853
4227 8300427142404863
4228 8301443027530853
4229 8301500854033853
4230 8304046404502789
4231 8304542030713853
4232 8310000531527809
4233 8311230731532863
4234 8314078012500863
4235 8350053024262853
4236 8352003432132851
4237 8400460053550853
4238 8401709015022863
4239 8402151324204851
4240 8403140403516863
4241 8404060341154853
4242 8421224223442853
4243 8422806024120863
4244 8441052607300853
4245 8490100033291853
4246 8501126232306863
4247 8508202134511789
4248 8508202134511853
4249 8512550150151799
4250 8513632021144853
4251 8521102441134851
4252 8531480011230851
4253 8551141150103809
4254 8570750313001853
4255 8601534642010789
4256 8610700503126863
4257 8644142213401853
4258 8733206021034799
4259 8736232211499809
4260 8761236400299809
4261 8780300124321799
4262 8811300232156853
4263 8901253241004863
4264 8901821034031853
4265 9000208363224863
4266 9000418143603863
4267 9003182034243799
4268 9003513330171851
4269 9003721615320863
4270 9004141050906863
4271 9006072505141853
4272 9006221562133853
4273 9007030311942863
4274 9010770114144863
4275 9010800550061809
4276 9013151702141861
4277 9017451153030799
4278 9021857757999851
4279 9027141701062789
4280 9028240101147863
4281 9030750302006861
4282 9032106090036863
4283 9036102504033851
4284 9060113135340851
4285 9062412524041853
4286 9083506010224853
4287 9100263190405789
4288 9100263190405853
4289 9100724351304799
4290 9103644113503853
4291 9104322374320853
4292 9104601204274789
4293 9107404201034809
4294 9110610524272853
4295 9111229250124863
4296 9111843400063853
4297 9113311310463851
4298 9114250334026853
4299 9117212445300863
4300 9120410371332851
4301 9130060170162851
4302 9131127208051789
4303 9133405202160851
4304 9134054403321863
4305 9136400154141863
4306 9140132547121789
4307 9150711310326799
4308 9153602703121853
4309 9173033013261863
4310 9181000456105853
4311 9203053356201863
4312 9205228035120863
4313 9209603031060799
4314 9210196040152853
4315 9211412403454853
4316 9212519621100799
4317 9216424602103853
4318 9220841002542863
4319 9221581022232863
4320 9225224160002861
4321 9230241261501851
4322 9237060014111861
4323 9241200602901851
4324 9250204202054861
4325 9251202505116799
4326 9252702214100809
4327 9253022611404799
4328 9260174021124863
4329 9272040104731853
4330 9300805731012799
4331 9303138225102863
4332 9304724712001853
4333 9305181330303799
4334 9310162164151789
4335 9315246600003863
4336 9320030453155853
4337 9321050183251789
4338 9321050183251853
4339 9321210280804853
4340 9322201045305851
4341 9323211303264863
4342 9343500207232853
4343 9351119021322863
4344 9354050162112863
4345 9404410171270853
4346 9410132177140789
4347 9420155550300799
4348 9420411282231863
4349 9430011716701853
4350 9431101165116863
4351 9437432010420863
4352 9442034521141853
4353 9460810014150799
4354 9470205170302853
4355 9473106090100789
4356 9502036302334853
4357 9513163015599809
4358 9513361024204789
4359 9518303102124863
4360 9520014354033863
4361 9543001152613853
4362 9601307203504789
4363 9601620470013799
4364 9602033114532799
4365 9627200114300809
4366 9627200114300861
4367 9636344000131789
4368 9703524011260789
4369 9712028503102789
4370 9725531320111853
4371 9733102010490799
4372 9736100032899809
4373 9765100500110861
4374 9770323200051863
4375 9811130124132851
4376 9815019014001863
4377 9817301325000863
4378 9834150220204789
4379 9920240401251799
