1 63782998969989799429
2 96989986598717899429
3 268997958095988899329
4 296888698475698799329
5 478776289862999899429
6 498077995966789799329
7 586289088899957899429
8 679957758586388899429
9 688177977888837899329
10 736794879935979899329
11 789867584696559799429
12 825989999644977499429
13 889792908728969899429
14 974869994878475599429
15 977939989018797799429
16 996994343977899499429
17 998279746799469499429
18 999756696917878399429
19 1387855867949887799329
20 1586683765789896899329
21 1779188858549977799329
22 1798961977888357799329
23 1827739882998899299429
24 1877979887497097399329
25 1887796943664999599329
26 1894998769956056899429
27 1896949889546709899329
28 1928858709999866599429
29 1957489896790757899429
30 1959907396789578799429
31 1969977809858286899329
32 1996999908234889699429
33 2079895858959485899429
34 2266968625999899599329
35 2389997836689367799329
36 2477957878976970799429
37 2487828289891989899329
38 2492698857889769299429
39 2518959659538989899429
40 2549898575956489799329
41 2599688678936847499429
42 2699891549595569899429
43 2745685969899870899329
44 2757739847598895699429
45 2766473779798889399329
46 2771999899864379299429
47 2778598746776987399329
48 2784595756799199799429
49 2848799889156686599429
50 2848999936847792699329
51 2875968699765395599429
52 2885959079898394699429
53 2888728477956886699429
54 2897798648891929399429
55 2946885789747666899329
56 2968906934997794899429
57 2983937669877855799429
58 2989386185877875899429
59 2989849867676355799429
60 3099949779285993899329
61 3229788676899984599329
62 3247778669676879899329
63 3286929939893859799429
64 3328798798959863699329
65 3329787697879557799429
66 3383999898782963699329
67 3396927978397966699429
68 3417499939983887899429
69 3459969263989497799429
70 3497999385475569899329
71 3526699999849994099329
72 3588371996969698499329
73 3599919687187797499429
74 3637628995685799899329
75 3668578598888657399329
76 3669477789805997599429
77 3693779998899841199329
78 3697949591898937399429
79 3728578855959886699429
80 3749833849998858499429
81 3761777999989374499429
82 3777950383999897799329
83 3779953973788395899329
84 3786999817991786299429
85 3798877488676844699329
86 3799928149668569899429
87 3868988953686285899329
88 3869791799296783699429
89 3876919279994866799329
90 3887893695568773899329
91 3899675088979475599429
92 3936971869459996699429
93 3949973866788755599429
94 3957879749197789199329
95 3977765399658779399329
96 3987488863987359599329
97 3999897990138855799429
98 4077686962986997699429
99 4087995389977818899329
100 4190879899766588699329
101 4268089469898697799329
102 4381994886477799699429
103 4387699973888777099329
104 4387868153898798899329
105 4389949568397666799429
106 4398911968899567799429
107 4469767229989397899429
108 4548494889693898499329
109 4587796966699058699329
110 4597978529846576899429
111 4624899872099889899329
112 4658899579756149799429
113 4669682969759276899429
114 4677476326979899799329
115 4678646795872988599429
116 4685999066789971799329
117 4698118889548889699329
118 4768471898699745799429
119 4779989738835185899429
120 4782399598465788799429
121 4787765663999749399429
122 4793455996596895699429
123 4796899889868115499329
124 4798147898865795599329
125 4815963994658999699329
126 4836488192999797699429
127 4836977658959985199429
128 4848468839983974899329
129 4866965178998497499329
130 4868068695969848699329
131 4868689891984268699329
132 4869478898616792799429
133 4869493788199855699429
134 4873487895639978499429
135 4876897489789490299429
136 4888989673234788899329
137 4894687725769956899329
138 4894989456785962799329
139 4896878375498848399429
140 4896897699318892499329
141 4896977639658862799329
142 4897898937974917099429
143 4898960599759593599329
144 4949928982529798599429
145 4958428865998097899429
146 4975917895875887299429
147 4975978518783978499429
148 4979099858287088899429
149 4980695675499588899329
150 4984889865596268599329
151 4987379446977792899329
152 4987489799471737699429
153 4989818398865629799329
154 4991768297966893799329
155 4995677929734959699329
156 4996447576289769799429
157 4997689598186654699329
158 4998833772986897299429
159 4998887691981737599429
160 4999282858499797099429
161 5058892775988796699429
162 5099672968875884899429
163 5119690789979994899329
164 5171889959397695899429
165 5178686999967941699329
166 5289848999653478599429
167 5355597788495989399429
168 5386968897739288399429
169 5397745488769799299429
170 5418949966898796299329
171 5470888798896790699429
172 5485396989678834899329
173 5496998389374797299429
174 5528849982947958899329
175 5536396997689496599429
176 5588948864068789799329
177 5604989883798988199329
178 5626597576699766899429
179 5657687989984075699429
180 5678752878878763799429
181 5679299888075787499429
182 5679835379874777899329
183 5687778985949279099329
184 5695725781968789799429
185 5734379564897988899329
186 5734784969977908799429
187 5769158842678998899329
188 5774888892882938599429
189 5794497247939989499429
190 5796869743895629799329
191 5797695298259947699429
192 5799852697396848499429
193 5807887718889869299429
194 5809989382983968699329
195 5826079795857995899429
196 5839894878875517799429
197 5857507779689748799429
198 5858852837768399899429
199 5858857188960797899429
200 5860897996799846099329
201 5876638886498847599329
202 5879486504785899799429
203 5886837996974753699329
204 5896472998742895899329
205 5899692868686675199429
206 5899886578885590299329
207 5909999087795839499329
208 5936868886554389899429
209 5946581588888946799429
210 5950855785999798199429
211 5952467974867787899429
212 5971825994587789799329
213 5976864967598663699329
214 5988494638798536899329
215 5990377796985927899329
216 5990899676477974399429
217 5997688854458861899429
218 5999774476974266899429
219 5999988403645994899429
220 6079998805995774899329
221 6096793684962999899329
222 6146789963987578699429
223 6273669999478858399429
224 6279688824918799699429
225 6377899848478863599329
226 6390899865559578799429
227 6491196198989499899329
228 6494869497928486699429
229 6514969497179988799429
230 6536789478498946799329
231 6554579799879486299329
232 6569714877479997599329
233 6589489966684382899429
234 6598678685786478299329
235 6599127977868893699329
236 6599976198824892899329
237 6615748977667999499329
238 6658487794656786899329
239 6658928849879705899429
240 6668896577359847699329
241 6668989851478776599329
242 6685887584842869899329
243 6689829991768196699329
244 6689885271639698899429
245 6693996735693967799329
246 6695999654896971299329
247 6697723897897951799329
248 6699765528805799899429
249 6737847728898755899429
250 6747349885898695499329
251 6754955579679972799429
252 6758789858484709699429
253 6759752995857991699429
254 6761599748888089799329
255 6765496365758988899329
256 6771699691756897799329
257 6774688762675698899329
258 6776696981599563899329
259 6787777987677563299429
260 6794934769466889599329
261 6799692437591999599429
262 6799867381997508799429
263 6799927759276934899429
264 6806999267945698699429
265 6841888735885679899429
266 6845790867589947799429
267 6866989727989434499429
268 6867986768818049899429
269 6876664995388657799329
270 6879897980855644699429
271 6879981960867458899429
272 6881397694399795799329
273 6886759019686789699429
274 6889499394753971899429
275 6889871697825666899329
276 6896478622995876799429
277 6899653986757751899429
278 6899981748296687399329
279 6944785895469498499429
280 6946295857877798299429
281 6949928914528899799429
282 6958445464986969899329
283 6966988864979017799329
284 6967283896882798399429
285 6968826399488727899329
286 6977956785956547499429
287 6978853985433799799329
288 6984942288938896799329
289 6988067468989197599329
290 6991858287746986699429
291 6996754799775274799329
292 6998659964982058799329
293 6999616586382896899429
294 6999882794614938899329
295 7028376878989795799329
296 7066989967381998599329
297 7077377691898796899429
298 7094693989845896699329
299 7119689198953989799429
300 7198709789689446799429
301 7279999886092791899329
302 7297475958698098699429
303 7334579849887589699329
304 7389893794551968899429
305 7399917999845707799329
306 7416915999919895899429
307 7419884279989994399329
308 7441976667878858899429
309 7468969822987818799429
310 7481549598999852799429
311 7498959234496997599429
312 7555578973993879499329
313 7569598668384991799329
314 7587189979576791599329
315 7596788938718839399429
316 7596798076477977599329
317 7597859189897064899329
318 7599395993198946499429
319 7609796988397178599429
320 7657661954995989499429
321 7658796971478972899329
322 7678783588796364899329
323 7687276832959897699429
324 7689882777184968599329
325 7693887385949896099429
326 7696688263678848799429
327 7696999390565784799429
328 7715937886896978299329
329 7717996999198429399429
330 7719936889679474699329
331 7724939468497979699329
332 7736965854679497899329
333 7747398987059298799429
334 7756439899939567399429
335 7757709808388799799429
336 7758995462786597599429
337 7766228897489877599329
338 7777763259978986399329
339 7787655999905577599329
340 7789878659691582499429
341 7794975889457891399329
342 7798872876717487699429
343 7820097895987977799429
344 7825988898178957199329
345 7845939765678548899429
346 7847832595977879499429
347 7858889309665859599429
348 7869647499832849699429
349 7874687543785967899429
350 7878079969156788499429
351 7883507960989699699429
352 7887939770609994899329
353 7889668194998443799329
354 7896988609893548299429
355 7897975949416567799329
356 7899991059498781699429
357 7919893771977785599429
358 7931989759698358399429
359 7936933869849775799329
360 7939169569974846799429
361 7950957889748777399329
362 7958774698287859099429
363 7958865994429268899429
364 7959687178742598799429
365 7962671768778896599429
366 7966891798768245799429
367 7975154993399976899329
368 7988454946782975799429
369 7988687448196845799429
370 7989269899730773699429
371 8193789971628889699429
372 8219868937959674899429
373 8255987646697994699329
374 8258939798169298799329
375 8259327983979878599429
376 8286659939564797799329
377 8296818779708993899429
378 8376097899675982799329
379 8378651889969589199329
380 8379878447779489099429
381 8379931995772797799429
382 8381598975693965899429
383 8387858387538768799429
384 8394394986697658599429
385 8439562477789986899329
386 8443699652797976899429
387 8457299798957509699429
388 8465667336996999599329
389 8465697950969889199429
390 8472866497596868699429
391 8495098169788659899329
392 8496494949849456899329
393 8497678348997359399429
394 8498997098616567899329
395 8499639364779477799429
396 8529995558789049899329
397 8534838719739899899429
398 8541489967894598599429
399 8550899977979541799429
400 8559588640569888799429
401 8559965978783357699329
402 8570459595998698399429
403 8587939577267669599429
404 8589398456984466899329
405 8599777818668535899329
406 8610789879597688399429
407 8626579978938982399429
408 8628958864995807899329
409 8635584761788899799429
410 8647879586667488399329
411 8657089587898449599329
412 8659895848800996899329
413 8664869249897379499429
414 8667858883734769699429
415 8668982884984149799429
416 8669858688693937099429
417 8678350682989778899429
418 8678887189445888299429
419 8688999757567751399329
420 8689687618654948699429
421 8693687666653978799329
422 8695954599867265699429
423 8696971839949753699429
424 8699976445698457499329
425 8709966775699673599429
426 8729786788840884899329
427 8739684691758885899329
428 8748669972977237899429
429 8752969697293488899329
430 8763749922999836899429
431 8764976297946596699329
432 8776946716998758299429
433 8779897637389393399429
434 8781779899478390699329
435 8788528337989836899329
436 8788627886773993399429
437 8789534858819479799329
438 8789789288536678199329
439 8789899856544774199429
440 8793237798887947399429
441 8793888147929675899429
442 8795288971667765899429
443 8796943375988880799429
444 8797167878648847599329
445 8798159777585578499329
446 8798698769813186599429
447 8798859638976180899329
448 8799457564764886699429
449 8809570689968799199429
450 8814473894879697899329
451 8820899488558876699429
452 8823858399479868599329
453 8824685488967369899429
454 8828691719898386899429
455 8829692779156977799429
456 8837793629785885799329
457 8846958908917794799429
458 8849885444868699199429
459 8849994389099463799429
460 8853682799968835599429
461 8855639359989389299429
462 8861768478938774899429
463 8862546858998397599329
464 8867229898086598699429
465 8868984872457099799429
466 8869446788248975699429
467 8879849095178289899329
468 8879993749354986299329
469 8883978443897848399429
470 8885589889924851599329
471 8886463496999956099429
472 8888578761799387099429
473 8889697183787456599429
474 8889970389955743899329
475 8892984188276778899329
476 8893965998375248799329
477 8894569588929684199429
478 8898571979738179399429
479 8899028669757693799429
480 8899441799398925699329
481 8899788883720917799429
482 8917838898979185199429
483 8921697679960896799429
484 8927488918428969799429
485 8927955872999921899429
486 8928975906859484899429
487 8934974617689974899429
488 8938355668778389799329
489 8939465855928877699429
490 8945998221468999799429
491 8947934698477548899329
492 8956997269427767799329
493 8957094957888367699429
494 8958779950946259799429
495 8959539295671986899429
496 8959697824894916599429
497 8969867377399264799329
498 8969937434569956799429
499 8970791974809968899429
500 8972485168589988599329
501 8973699866445868499329
502 8977763889828555599329
503 8978098368099756799429
504 8978367785988515699329
505 8979547955496287599429
506 8980358677984999199329
507 8984986878595366199329
508 8985079995853783699429
509 8986598175529749799429
510 8986666996990256699329
511 8989289079777666199429
512 8991556893798868199329
513 8993756891596667599429
514 8995783929287868299329
515 8995898488046773799329
516 8995999634450759899429
517 8997284966319688699429
518 8997906267846996599329
519 8998689105998395399429
520 9077788555869693899329
521 9087647638973899799329
522 9089879804757888599329
523 9095798599229199899329
524 9099679993678373599429
525 9129798938973795599329
526 9169869977341978799329
527 9192568949477788799329
528 9199363864867995799429
529 9278668879972419899329
530 9297459956718999199429
531 9324987778787965399429
532 9337857989864993399329
533 9376897268798794099429
534 9378837308899777699429
535 9379951585896997099429
536 9383764799907697699429
537 9383989349884692899329
538 9389429787995863399429
539 9397878329973598499329
540 9398852996476377799429
541 9398969279880194899429
542 9399477397599086699329
543 9423898999950578599429
544 9448565649997378799329
545 9468267996897284599429
546 9479877938796541699429
547 9486368995802989699429
548 9489556356984499699429
549 9493499849575587499429
550 9495097889256994799329
551 9496598969659375099429
552 9497778874576883299429
553 9499947864936473899429
554 9504697787977946599429
555 9536386776777688799329
556 9542885898798912899329
557 9549976194099975899329
558 9558877783448967499429
559 9565893857999663299429
560 9569977926398387399329
561 9587828944198379899429
562 9588845728439799599329
563 9592892496576849799429
564 9617878529739499699429
565 9637527899889447599329
566 9638898592696993199329
567 9644658967667838899329
568 9657646468398759799429
569 9657937769914768699429
570 9673777993179297899329
571 9674779894173899399329
572 9676852783795993699429
573 9679669247069998499329
574 9679969319957936399329
575 9681739795995466699429
576 9688247839883972899429
577 9689688075917864899429
578 9697395921789758699329
579 9697778978612699099329
580 9699167159589882899329
581 9699935944793585599429
582 9706789086859868599429
583 9706997188777448899429
584 9719856992839697299429
585 9719988488749912799329
586 9727794185896986599329
587 9728884579966671799429
588 9738947275879997099329
589 9744494879957776499329
590 9748984149936759799429
591 9756488794963468699429
592 9758692298468867699329
593 9759299589167397599329
594 9765935098835699899429
595 9777454639997973599329
596 9778733597887908599329
597 9778993659147918899329
598 9780878737834869799429
599 9786836797155878699329
600 9786987462975653899429
601 9788378892961869299329
602 9791799758980289399329
603 9794817555699388799329
604 9794948574687960799429
605 9798988225952969399329
606 9812557877777984899429
607 9826724997799654799329
608 9828690825994698799429
609 9839698188556896199429
610 9848966809645838899429
611 9851979092887899199429
612 9853939948576836799429
613 9855622979399981899429
614 9855693088787765899429
615 9857855116999785799429
616 9859968568960479299329
617 9866866698726627899329
618 9868185855058998799429
619 9868518877749870899329
620 9874835979053799799429
621 9877566693781869599329
622 9879057684567976799329
623 9879656169435998599429
624 9889656780880982899429
625 9896282966479977299329
626 9896807462945879899429
627 9898563436699776499429
628 9899689996391090699329
629 9899795864686473299329
630 9905689869759572699329
631 9915966893809776899329
632 9925973978182896899329
633 9935998374869557399429
634 9938915827585598899429
635 9939992752879392799429
636 9948478816485967799329
637 9948888009995762899429
638 9948917439666988399429
639 9950096793788996699329
640 9955797952494298799329
641 9957006987978449899429
642 9959578927456916899429
643 9959857219599971699329
644 9965499735958762799329
645 9966739788909357499429
646 9968302895964789799429
647 9969469668447943699429
648 9977937799972145599429
649 9979590397887906599329
650 9981979615873978399429
651 9983297979770682799429
652 9983857878364458899329
653 9987158537997538799329
654 9988762277948488399429
655 9989699780340399799429
656 9989798851634297599429
657 9989963294877096499429
658 9991685089791948899329
659 9993817994952458899429
660 9994966989860442899329
661 9996399868392327799429
662 9996996270359982899329
663 9999557796773159399329
664 9999757166871848699329
665 9999859793822964199429
