56676324799
373169411809
2121959132809
10180781225809
14328311692789
17429111275789
32594135422789
34327062247789
39262151325799
57404320087789
60760513291789
63116080460809
66105224572789
92054642332789
98606700040789
121265542183789
138111039233809
153806714140789
170408705052799
188470111216789
230432750225809
340235457420799
400417912074799
401325921611809
401328772231789
432321056243809
446122006406809
525031202866789
574535540010799
615680108122789
834432025013809
1004516080028809
1013700481743799
1028042231264809
1037551410075799
1103221597900789
1103602376015809
1113244366323799
1118601527223799
1171111962144799
1221913805061799
1223059503140809
1242016550144809
1246514043360799
1315438300700809
1334861501021809
1350054234454789
1432424630443789
1458601125151789
1512022395050809
1517201432207809
2022529041930799
2137043352212809
2161373512422799
2212041642925789
2212315602083809
2259054412410799
2325171311248789
2364132430043809
2391316353211789
2422377002631799
2454082552101799
2458043710600789
2505320010395809
2533401240047809
2550242600085799
2630201148161809
3022981220208799
3029381153000809
3220104197015809
3230020511486809
3300164723330809
3311682660211789
3382371211144789
3422226312157789
3441112120970809
3625310601233809
3662411416141789
4155207222410809
4351121007655789
4354204341072799
4403250206833789
4438002311063809
4532400420718789
4720134930600799
5101552207138789
5127123354015799
5144435102330809
5203411553146789
5236031236022809
5432448011016799
5522602109610799
5532322203193789
5611143391240789
6003231025931809
6046273014011809
6201015935700799
6228022111604809
6504380160700789
6833351300701789
6917202332220799
7111762302451789
7503026621512789
7812902020202809
8013319050441799
8065112504034799
8508202134511789
9100263190405789
9321050183251789
9627200114300809
10052052439224799
10113042530870809
10310027590812799
10321224328812799
10404634680102799
10502351008627789
10561436121406789
10563110415345799
10627812000930799
11030902323335809
11057333304401809
11063638010812789
11102372606505799
11321184100396789
11345020347212809
11523023037552799
11621409412090789
11975104400107789
12021151810436809
12075331900400809
12114583243240789
12151297046002789
12181456000034809
12201702698110789
12224200215397789
12303024503048809
12504552114532789
12602481503043799
12701068306050799
13019940142015789
13135230253731799
13210392813105799
13220181465430789
13368002106307789
13830014227045789
14020812171382789
14425186150300789
14510417152026799
14530721371105789
15041071521138799
15075141230074789
15083104412182789
15360451041721789
16053203921151799
16341192106024789
16461002420414809
17723031220074799
18212744031421789
18251052530142799
18363052521210799
18410140414524799
18504133107011809
19063121304212809
19410980213011789
20020423834227799
20048330107700809
20078132703060799
20094007205411809
20146001762501809
20210223082908799
20242176370222789
20660523058110799
20850645211010809
21063616060611799
21285512280202789
21400431901707799
21451137019401799
21800532350074789
22045380282004789
22121536171013809
22140693320440789
22220380490422789
22305120837421789
22441013052880789
23093160303162799
23156322814102789
23310102642258799
24112354732401799
24334030110851809
24501110681123809
25603231810270789
26020104704117809
26305072000451809
27022151520453799
30020262339181789
30720308700311809
31690245330130789
31693204211331799
31803592411012789
32141066603120809
32371002775200799
32730541310325799
33070550062027789
33214650305314789
33321115641235789
33360021430721809
33433201074352789
34031155034015809
34106640812050789
34232244340152799
34313042104802809
34507166101060789
34552251114330799
35321710751031799
36143062422402799
36156121063141789
39230293201024789
40059108100304809
40201869055000789
40323407030482789
40344120361624789
40544341120142809
41111163714801799
41120478212620789
41125421059001809
41224031117383789
41231810831017789
41413805512501789
41503420603322809
42240124442640799
42312252023428789
42621401317080799
44241500413290799
45511401305550799
46053601942000789
46132132315117789
46600031123414809
46802151214240789
47203124333223799
48471107220013789
50012526122365789
50417101922035789
50824101066160789
51362010610717789
52400013391542799
52420711642105789
52550071201214809
53093210124540799
53420060334118789
54907430004012799
57001014402267799
58953610010101789
60240122221855789
60804332036023789
61133065101170809
61423321538010799
63150229031210809
63570080034400789
64050431043261799
64221801227400799
64361011354100809
64713350220304789
65421308040114799
66371420090001799
66520340014144789
67081210114350799
70330822541103799
71030094031713799
71363400111481789
72132190130321809
72132430253305789
72354121220505799
73012340050456789
74071301202422809
76000721523312799
79020110941203799
81011412351256789
82081560010144789
90002088700330789
90294222100017799
91208021431333789
92210205631206799
93312051320073799
98877698796976721
100011224915716789
100014623044811809
100024809116412799
100035400627133809
100122239136351799
100382341304334799
100512120156474799
100526111021758789
100801002630761809
101081736071122789
101140367922400789
101413187110821799
101767092006001789
101912603165221789
102003616335406789
102636010105645789
103124221336075789
103600105865104789
103720414701027799
105133123574131789
105149430203512789
105246052026204799
106301540382151789
106323502082502799
106412142914103799
106540100764221799
107727115600120789
108303324531250789
110362500517701799
110401629030062809
110415233482402789
110618013051440809
111027235317024799
111910022221485799
112330512812443789
112820166381001789
113031805110348799
113032095303514789
113042061371055799
113326433411007799
113421020494630789
113590016426010799
114000311907606799
114136139050411789
114212103012957799
114344038314210799
115103123217053809
115111113202763809
116153171350141789
117009260214016789
118630030510840789
119026310241270799
120021126302447809
120515013505903789
120741321035411809
121006314033065809
121052367504003799
121248201110962789
121392470712000799
121425330040446799
121643111012547799
122138406330002809
122183050130265799
122435018410630789
123115311881410789
123132064280210809
123445454102140789
123701608022071789
123723105006307789
125003616401033809
126915004240113799
130051045144313809
130171145013562789
130246110201374809
130265640110541799
130502402297202799
131150194431114799
131244091903003789
131427332030164789
132000055560760789
132144310371162799
132211104210863809
133140622614123799
133210570214416789
133240166221251799
133303307411353789
133661320401041809
134421474001621789
134622016030164799
134710247020053799
135113671140142789
137121310507305799
137130410625024799
139231034005202809
141321457221033799
141470302008432799
141536722141201789
142030643414120809
142200731050622809
142312520031708799
142650146130340789
144830941002400789
148077210014130799
150171267201034789
150297032020711789
150306017012612809
150700030446104809
152021392093002799
152110411218561799
152283200661013789
153030100165172809
153061110231825799
153074253011332789
155223161120411809
156622101212064799
158262033025210789
159031060400028799
160213900923102799
161071154307012799
161145301410260809
162197122020330799
164023325354002789
164072150010354799
171121005662413789
171141000824114809
171474132040150789
172403222172106789
173105200523425789
173233030620081799
176302310137001809
179141002002076789
181120153070240809
181423240140113809
182251013560320799
182351013800125789
184161002071216789
184300107003192799
185110366023004789
185323020211034809
189669882788998721
190431102320045809
195123504123210799
197501208400200799
197611003142401789
199889683587898541
200033163059305789
200067463241032789
200148920153040799
200225632344313789
201033824057005789
201109331160544789
201403251042646789
201501613252371799
201512662242313789
202030913052107809
202060032659410789
202102170384063799
202411405617115789
202891001304423799
203110067417052799
203574200083203799
203825312033422789
204623080130317789
204720242044243789
205146541206301789
206311025309314789
207522600013007809
210330517105232809
210439180200055789
210532613505240799
211020407100656809
211102510450355809
211114023125791789
211302762432610789
211307260121445799
211570213022590789
211834530033142789
212206513534402789
212326224415010809
213518006202450799
213680320101183799
214102780412610799
214408053151231789
214433600425060789
215195249100001789
217742120040370789
220023141503318809
220035253221436789
220326011105633809
220413641124801799
221341602534141799
221524217611401799
221706053000094799
222241930416210799
222320512081453789
222404119240161799
223161301311920809
223580330700123799
224100560841015799
224827200233113789
225012512170151809
230222072465401789
231005027452621789
231246043062110809
232341633138001789
232420121513365789
233740260013108789
233844120131008789
235001220430346809
235225230430612789
237421120082260789
240619040420421799
241162026524004799
243086610110021809
243200114022851809
243201233261065789
244031103650182789
248102470341112789
250040482322017789
250151302511081809
251433433202800789
252130026703413799
252406000442181799
260220504703130809
260433610007520799
263035806030013789
266513011012327789
272209310535010789
273332037022060789
274631104103151799
275154010012160809
276211222433004799
283033001641206799
290899978994698721
291101024528130799
299077799898886721
300036403500308809
300150394043152789
300183140500357789
300207123434307799
300311710307086789
300691106050103809
302017252521910789
302131064151440809
302453046130405789
303221423646220789
303413116351270789
303914211411207799
304552503112027789
305634465022000789
308111504302408789
310674602111260789
311211250083026809
311271035514024799
311497122201060799
312520800908101789
313011313617424789
313220020426735789
314321520920021809
314341400119441789
316034421120805789
320117420505203809
320310072941102809
320530304526200809
321014002057555789
321060160161921799
321222430634502799
321315606016221799
323103026381305789
324002233018543789
325135521611014789
325307931010141789
329001183216102799
329115011620243789
330024100203877789
330120332526406789
330209046112112809
330381325210103809
331502130715341799
332200512041642809
332618321060041789
336208212222052789
336210150133443799
340012113282008809
340146053050225789
340313031431603809
340375203323013799
340536606024001789
340948031023021789
341006031505124809
341189313110032789
341300055021092809
342120461361331789
344221632021073789
347451321402120799
348000031676001799
351028001420266789
353421513017004799
360613118150220799
361190022079000789
363622334311021789
365230051019000809
370671702010041799
376401032432220799
376938749999895731
386769999659956721
389869665689698541
397669598928997541
400341133433190799
400402124641070809
400600284033028789
401410273002290809
401437212141541789
402020066030750809
403069260031023799
403526136102213799
404536142133202789
405154702013241799
405423313512033799
408020509107300799
410550210262281799
412204180261305799
412490214500170789
413016290141250799
414302303170614799
420039714601201789
420501010262192809
421211311656151789
423300151422535789
424520110216326799
430020700530808789
430170005209530799
431111928411103789
431440455111052789
431518502001522799
434312101271600809
436422511104232789
440500141164253789
440502621722112799
440540101356150799
441010032169513789
441246001022248789
445604151010405789
446142471222100789
447036100072501789
451105002315445789
452102200700736799
452122100039042809
452204321230430809
452230210104367789
452631063110120809
456121415201003809
459112321115023789
460100206550371789
461542300234041799
462047110302703789
462140570126020789
465090021230620789
473221036051150789
476894979597957731
485798897777694731
499867791993798731
500629010071125799
500820432319002799
501501245651212789
502150590124041799
502350705003226789
503001002027726809
503027111555400799
504702047035002799
504924251140003789
506030172063002809
506756030210005789
508073115221103799
510252700382220799
510880081012005799
510900024216014809
511306642207300789
513219007305030799
514200094341330799
514703720312203789
520132041346301809
520141432530505789
520313110540393789
520434440200327789
521117051310008809
521340030514417789
521831434121121799
522031080023157799
522061211281314799
523431553102033789
524190028001215789
524343004030704799
530040141025474789
531001155315027799
532000714406300809
532552000102352809
533024373211024789
534120518230105789
535302005502343789
539999769878908721
542620000080282799
545001160273222789
547121000154216799
548699982798796541
555303012230042809
558785875987788551
560414305601320789
562195010100145789
562598597978988731
564002332150206799
565988995895847731
566260504014000799
574201054201252789
577799388495888551
588909988998645551
594946766989698731
596769587797578731
597984877779846731
598479589997584721
598888749854788721
600064042216333789
600260520600526789
602111435143112809
602118651440010799
604224430317202789
604432034331110809
609021262170400789
611425043143500799
616111508210133799
620721127324002799
621001044015466789
621271203051613789
622100050212626809
622120751901301789
636402251315010799
638997978774894731
640512071314100809
640551010724112799
641122211824033789
642311172172101799
643006440252300799
645975588969978551
651503028502111789
653311560153100789
654550102532020789
657788968778488721
657989572989993731
658300212104341789
659657788898793551
667678595989686551
669597566977968731
671113510051063789
675976898977927721
678997778697438731
688736978799675551
688999717789468721
688999876457947541
689473988849967551
691230130801005799
692593020040000789
692998976729886551
694798699958476721
698249996993986721
698929995639966551
698998679792097551
699598972289697731
699675867688696721
699888856492995551
699985993998381731
700006316142104809
700612023001287799
701326240011255799
705202140310474789
710051035350144799
710246101563112789
710300011372383799
710540101350323809
715500025122203809
716839998788968541
718003282320130789
740524300521402799
744315023113510789
747844678997898551
748958759982978731
752302402101066799
752521025310133789
760111412038410799
760500127412041789
769957699891785551
771015115003072789
779670499878978551
779884769598864551
779999882096977721
789536598999676721
789589999779414551
789714758987988551
789938628978993731
790668999779973551
792999599583876551
793599773978985551
794874999976980731
794999766628987541
796491998899936721
799398899571688721
799498927779478541
799979889431698721
799998687992680721
800004030336327799
801111151611850789
801202907720010799
801215540051404789
803196100012332799
803601673300011799
804502065012231799
811151421004511809
820101022560472789
820120160584300789
838819877799966731
838898859929577731
848197949768898551
849599794839895721
854000541028021789
857865649979887541
858889993897573721
858989873709897731
862115331013015789
862321021415023789
868897887747928541
868994993498946551
869963478789877541
874694888897568731
876688998680877731
879997599154878551
886899966589915541
886918974986598551
889286589964888541
891869788989654551
895578778889728541
896777879883981731
897978813959994731
897995965449796541
898687649696586551
898846869168987731
898957925378988731
898978487539857731
899199973489857731
899395978796458721
901103312633340799
905532234220101799
906898998949954541
908000301630361789
908461000110316789
910117271320105789
910542610040111809
912100130217170809
915160002270330799
915893668989988721
920086101030801799
922127400711102799
923273000217220789
944110082901001789
948967297879992551
949984782599976731
949988972785858541
959498977479594551
959989169847697721
960011202903601789
960300340313340799
962101903020106789
969387979978464731
971999966286978731
973000501310312809
977798856883948721
978586986594498551
978847626788898551
978937667938987721
979889969098860551
986779844989926551
986884597696983731
987399939887908721
987874997454897551
987878945296888721
988097999899632731
988666787879880731
989850997794768731
989929878985591541
992899897267578551
994679991979684541
994782857978995721
995879798942298731
995967985598970731
997494895796937731
997747199989845731
997899673997265731
997996743989790731
998687926968936551
998877629599863731
998896787226897551
998976796834768541
999259996858945721
999746989338957551
