# Count of the first 10^n primes by decimal digit content.
# Generated by digitprimes (single ordered pass over all primes with primesieve).
#
# n, 10^n-th prime, then for d = 0..9 the count with no digit d.
n,nth_prime,no_0,no_1,no_2,no_3,no_4,no_5,no_6,no_7,no_8,no_9
0,2,1,1,0,1,1,1,1,1,1,1
1,29,10,6,7,7,10,9,10,8,10,8
2,541,91,54,77,54,75,85,90,67,92,69
3,7919,819,532,697,534,721,708,719,539,816,620
4,104729,7122,4675,6497,4909,6637,6635,6696,5034,6712,5010
5,1299709,61702,34425,55552,45405,60605,60640,60845,45549,60867,45732
6,15485863,557224,262549,512100,385008,514809,535534,554933,416913,555878,418142
7,179424673,5062320,2051466,4710641,3539880,4730382,4737129,4742037,3570781,5026796,3785060
8,2038074743,45002763,16831152,42205969,32260781,43254591,43297195,43331008,32517377,43410238,32579606
9,22801763489,395879190,155616459,341224891,294001190,392344689,392641522,392875212,294828478,395243878,296601070
10,252097800623,3579400605,1529462564,2787791578,2564080248,3421561753,3536880527,3573268469,2681147149,3576361255,2683254222
11,2760727302517,32487367715,14830618421,22971326749,23271246324,31049600245,31067514571,31207451849,23720397369,32461990759,24354108057
12,29996224275833,294505958253,141585123501,190650687957,211753431947,282499317912,282635824867,282765603085,212156228217,282971130960,212324183352
13,323780508946331,2572084882736,1266309423393,1761252701672,1770118421758,2565954604082,2567010423857,2567938055999,1926738759318,2570658222631,1928516761196

# OEIS sequences, 'no digit d' (a(0)..a(13)):
# A231412 (no 0): 1, 10, 91, 819, 7122, 61702, 557224, 5062320, 45002763, 395879190, 3579400605, 32487367715, 294505958253, 2572084882736,
# A228413 (no 1): 1, 6, 54, 532, 4675, 34425, 262549, 2051466, 16831152, 155616459, 1529462564, 14830618421, 141585123501, 1266309423393,
# A228414 (no 2): 0, 7, 77, 697, 6497, 55552, 512100, 4710641, 42205969, 341224891, 2787791578, 22971326749, 190650687957, 1761252701672,
# A228415 (no 3): 1, 7, 54, 534, 4909, 45405, 385008, 3539880, 32260781, 294001190, 2564080248, 23271246324, 211753431947, 1770118421758,
# A228416 (no 4): 1, 10, 75, 721, 6637, 60605, 514809, 4730382, 43254591, 392344689, 3421561753, 31049600245, 282499317912, 2565954604082,
# A228417 (no 5): 1, 9, 85, 708, 6635, 60640, 535534, 4737129, 43297195, 392641522, 3536880527, 31067514571, 282635824867, 2567010423857,
# A228418 (no 6): 1, 10, 90, 719, 6696, 60845, 554933, 4742037, 43331008, 392875212, 3573268469, 31207451849, 282765603085, 2567938055999,
# A228419 (no 7): 1, 8, 67, 539, 5034, 45549, 416913, 3570781, 32517377, 294828478, 2681147149, 23720397369, 212156228217, 1926738759318,
# A228420 (no 8): 1, 10, 92, 816, 6712, 60867, 555878, 5026796, 43410238, 395243878, 3576361255, 32461990759, 282971130960, 2570658222631,
# A228421 (no 9): 1, 8, 69, 620, 5010, 45732, 418142, 3785060, 32579606, 296601070, 2683254222, 24354108057, 212324183352, 1928516761196,

# OEIS sequences, 'at least one digit d' = 10^n - no_d (a(1)..):
# A231726 (>=1 0): 0, 9, 181, 2878, 38298, 442776, 4937680, 54997237, 604120810, 6420599395, 67512632285, 705494041747, 7427915117264,
# A231787 (>=1 1): 4, 46, 468, 5325, 65575, 737451, 7948534, 83168848, 844383541, 8470537436, 85169381579, 858414876499, 8733690576607,
# A231788 (>=1 2): 3, 23, 303, 3503, 44448, 487900, 5289359, 57794031, 658775109, 7212208422, 77028673251, 809349312043, 8238747298328,
# A231789 (>=1 3): 3, 46, 466, 5091, 54595, 614992, 6460120, 67739219, 705998810, 7435919752, 76728753676, 788246568053, 8229881578242,
# A231790 (>=1 4): 0, 25, 279, 3363, 39395, 485191, 5269618, 56745409, 607655311, 6578438247, 68950399755, 717500682088, 7434045395918,
# A231792 (>=1 5): 1, 15, 292, 3365, 39360, 464466, 5262871, 56702805, 607358478, 6463119473, 68932485429, 717364175133, 7432989576143,
# A231793 (>=1 6): 0, 10, 281, 3304, 39155, 445067, 5257963, 56668992, 607124788, 6426731531, 68792548151, 717234396915, 7432061944001,
# A231794 (>=1 7): 2, 33, 461, 4966, 54451, 583087, 6429219, 67482623, 705171522, 7318852851, 76279602631, 787843771783, 8073261240682,
# A231795 (>=1 8): 0, 8, 184, 3288, 39133, 444122, 4973204, 56589762, 604756122, 6423638745, 67538009241, 717028869040, 7429341777369,
# A231796 (>=1 9): 2, 31, 380, 4990, 54268, 581858, 6214940, 67420394, 703398930, 7316745778, 75645891943, 787675816648, 8071483238804,
