2 24
3 500
4 1060
5 11707
6 59201
7 48672
8 298688
9 3203175
10 4425804
11 2238736
12 7946227
13 162216127
14 359949655
15 282010252
16 102981504
17 217401554
18 8179857079
19 26945799212
20 29086956358
21 16580215072
22 4737148480
23 6071726520
24 413098084569
25 1936986606505
26 2730620544737
27 2040743061784
28 928646763600
29 217908828672
30 172218479774
31 20947504620559
32 136237276258906
33 243794643167537
34 223089242301790
35 132014359862752
36 50351768747072
37 10023806116096
38 4945620426880
39 1069899937649401
40 9458503109455193
41 21085020016366854
42 22932624809115449
43 16278809832673900
44 8094551995005200
45 2667346176625088
46 461095081334784
