# A001210: n=1..90. n=1..67 Challis & Robinson (2010); n=68..90 from their July 2013 addendum (h-ranges re-verified).
1 5
2 16
3 36
4 70
5 126
6 216
7 345
8 512
9 797
10 1055
11 1475
12 2047
13 2659
14 3403
15 4422
16 5629
17 6865
18 8669
19 10835
20 12903
21 15785
22 18801
23 22456
24 26469
25 31108
26 36949
27 42744
28 49436
29 57033
30 66771
31 75558
32 86303
33 96852
34 110253
35 123954
36 140688
37 158389
38 178811
39 197293
40 223580
41 247194
42 273443
43 300747
44 331461
45 368894
46 401350
47 443231
48 490325
49 536399
50 586322
51 634430
52 699698
53 754166
54 823136
55 892139
56 968914
57 1052562
58 1150377
59 1236682
60 1325927
61 1420882
62 1547688
63 1678695
64 1782370
65 1888725
66 2036874
67 2165553
68 2330896
69 2496702
70 2653201
71 2846834
72 3047485
73 3250580
74 3429203
75 3629795
76 3864527
77 4103963
78 4416370
79 4643287
80 4975426
81 5223883
82 5519971
83 5796515
84 6139689
85 6513282
86 6912409
87 7258582
88 7677138
89 8029729
90 8525267
