# A001209: n=1..302. n=1..54 Challis & Robinson (2010) Table; n=55..302 from the three formula families (A/B/C) with coefficient table of the July 2013 addendum, each basis re-verified by direct h-range computation.
1 4
2 12
3 24
4 44
5 71
6 114
7 165
8 234
9 326
10 427
11 547
12 708
13 873
14 1094
15 1383
16 1650
17 1935
18 2304
19 2782
20 3324
21 3812
22 4368
23 5130
24 5892
25 6745
26 7880
27 8913
28 9919
29 11081
30 12376
31 13932
32 15657
33 17242
34 18892
35 21061
36 23445
37 25553
38 27978
39 31347
40 33981
41 36806
42 39914
43 43592
44 47536
45 51218
46 54900
47 59702
48 63891
49 69362
50 74348
51 81303
52 86751
53 92199
54 97836
55 105620
56 113145
57 120248
58 127351
59 136173
60 143814
61 153532
62 162411
63 175287
64 185059
65 194831
66 204603
67 217764
68 230556
69 242728
70 254900
71 269518
72 282388
73 298358
74 312665
75 333693
76 349623
77 365553
78 381483
79 401660
80 421729
81 440942
82 460155
83 482669
84 502822
85 527172
86 549182
87 580803
88 605049
89 629295
90 653541
91 682832
92 712512
93 741062
94 769612
95 802446
96 832214
97 867442
98 899620
99 944787
100 979831
101 1014875
102 1049919
103 1090692
104 1132641
105 1173148
106 1213655
107 1259566
108 1301596
109 1350524
110 1395598
111 1457703
112 1506351
113 1554999
114 1603647
115 1658540
116 1715740
117 1771148
118 1826556
119 1889218
120 1945888
121 2011662
122 2072684
123 2155497
124 2220879
125 2286261
126 2351643
127 2423564
128 2499321
129 2572898
130 2646475
131 2729538
132 2803898
133 2889988
134 2970334
135 3078003
136 3163573
137 3249143
138 3334713
139 3426840
140 3524784
141 3620122
142 3715460
143 3822934
144 3918575
145 4028522
146 4131892
147 4268943
148 4378479
149 4488015
150 4597551
151 4715771
152 4837417
153 4958432
154 5079447
155 5215702
156 5337071
157 5474172
158 5604590
159 5775927
160 5913531
161 6051135
162 6188739
163 6338076
164 6486396
165 6637328
166 6788260
167 6958026
168 7109367
169 7277734
170 7439548
171 7650453
172 7820551
173 7990649
174 8160747
175 8346237
176 8524785
177 8710198
178 8895611
179 9103978
180 9289859
181 9493892
182 9691774
183 9947907
184 10155249
185 10362591
186 10569933
187 10796990
188 11009536
189 11234318
190 11459100
191 11711518
192 11936831
193 12181218
194 12420164
195 12727563
196 12977223
197 13226883
198 13476543
199 13750959
200 14001489
201 14270852
202 14540215
203 14842494
204 15112455
205 15402172
206 15687502
207 16052583
208 16349959
209 16647335
210 16944711
211 17272656
212 17565513
213 17884852
214 18204332
215 18562642
216 18882791
217 19223102
218 19560460
219 19990017
220 20340831
221 20691645
222 21042459
223 21430481
224 21776240
225 22145258
226 22520715
227 22941586
228 23317787
229 23714244
230 24109598
231 24610803
232 25021101
233 25431399
234 25841697
235 26296722
236 26701399
237 27124898
238 27562516
239 28052838
240 28491279
241 28949722
242 29409364
243 29989767
244 30465919
245 30942071
246 31418223
247 31947555
248 32417490
249 32900488
250 33414200
251 33973798
252 34480991
253 35007548
254 35538675
255 36205623
256 36754323
257 37303023
258 37851723
259 38463044
260 39004901
261 39552632
262 40151151
263 40785754
264 41368535
265 41969622
266 42581613
267 43340973
268 43969239
269 44597505
270 45225771
271 45927141
272 46547908
273 47168675
274 47857946
275 48573882
276 49239411
277 49921732
278 50622399
279 51482307
280 52197481
281 52912655
282 53627829
283 54427686
284 55134675
285 55841664
286 56623397
287 57428806
288 58183007
289 58953554
290 59751069
291 60720003
292 61529751
293 62339499
294 63149247
295 64056407
296 64857254
297 65658101
298 66540204
299 67451530
300 68292599
301 69158652
302 70061547
