# A084193: extended using only proven values; stops at first unknown entry (7, 9, 16)
0 1
1 2
2 2
3 3
4 4
5 3
6 4
7 7
8 8
9 4
10 5
11 10
12 15
13 12
14 5
15 6
16 14
17 26
18 24
19 16
20 6
21 7
22 18
23 35
24 44
25 36
26 20
27 7
28 8
29 23
30 52
31 71
32 70
33 52
34 26
35 8
36 9
37 28
38 69
39 114
40 126
41 108
42 70
43 32
44 9
45 10
46 34
47 89
48 165
49 216
50 211
51 162
52 93
53 40
54 10
55 11
56 40
57 112
58 234
59 345
60 388
61 336
62 228
63 121
64 46
65 11
66 12
67 47
68 146
69 326
70 512
71 664
72 638
73 524
74 310
75 154
76 54
77 12
78 13
79 54
80 172
81 427
82 797
83 1045
84 1137
85 1007
86 726
87 422
88 186
89 64
90 13
91 14
92 62
93 212
94 547
95 1055
96 1617
97 2001
98 1911
99 1545
100 1016
101 550
102 225
103 72
104 14
105 15
106 70
107 259
108 708
109 1475
110 2510
111 3191
112 3485
