# A084192: extended using only proven values; stops at first unknown entry (5, 11, 16)
0 1
1 2
2 2
3 3
4 4
5 3
6 4
7 8
8 7
9 4
10 5
11 12
12 15
13 10
14 5
15 6
16 16
17 24
18 26
19 14
20 6
21 7
22 20
23 36
24 44
25 35
26 18
27 7
28 8
29 26
30 52
31 70
32 71
33 52
34 23
35 8
36 9
37 32
38 70
39 108
40 126
41 114
42 69
43 28
44 9
45 10
46 40
47 93
48 162
49 211
50 216
51 165
52 89
53 34
54 10
55 11
56 46
57 121
58 228
59 336
60 388
61 345
62 234
63 112
64 40
65 11
66 12
67 54
68 154
69 310
70 524
71 638
72 664
73 512
74 326
75 146
76 47
77 12
78 13
79 64
80 186
81 422
82 726
83 1007
84 1137
85 1045
86 797
87 427
88 172
89 54
90 13
91 14
92 72
93 225
94 550
95 1016
96 1545
97 1911
98 2001
99 1617
100 1055
101 547
102 212
103 62
104 14
105 15
106 80
107 271
108 700
