# A196416: extended using only proven values; stops at first unknown entry (7, 9, 16)
0 1
1 1
2 1
3 1
4 2
5 1
6 1
7 3
8 3
9 1
10 1
11 4
12 5
13 4
14 1
15 1
16 5
17 8
18 9
19 5
20 1
21 1
22 6
23 11
24 16
25 13
26 6
27 1
28 1
29 7
30 15
31 27
32 25
33 17
34 7
35 1
36 1
37 8
38 19
39 36
40 45
41 37
42 21
43 8
44 1
45 1
46 9
47 24
48 53
49 72
50 71
51 53
52 27
53 9
54 1
55 1
56 10
57 29
58 70
59 115
60 127
61 109
62 71
63 33
64 10
65 1
66 1
67 11
68 35
69 90
70 166
71 217
72 212
73 163
74 94
75 41
76 11
77 1
78 1
79 12
80 41
81 113
82 235
83 346
84 389
85 337
86 229
87 122
88 47
89 12
90 1
91 1
92 13
93 48
94 147
95 327
96 513
97 665
98 639
99 525
100 311
101 155
102 55
103 13
104 1
105 1
106 14
107 55
108 173
109 428
110 798
111 1046
112 1138
113 1008
114 727
115 423
116 187
117 65
118 14
119 1
120 1
121 15
122 63
123 213
124 548
125 1056
126 1618
127 2002
128 1912
129 1546
130 1017
131 551
132 226
133 73
134 15
135 1
136 1
137 16
138 71
139 260
140 709
141 1476
142 2511
143 3192
144 3486
