7201732 7201733
7201790 7201791
7201845 7201846
7201865 7201866
7201882 7201883
7201889 7201891
7201893 7201896
7201899 7201902
7201905 7205245
7175245 7180245
7160245 7165245
7135245 7140245
7125245 7130245
7115245 7120245
7095245 7100245
7075245 7080245
7065809 7065811
7065823 7065825
7065829 7065831
7065834 7070245
7050245 7055245
7035245 7040245
7025245 7030245
7010245 7015245
6995245 7000245
6985245 6990245
6965245 6970245
6955245 6960245
6945245 6950245
6935245 6940245
6910245 6915245
6900245 6905245
6890245 6895245
6865245 6870245
6860245 6865245
6850245 6855245
6830245 6835245
6820245 6825245
6810245 6815245
6785245 6790245
6780245 6785245
6770245 6775245
6745245 6750245
6735245 6740245
6725245 6730245
6705245 6710245
6695245 6700245
6685245 6690245
6665245 6670245
6655245 6660245
6645245 6650245
6620245 6625245
6610245 6615245
6605245 6610245
6580245 6585245
6570245 6575245
6560245 6565245
6540245 6545245
6530245 6535245
6520245 6525245
6500245 6505245
6490245 6495245
6480245 6485245
6460245 6465245
6445245 6450245
6435245 6440245
6425245 6430245
6410245 6415245
6400245 6405245
6385245 6390245
6370245 6375245
6360245 6365245
6350245 6355245
6335245 6340245
6325245 6330245
6310245 6315245
6295245 6300245
6285245 6290245
6275245 6280245
6260245 6265245
6250245 6255245
6235245 6240245
6220245 6225245
6205245 6210245
6195245 6200245
6190245 6195245
6170245 6175245
6160245 6165245
6150245 6155245
6130245 6135245
6120245 6125245
6115245 6120245
6095245 6100245
6085245 6090245
6075245 6080245
6055245 6060245
6045245 6050245
6035245 6040245
6020245 6025245
6010245 6015245
6000245 6005245
5980245 5985245
5970245 5975245
5960245 5965245
5945245 5950245
5935245 5940245
5925245 5930245
5905245 5910245
5895245 5900245
5885245 5890245
5870245 5875245
5860245 5865245
5850245 5855245
5830245 5835245
5820245 5825245
5810245 5815245
5795245 5800245
5785245 5790245
5775245 5780245
5760245 5765245
5745245 5750245
5735245 5740245
5720245 5725245
5710245 5715245
5700245 5705245
5685245 5690245
5670245 5675245
5660245 5665245
5645245 5650245
5630245 5635245
5625245 5630245
5610245 5615245
5595245 5600245
5585245 5590245
5570245 5575245
5555245 5560245
5550245 5555245
5535245 5540245
5520245 5525245
5510245 5515245
5495245 5500245
5480245 5485245
5475245 5480245
5460245 5465245
5445245 5450245
5435245 5440245
5420245 5425245
5405245 5410245
5395245 5400245
5385245 5390245
5375245 5380245
5360245 5365245
5345245 5350245
5335245 5340245
5320245 5325245
5310245 5315245
5300245 5305245
5285245 5290245
5270245 5275245
5260245 5265245
5245245 5250245
5230245 5235245
5225245 5230245
5210245 5215245
5195245 5200245
5185245 5190245
5170245 5175245
5155245 5160245
5150245 5155245
5135245 5140245
5120245 5125245
5110245 5115245
5095245 5100245
5080245 5085245
5075245 5080245
5060245 5065245
5045245 5050245
5035245 5040245
5020245 5025245
5005245 5010245
4995245 5000245
4990245 4995245
4970245 4975245
4960245 4965245
4950245 4955245
4930245 4935245
4920245 4925245
4915245 4920245
4895245 4900245
4885245 4890245
4875245 4880245
4855245 4860245
4845245 4850245
4840245 4845245
4820245 4825245
4810245 4815245
4800245 4805245
4780245 4785245
4770245 4775245
4760245 4765245
4745245 4750245
4735245 4740245
4725245 4730245
4705245 4710245
4695245 4700245
4685245 4690245
4670245 4675245
4660245 4665245
4650245 4655245
4630245 4635245
4620245 4625245
4610245 4615245
4595245 4600245
4585245 4590245
4575245 4580245
4560245 4565245
4545245 4550245
4535245 4540245
4520245 4525245
4510245 4515245
4500245 4505245
4485245 4490245
4470245 4475245
4460245 4465245
4445245 4450245
4435245 4440245
4425245 4430245
4410245 4415245
4395245 4400245
4385245 4390245
4370245 4375245
4355245 4360245
4350245 4355245
4335245 4340245
4320245 4325245
4310245 4315245
4295245 4300245
4280245 4285245
4275245 4280245
4260245 4265245
4245245 4250245
4230245 4235245
4220245 4225245
4205245 4210245
4190245 4195245
4185245 4190245
4175245 4180245
4155245 4160245
4145245 4150245
4135245 4140245
4115245 4120245
4110245 4115245
4100245 4105245
4080245 4085245
4070245 4075245
4060245 4065245
4040245 4045245
4035245 4040245
4025245 4030245
4005245 4010245
3995245 4000245
3985245 3990245
3965245 3970245
3955245 3960245
3950245 3955245
3930245 3935245
3920245 3925245
3910245 3915245
3890245 3895245
3880245 3885245
3875245 3880245
3855245 3860245
3845245 3850245
3835245 3840245
3815245 3820245
3805245 3810245
3795245 3800245
3785245 3790245
3770245 3775245
3760245 3765245
3745245 3750245
3730245 3735245
3720245 3725245
3710245 3715245
3695245 3700245
3685245 3690245
3670245 3675245
3655245 3660245
3645245 3650245
3635245 3640245
3620245 3625245
3610245 3615245
3595245 3600245
3580245 3585245
3570245 3575245
3555245 3560245
3545245 3550245
3535245 3540245
