7173558 7173593
7173599 7173605
7173610 7173618
7173624 7173630
7173635 7173642
7173647 7173654
7173659 7175245
7130245 7135245
7085245 7090245
7045245 7050245
7005245 7010245
6960245 6965245
6920245 6925245
6880245 6885245
6840245 6845245
6800245 6805245
6765245 6770245
6720245 6725245
6675245 6680245
6635245 6640245
6595245 6600245
6555245 6560245
6510245 6515245
6475245 6480245
6430245 6435245
6395245 6400245
6355245 6360245
6320245 6325245
6280245 6285245
6245245 6250245
6210245 6215245
6175245 6180245
6135245 6140245
6100245 6105245
6060245 6065245
6025245 6030245
5985245 5990245
5950245 5955245
5910245 5915245
5880245 5885245
5840245 5845245
5805245 5810245
5765245 5770245
5730245 5735245
5690245 5695245
5655245 5660245
5615245 5620245
5580245 5585245
5540245 5545245
5505245 5510245
5465245 5470245
5425245 5430245
5390245 5395245
5350245 5355245
5315245 5320245
5275245 5280245
5240245 5245245
5200245 5205245
5165245 5170245
5125245 5130245
5090245 5095245
5050245 5055245
5015245 5020245
4975245 4980245
4940245 4945245
4900245 4905245
4870245 4875245
4830245 4835245
4795245 4800245
4755245 4760245
4720245 4725245
4680245 4685245
4645245 4650245
4605245 4610245
4570245 4575245
4530245 4535245
4495245 4500245
4455245 4460245
4420245 4425245
4380245 4385245
4345245 4350245
4305245 4310245
4270245 4275245
4235245 4240245
4200245 4205245
4160245 4165245
4120245 4125245
4085245 4090245
4045245 4050245
4010245 4015245
3970245 3975245
3935245 3940245
3895245 3900245
3865245 3870245
3825245 3830245
3790245 3795245
3750245 3755245
3715245 3720245
3675245 3680245
3640245 3645245
3600245 3605245
3565245 3570245
3529181 3530245
