27851 27852
27885 27887
27929 27930
27935 27937
27960 27968
27969 28000
28000 30000
32000 34000
38000 40000
42000 44000
48000 50000
52000 54000
58000 60000
62000 64000
68000 70000
72000 74000
78000 80000
82000 84000
88000 90000
92000 94000
98000 100000
102000 104000
108000 110000
112000 114000
118000 120000
122000 124000
128000 130000
130000 132000
134000 136000
140000 142000
144000 146000
150000 152000
154000 156000
160000 162000
164000 166000
170000 172000
174000 176000
180000 182000
184000 186000
190000 192000
194000 196000
200000 202000
204000 206000
210000 212000
214000 216000
220000 222000
224000 226000
230000 232000
232000 234000
236000 238000
242000 244000
246000 248000
252000 254000
256000 258000
262000 264000
266000 268000
272000 274000
276000 278000
282000 284000
286000 288000
292000 294000
296000 298000
302000 304000
306000 308000
312000 314000
316000 318000
322000 324000
326000 328000
332000 334000
334000 336000
338000 340000
344000 346000
348000 350000
354000 356000
358000 360000
364000 366000
368000 370000
374000 376000
378000 380000
384000 386000
388000 390000
394000 396000
398000 400000
404000 406000
408000 410000
414000 416000
418000 420000
424000 426000
428000 430000
434000 436000
436000 438000
440000 442000
446000 448000
450000 452000
456000 458000
460000 462000
466000 468000
470000 472000
476000 478000
480000 482000
486000 488000
490000 492000
496000 498000
500000 502000
506000 508000
510000 512000
516000 518000
520000 522000
526000 528000
530000 532000
536000 538000
538000 540000
542000 544000
548000 550000
552000 554000
558000 560000
562000 564000
568000 570000
572000 574000
578000 580000
582000 584000
588000 590000
592000 594000
598000 600000
602000 604000
608000 610000
612000 614000
618000 620000
622000 624000
628000 630000
632000 634000
638000 640000
640000 642000
644000 646000
650000 652000
654000 656000
660000 662000
664000 666000
670000 672000
674000 676000
680000 682000
684000 686000
690000 692000
694000 696000
700000 702000
704000 706000
710000 712000
714000 716000
720000 722000
724000 726000
730000 732000
734000 734593
