30000 32000
34000 36000
40000 42000
44000 46000
50000 52000
54000 56000
60000 62000
64000 66000
70000 72000
74000 76000
80000 82000
84000 86000
90000 92000
94000 96000
100000 102000
104000 106000
110000 112000
114000 116000
120000 122000
124000 126000
132000 134000
136000 138000
142000 144000
146000 148000
152000 154000
156000 158000
162000 164000
166000 168000
172000 174000
176000 178000
182000 184000
186000 188000
192000 194000
196000 198000
202000 204000
206000 208000
212000 214000
216000 218000
222000 224000
226000 228000
234000 236000
238000 240000
244000 246000
248000 250000
254000 256000
258000 260000
264000 266000
268000 270000
274000 276000
278000 280000
284000 286000
288000 290000
294000 296000
298000 300000
304000 306000
308000 310000
314000 316000
318000 320000
324000 326000
328000 330000
336000 338000
340000 342000
346000 348000
350000 352000
356000 358000
360000 362000
366000 368000
370000 372000
376000 378000
380000 382000
386000 388000
390000 392000
396000 398000
400000 402000
406000 408000
410000 412000
416000 418000
420000 422000
426000 428000
430000 432000
438000 440000
442000 444000
448000 450000
452000 454000
458000 460000
462000 464000
468000 470000
472000 474000
478000 480000
482000 484000
488000 490000
492000 494000
498000 500000
502000 504000
508000 510000
512000 514000
518000 520000
522000 524000
528000 530000
532000 534000
540000 542000
544000 546000
550000 552000
554000 556000
560000 562000
564000 566000
570000 572000
574000 576000
580000 582000
584000 586000
590000 592000
594000 596000
600000 602000
604000 606000
610000 612000
614000 616000
620000 622000
624000 626000
630000 632000
634000 636000
642000 644000
646000 648000
652000 654000
656000 658000
662000 664000
666000 668000
672000 674000
676000 678000
682000 684000
686000 688000
692000 694000
696000 698000
702000 704000
706000 708000
712000 714000
716000 718000
722000 724000
726000 728000
732000 734000
