403676 404000
412000 412676
423676 424000
432000 432676
444676 445676
474676 475676
494676 495676
504676 505676
515110 516000
524000 524110
534110 535110
546110 547110
556110 557110
567110 568000
576000 577110
587110 588000
596000 596110
597110 598000
606000 606110
607110 608000
616000 616110
626110 628000
636000 636110
648110 649110
658110 659110
668110 669110
679110 680000
688000 688110
689110 690000
698000 698110
699110 700000
708000 708110
709110 710000
718000 718110
719110 720000
728000 728110
