7150245 7155245
7100245 7105245
7060245 7065245
7015245 7020245
6970245 6975245
6930245 6935245
6885245 6890245
6845245 6850245
6795245 6800245
6750245 6755245
6715245 6720245
6670245 6675245
6630245 6635245
6590245 6595245
6545245 6550245
6505245 6510245
6474772 6474773
6474790 6474801
6474802 6475245
6455245 6460245
6415245 6420245
6380245 6385245
6340245 6345245
6300245 6305245
6265245 6270245
6225245 6230245
6185245 6190245
6145245 6150245
6105245 6110245
6070245 6075245
6030245 6035245
5995245 6000245
5955245 5960245
5915245 5920245
5875245 5880245
5835245 5840245
5790245 5795245
5755245 5760245
5715245 5720245
5680245 5685245
5640245 5645245
5600245 5605245
5565245 5570245
5525245 5530245
5490245 5495245
5450245 5455245
5410245 5415245
5370245 5375245
5330245 5335245
5290245 5295245
5255245 5260245
5215245 5220245
5180245 5185245
5140245 5145245
5100245 5105245
5065245 5070245
5025245 5030245
4985245 4990245
4945245 4950245
4905245 4910245
4865245 4870245
4825245 4830245
4790245 4795245
4750245 4755245
4710245 4715245
4675245 4680245
4635245 4640245
4590245 4595245
4555245 4560245
4515245 4520245
4480245 4485245
4440245 4445245
4400245 4405245
4365245 4370245
4325245 4330245
4290245 4295245
4250245 4255245
4210245 4215245
4170245 4175245
4130245 4135245
4090245 4095245
4055245 4060245
4015245 4020245
3980245 3985245
3940245 3945245
3900245 3905245
3860245 3865245
3820245 3825245
3780245 3785245
3740245 3745245
3700245 3705245
3665245 3670245
3625245 3630245
3590245 3595245
3550245 3555245
