7185245 7190245
7165245 7170245
7140245 7145245
7120245 7125245
7105245 7110245
7080245 7085245
7070245 7075245
7055245 7060245
7030245 7035245
7020245 7025245
7000245 7005245
6990245 6995245
6980245 6985245
6950245 6955245
6940245 6945245
6915245 6920245
6905245 6910245
6895245 6900245
6875245 6880245
6855245 6860245
6835245 6840245
6825245 6830245
6815245 6820245
6790245 6795245
6775245 6780245
6760245 6765245
6740245 6745245
6730245 6735245
6710245 6715245
6690245 6695245
6680245 6685245
6660245 6665245
6650245 6655245
6625245 6630245
6615245 6620245
6600245 6605245
6575245 6580245
6565245 6570245
6550245 6555245
6535245 6540245
6515245 6520245
6495245 6500245
6485245 6490245
6465245 6470245
6450245 6455245
6440245 6445245
6420245 6425245
6405245 6410245
6390245 6395245
6375245 6380245
6365245 6370245
6345245 6350245
6330245 6335245
6315245 6320245
6305245 6310245
6290245 6295245
6270245 6275245
6255245 6260245
6240245 6245245
6230245 6235245
6215245 6220245
6200245 6205245
6180245 6185245
6165245 6170245
6155245 6160245
6140245 6145245
6125245 6130245
6110245 6115245
6090245 6095245
6080245 6085245
6065245 6070245
6050245 6055245
6040245 6045245
6015245 6020245
6005245 6010245
5990245 5995245
5975245 5980245
5965245 5970245
5940245 5945245
5930245 5935245
5920245 5925245
5900245 5905245
5890245 5895245
5865245 5870245
5855245 5860245
5845245 5850245
5825245 5830245
5815245 5820245
5800245 5805245
5780245 5785245
5770245 5775245
5750245 5755245
5740245 5745245
5725245 5730245
5705245 5710245
5695245 5700245
5675245 5680245
5665245 5670245
5650245 5655245
5635245 5640245
5620245 5625245
5605245 5610245
5590245 5595245
5575245 5580245
5560245 5565245
5545245 5550245
5530245 5535245
5515245 5520245
5500245 5505245
5485245 5490245
5470245 5475245
5455245 5460245
5440245 5445245
5430245 5435245
5415245 5420245
5400245 5405245
5380245 5385245
5365245 5370245
5355245 5360245
5340245 5345245
5325245 5330245
5305245 5310245
5295245 5300245
5280245 5285245
5265245 5270245
5250245 5255245
5235245 5240245
5220245 5225245
5205245 5210245
5190245 5195245
5175245 5180245
5160245 5165245
5145245 5150245
5130245 5135245
5115245 5120245
5105245 5110245
5085245 5090245
5070245 5075245
5055245 5060245
5040245 5045245
5030245 5035245
5010245 5015245
5000245 5005245
4980245 4985245
4965245 4970245
4955245 4960245
4935245 4940245
4925245 4930245
4910245 4915245
4890245 4895245
4880245 4885245
4860245 4865245
4850245 4855245
4835245 4840245
4815245 4820245
4805245 4810245
4785245 4790245
4775245 4780245
4765245 4770245
4740245 4745245
4730245 4735245
4715245 4720245
4700245 4705245
4690245 4695245
4665245 4670245
4655245 4660245
4640245 4645245
4625245 4630245
4615245 4620245
4600245 4605245
4580245 4585245
4565245 4570245
4550245 4555245
4540245 4545245
4525245 4530245
4505245 4510245
4490245 4495245
4475245 4480245
4465245 4470245
4450245 4455245
4430245 4435245
4415245 4420245
4405245 4410245
4390245 4395245
4375245 4380245
4360245 4365245
4340245 4345245
4330245 4335245
4315245 4320245
4300245 4305245
4285245 4290245
4265245 4270245
4255245 4260245
4240245 4245245
4225245 4230245
4215245 4220245
4195245 4200245
4180245 4185245
4165245 4170245
4150245 4155245
4140245 4145245
4125245 4130245
4105245 4110245
4095245 4100245
4075245 4080245
4065245 4070245
4050245 4055245
4030245 4035245
4020245 4025245
4000245 4005245
3990245 3995245
3975245 3980245
3960245 3965245
3945245 3950245
3925245 3930245
3915245 3920245
3905245 3910245
3885245 3890245
3870245 3875245
3850245 3855245
3840245 3845245
3830245 3835245
3810245 3815245
3800245 3805245
3775245 3780245
3765245 3770245
3755245 3760245
3735245 3740245
3725245 3730245
3705245 3710245
3690245 3695245
3680245 3685245
3660245 3665245
3650245 3655245
3630245 3635245
3615245 3620245
3605245 3610245
3585245 3590245
3575245 3580245
3560245 3565245
3540245 3545245
3530245 3535245
