1 1
2 1
3 1
4 1
5 1
6 1
7 1
8 1
9 1
10 2
11 3
12 2
13 1
14 1
15 1
16 1
17 2
18 4
19 6
20 6
21 6
22 4
23 2
24 1
25 1
26 1
27 2
28 5
29 9
30 15
31 21
32 24
33 24
34 20
35 13
36 5
37 2
38 1
39 1
40 2
41 5
42 10
43 21
44 41
45 65
46 97
47 130
48 144
49 135
50 98
51 51
52 16
53 5
54 1
55 1
56 2
57 5
58 11
59 24
60 56
61 115
62 221
63 401
64 658
65 956
66 1217
67 1264
68 1042
69 631
70 275
71 72
72 14
73 1
74 1
75 2
76 5
77 11
78 25
79 63
80 148
81 345
82 770
83 1632
84 3225
85 5848
86 9439
87 13093
88 15029
89 13660
90 9536
91 4858
92 1734
93 378
94 50
95 1
96 1
97 2
98 5
99 11
100 26
101 66
102 165
103 428
104 1102
105 2764
106 6731
107 15610
108 33724
109 66450
110 115473
111 171162
112 209599
113 206850
114 160060
115 94699
116 41054
117 12394
118 2306
119 233
120 1
121 1
122 2
123 5
124 11
125 26
126 67
127 172
128 467
129 1304
130 3659
131 10222
132 28094
133 74407
134 186664
135 433303
136 903573
137 1642808
138 2535353
139 3252691
140 3407101
141 2866079
142 1897492
143 964363
144 361848
145 94684
146 15362
147 1249
148 1
149 1
150 2
151 5
152 11
153 26
154 68
155 175
156 485
157 1404
158 4186
159 12735
160 39077
161 118866
162 352850
163 1003012
164 2669151
165 6471278
166 13907566
167 25870218
168 40902486
169 54193454
170 59466403
171 53394482
172 38694647
173 22221794
174 9863049
175 3255922
176 752905
177 108597
178 7595
179 1
180 1
181 2
182 5
183 11
184 26
185 68
186 176
187 492
188 1445
189 4430
190 14112
191 46249
192 153631
193 510591
194 1669557
195 5273787
196 15745561
197 43319845
198 107065495
199 232578638
200 436757168
201 700412381
202 950242932
203 1081595061
204 1024024644
205 798213282
206 505570786
207 255554251
208 100504292
209 29593930
210 6135196
211 797583
212 49566
213 1
214 1
215 2
216 5
217 11
218 26
219 68
220 177
221 495
222 1463
223 4536
224 14747
225 49993
226 174624
227 622089
228 2229156
229 7911043
230 27319108
231 89903179
232 275303591
233 766044429
234 1897620135
235 4119998604
236 7752354798
237 12539352562
238 17321903648
239 20313908607
240 20093980560
241 16636299959
242 11414515469
243 6405319663
244 2886834931
245 1018374486
246 270523010
247 50848432
248 6022143
249 339722
250 1
251 1
252 2
253 5
254 11
255 26
256 68
257 177
258 496
259 1470
260 4578
261 15008
262 51648
263 184959
264 684452
265 2589642
266 9894420
267 37632995
268 140129228
269 500840584
270 1680355393
271 5175163279
272 14348825859
273 35281577313
274 76107909866
275 142942415020
276 232437234694
277 325724112366
278 391607611551
279 401939535072
280 350084228349
281 256783130488
282 157031891397
283 78996521059
284 32094329199
285 10259267016
286 2481791028
287 426720176
288 46427839
289 2406841
