# A029505: all terms below 10^11.
# Every n < 10^11 was tested; terms beyond the previously published ones were
# each confirmed by direct evaluation of the concatenation mod n. Oct 04 2026.
1 1
2 2
3 3
4 4
5 6
6 11
7 106
8 616
9 990
10 1232
11 1276
12 1534
13 3494
14 8140
15 43054
16 52634
17 97691
18 99280
19 131846
20 136006
21 355877
22 617749
23 824703
24 2115058
25 3011987
26 13043294
27 20007789
28 32019806
29 86624921
30 152294905
31 682423753
32 1027145918
33 1034792902
34 1769218660
35 7012059439
36 14211109187
37 14898485107
38 64661067841
