# A029533: all terms below 10^11.
# Every n < 10^11 was tested; terms beyond the previously published ones were
# each confirmed by direct evaluation of the concatenation mod n. Oct 04 2026.
1 1
2 3
3 5
4 9
5 15
6 19
7 21
8 43
9 57
10 255
11 345
12 385
13 505
14 1131
15 1395
16 1585
17 7205
18 11565
19 38949
20 270425
21 684555
22 8311925
23 14542263
24 24281079
25 28074261
26 44753337
27 135628631
28 206267583
29 244520883
30 869202189
31 914417805
32 1233011535
33 13876623235
34 18227643195
35 26703608645
36 33246555405
37 42234489465
38 53148516615
39 86387594965
40 94458216035
