# A029504: all terms below 10^11.
# Every n < 10^11 was tested; terms beyond the previously published ones were
# each confirmed by direct evaluation of the concatenation mod n. Oct 04 2026.
1 1
2 5
3 15
4 24
5 40
6 69
7 72
8 75
9 120
10 167
11 216
12 280
13 360
14 536
15 1192
16 1240
17 1360
18 11280
19 25195
20 33216
21 33984
22 101328
23 221640
24 400479
25 531000
26 537640
27 600104
28 631155
29 743085
30 958785
31 2660431
32 2777800
33 14330472
34 18635736
35 41678081
36 42583280
37 54652755
38 55767345
39 73412985
40 81156909
41 111858960
42 153846735
43 170798256
44 292869360
45 2528137905
46 2909601400
47 3988632075
48 4600302015
49 5933841247
50 6976347368
51 20379975960
52 38260817160
53 60632199080
54 65346653640
55 88147271400
