# A029540: all terms below 10^11.
# Every n < 10^11 was tested; terms beyond the previously published ones were
# each confirmed by direct evaluation of the concatenation mod n. Oct 04 2026.
1 1
2 11
3 35
4 44
5 121
6 605
7 2156
8 8492
9 8844
10 9152
11 58300
12 134023
13 172051
14 181092
15 190124
16 200656
17 261063
18 287101
19 746493
20 779471
21 3080351
22 7868996
23 8724407
24 11341072
25 24831136
26 34695177
27 59872471
28 113463471
29 141669968
30 156478289
31 176519660
32 279560396
33 1749238293
34 5658074609
35 5924703532
36 5929048400
37 8812652915
38 11580054783
39 31654436440
40 33096855297
41 53709819820
42 77194290884
