# A029516: all terms below 10^11.
# Every n < 10^11 was tested; terms beyond the previously published ones were
# each confirmed by direct evaluation of the concatenation mod n. Oct 04 2026.
1 1
2 11
3 33
4 48
5 112
6 165
7 176
8 209
9 528
10 720
11 1584
12 2123
13 2717
14 6919
15 9680
16 18080
17 23991
18 47597
19 58656
20 75213
21 106815
22 111392
23 253792
24 278245
25 343409
26 502523
27 528128
28 934560
29 31122751
30 40650029
31 157712016
32 230006953
33 310676912
34 379370640
35 459228528
36 875159472
37 1379267120
38 4633240601
39 10681369600
40 13064584797
41 15962022304
42 51663221775
43 76168749613
