# A029503: all terms below 10^11.
# Every n < 10^11 was tested; terms beyond the previously published ones were
# each confirmed by direct evaluation of the concatenation mod n. Oct 04 2026.
1 1
2 2
3 3
4 5
5 6
6 9
7 101
8 107
9 153
10 167
11 277
12 414
13 486
14 858
15 1659
16 2894
17 3093
18 4299
19 4842
20 8838
21 22734
22 31869
23 69492
24 361057
25 429786
26 462018
27 859002
28 1170801
29 1334667
30 1663923
31 6143512
32 6162396
33 6212646
34 7034661
35 8164443
36 205092269
37 259318224
38 677232324
39 1383613941
40 1983496001
41 2913159143
42 3336183009
43 4985349866
44 21091015638
45 81797747106
