# A029506: all terms below 10^11.
# Every n < 10^11 was tested; terms beyond the previously published ones were
# each confirmed by direct evaluation of the concatenation mod n. Oct 04 2026.
1 1
2 3
3 9
4 15
5 21
6 25
7 35
8 47
9 48
10 87
11 240
12 320
13 672
14 896
15 1760
16 2592
17 2688
18 3659
19 5152
20 15456
21 16800
22 53200
23 60288
24 75360
25 92605
26 92736
27 121600
28 189648
29 204176
30 334827
31 382368
32 401472
33 443919
34 1070720
35 1836855
36 2010432
37 4384128
38 5566077
39 19206432
40 47105349
41 52832192
42 63954317
43 64816325
44 91693616
45 112249056
46 146084587
47 163684439
48 185717301
49 210301479
50 423893568
51 507295376
52 1632072288
53 2841695472
54 3100236608
55 4053235872
56 6264485024
57 13045860912
58 14264006001
59 20046370736
60 24866546481
61 37498034595
62 40580562720
63 53835919776
