# A029514: all terms below 10^11.
# Every n < 10^11 was tested; terms beyond the previously published ones were
# each confirmed by direct evaluation of the concatenation mod n. Oct 04 2026.
1 1
2 3
3 5
4 7
5 15
6 25
7 55
8 80
9 143
10 187
11 192
12 387
13 1385
14 1760
15 4080
16 9040
17 9245
18 15565
19 17776
20 20080
21 28400
22 30019
23 30063
24 37312
25 38368
26 52217
27 56277
28 84480
29 97504
30 123040
31 293045
32 458560
33 1258528
34 2437600
35 2442000
36 3122240
37 7216880
38 10071280
39 13243219
40 14673408
41 17861008
42 28286544
43 51170985
44 51886329
45 60627721
46 84089456
47 100895168
48 289505920
49 323315696
50 604474016
51 680212960
52 1478537584
53 1874159360
54 2171958457
55 3445968691
56 3750908800
57 12599719185
58 12674460176
59 13944870160
60 17493114925
61 17687260320
62 31434108565
