# A029508: all terms below 10^11.
# Every n < 10^11 was tested; terms beyond the previously published ones were
# each confirmed by direct evaluation of the concatenation mod n. Oct 04 2026.
1 1
2 3
3 5
4 7
5 32
6 77
7 93
8 96
9 160
10 224
11 352
12 889
13 941
14 2275
15 3421
16 10368
17 23744
18 31104
19 40832
20 168111
21 303296
22 3496928
23 6149591
24 8275552
25 8333395
26 9774432
27 11732896
28 38153824
29 41245491
30 64051487
31 80142323
32 330443456
33 667028736
34 886246720
35 1158306624
36 2484994816
37 3530318953
38 15882143424
39 23283451387
40 74273688259
