# A029509: all terms below 10^11.
# Every n < 10^11 was tested; terms beyond the previously published ones were
# each confirmed by direct evaluation of the concatenation mod n. Oct 04 2026.
1 1
2 2
3 3
4 4
5 5
6 6
7 8
8 9
9 10
10 12
11 15
12 25
13 45
14 163
15 234
16 661
17 1034
18 1191
19 1415
20 1835
21 2094
22 3143
23 3284
24 3459
25 3638
26 3915
27 5215
28 16620
29 18505
30 18790
31 31965
32 36600
33 140835
34 175302
35 187170
36 190545
37 283115
38 6926085
39 7607655
40 26072025
41 58226287
42 64919805
43 77984814
44 142108359
45 145413864
46 186835317
47 630555285
48 1403289013
49 3275348396
50 3986487597
51 8931920655
52 9626267850
53 9660136050
54 9986165186
55 10182865530
56 17374407900
57 18696256260
58 19756008123
59 34782103020
60 35323333800
61 35573322615
62 36223716114
63 47354059395
64 54191306780
65 60677417499
66 60933778749
67 82325753045
