# A029515: all terms below 10^11.
# Every n < 10^11 was tested; terms beyond the previously published ones were
# each confirmed by direct evaluation of the concatenation mod n. Oct 04 2026.
1 1
2 2
3 3
4 6
5 7
6 9
7 11
8 14
9 18
10 21
11 35
12 75
13 97
14 102
15 105
16 175
17 196
18 291
19 343
20 375
21 455
22 485
23 1176
24 2070
25 2151
26 3375
27 4968
28 11375
29 17059
30 21826
31 22326
32 28856
33 30079
34 41265
35 47285
36 49605
37 49966
38 67648
39 92806
40 115074
41 143493
42 179654
43 963874
44 1525498
45 1527890
46 2503228
47 2821364
48 4417518
49 10645593
50 10717210
51 20736539
52 43083525
53 43837962
54 51363519
55 53660402
56 56090532
57 62229965
58 105071025
59 236678652
60 289043517
61 299820943
62 335560629
63 411491331
64 908018172
65 925665055
66 1192662792
67 1592291883
68 1899809038
69 1905683638
70 11934872193
71 15316472367
72 20777837417
73 23424258771
74 27092264094
75 35493542064
76 40573834689
77 46132524738
78 69109718895
