# A029512: all terms below 10^11.
# Every n < 10^11 was tested; terms beyond the previously published ones were
# each confirmed by direct evaluation of the concatenation mod n. Oct 04 2026.
1 1
2 3
3 9
4 23
5 24
6 27
7 40
8 45
9 72
10 120
11 135
12 141
13 145
14 161
15 243
16 360
17 520
18 801
19 1272
20 1279
21 1512
22 2568
23 2681
24 3921
25 4584
26 7155
27 8704
28 12389
29 22405
30 27649
31 32640
32 34720
33 40455
34 62755
35 65568
36 89163
37 120240
38 125671
39 144144
40 193680
41 204080
42 241200
43 302160
44 437040
45 505632
46 528129
47 841920
48 876848
49 1047600
50 1378800
51 1959680
52 2096640
53 2186912
54 2656600
55 5745960
56 5922135
57 7718155
58 8210511
59 8998965
60 14316312
61 14964840
62 15759720
63 17218200
64 23950895
65 25676895
66 35512920
67 39398895
68 162054360
69 355555288
70 485688648
71 792623889
72 1060311645
73 1220378675
74 1348668765
75 1627998525
76 2087578240
77 2320337039
78 3020789795
79 5363766963
80 5741850976
81 6486015024
82 9805414059
83 16344646325
84 33172912080
85 43266132921
86 66664667248
