# A029513: all terms below 10^11.
# Every n < 10^11 was tested; terms beyond the previously published ones were
# each confirmed by direct evaluation of the concatenation mod n. Oct 04 2026.
1 1
2 2
3 4
4 5
5 6
6 10
7 12
8 14
9 18
10 19
11 53
12 703
13 1824
14 2185
15 2546
16 5054
17 6594
18 9841
19 1393056
20 1648110
21 1984492
22 2648114
23 3430811
24 8070122
25 27330416
26 36079879
27 51958819
28 141563002
29 267195684
30 517106782
31 539501592
32 1172001474
33 1207120278
34 10540217992
35 15995706488
36 32751151333
37 55056049918
38 57587060653
