# A029536: all terms below 10^11.
# Every n < 10^11 was tested; terms beyond the previously published ones were
# each confirmed by direct evaluation of the concatenation mod n. Oct 04 2026.
1 1
2 3
3 9
4 21
5 28
6 36
7 48
8 87
9 100
10 156
11 189
12 208
13 300
14 547
15 999
16 1155
17 1395
18 1524
19 3267
20 6867
21 7663
22 8880
23 9295
24 30021
25 38740
26 49861
27 86427
28 379248
29 454269
30 657860
31 850824
32 1589897
33 3523500
34 8855295
35 33674412
36 45334168
37 49326903
38 55115172
39 66698068
40 103787724
41 114543759
42 171780108
43 224725401
44 413325000
45 526779152
46 1025119809
47 1277119227
48 1634857200
49 1703551800
50 1918475760
51 2654768960
52 5589264651
53 7541132472
54 9474325785
55 17162983503
56 32477285448
57 45259434976
