# A029510: all terms below 10^11.
# Every n < 10^11 was tested; terms beyond the previously published ones were
# each confirmed by direct evaluation of the concatenation mod n. Oct 04 2026.
1 1
2 19
3 27
4 45
5 64
6 111
7 192
8 243
9 320
10 1152
11 2112
12 3456
13 10747
14 11328
15 13824
16 16896
17 18909
18 177408
19 306335
20 338369
21 414336
22 423552
23 1176203
24 2965056
25 15452224
26 18611317
27 39652992
28 74919168
29 78002496
30 85814869
31 377854272
32 410173440
33 469226304
34 773029953
35 836081121
36 857332923
37 1143415872
38 1247515008
39 1620097344
40 2336112576
41 2565499584
42 3444298577
43 4918124007
44 6503106240
45 20178795533
46 45760703971
47 46463716224
