# A029530: all terms below 10^11.
# Every n < 10^11 was tested; terms beyond the previously published ones were
# each confirmed by direct evaluation of the concatenation mod n. Oct 04 2026.
1 1
2 3
3 9
4 24
5 48
6 80
7 96
8 184
9 549
10 1083
11 1392
12 1624
13 5085
14 15968
15 16000
16 17763
17 144843
18 156200
19 695808
20 854904
21 1001808
22 1960016
23 2002776
24 2961952
25 26837939
26 28554607
27 36704920
28 58605891
29 122878869
30 351294829
31 401980901
32 488875305
33 775376504
34 1976254173
35 6433947609
36 6467642637
37 13949280305
38 38423507041
39 54868066005
