# A029518: all terms below 10^11.
# Every n < 10^11 was tested; terms beyond the previously published ones were
# each confirmed by direct evaluation of the concatenation mod n. Oct 04 2026.
1 1
2 3
3 5
4 9
5 15
6 21
7 39
8 83
9 96
10 288
11 303
12 864
13 1824
14 2421
15 2496
16 2592
17 2817
18 3328
19 6299
20 9440
21 13632
22 18592
23 26049
24 64857
25 69696
26 71904
27 79872
28 94848
29 120384
30 258111
31 287232
32 319319
33 476736
34 524992
35 706368
36 904281
37 1817583
38 2003520
39 3156192
40 4479904
41 7460741
42 7977216
43 15407328
44 18706272
45 21220992
46 21702528
47 27795424
48 32320864
49 33082912
50 49401417
51 124916064
52 142610624
53 146741283
54 149704960
55 161020224
56 161157763
57 165107423
58 185047603
59 626914176
60 1165133504
61 1356492960
62 1601824992
63 2486478592
64 3682714917
65 6008906592
66 8274493728
67 8299329819
68 13819590624
69 14381678229
70 30608307648
71 39861058809
72 60760077664
73 87493526016
