# A029517: all terms below 10^11.
# Every n < 10^11 was tested; terms beyond the previously published ones were
# each confirmed by direct evaluation of the concatenation mod n. Oct 04 2026.
1 1
2 2
3 3
4 4
5 6
6 8
7 10
8 12
9 20
10 23
11 3726
12 4900
13 5120
14 7452
15 8350
16 59708
17 483713
18 1565449
19 2048350
20 2109790
21 2968633
22 4123900
23 6745900
24 6883670
25 16210417
26 16411438
27 21659399
28 31327857
29 141663533
30 732335847
31 882607700
32 943742900
33 1797548463
34 2271802759
35 2328914450
36 3089427640
37 3226019882
38 14052144159
