# A029539: all terms below 10^11.
# Every n < 10^11 was tested; terms beyond the previously published ones were
# each confirmed by direct evaluation of the concatenation mod n. Oct 04 2026.
1 1
2 3
3 7
4 9
5 21
6 51
7 483
8 687
9 919
10 1095
11 1395
12 3117
13 3649
14 25329
15 46487
16 47963
17 65541
18 71547
19 182949
20 228057
21 231483
22 759747
23 2420481
24 3156489
25 3781071
26 5290915
27 18866613
28 25320379
29 208486869
30 389391989
31 1028966399
32 2247867415
33 9586688259
34 13242720985
35 27621426255
36 34707713411
37 36800414567
