# A029511: all terms below 10^11.
# Every n < 10^11 was tested; terms beyond the previously published ones were
# each confirmed by direct evaluation of the concatenation mod n. Oct 04 2026.
1 1
2 2
3 3
4 6
5 9
6 17
7 25
8 65
9 85
10 160
11 169
12 175
13 187
14 221
15 325
16 856
17 1965
18 2264
19 2309
20 3332
21 4080
22 4182
23 6073
24 20757
25 23392
26 47345
27 88689
28 97846
29 672676
30 901816
31 1317677
32 2120393
33 8595637
34 16810042
35 78060380
36 155403382
37 247039495
38 417107172
39 1665237146
40 2587045612
41 2661661168
42 10260331385
43 11090939353
44 27988042316
45 69628379450
