# A029542: all terms below 10^11.
# Every n < 10^11 was tested; terms beyond the previously published ones were
# each confirmed by direct evaluation of the concatenation mod n. Oct 04 2026.
1 1
2 3
3 9
4 21
5 27
6 48
7 144
8 352
9 361
10 4672
11 5904
12 7392
13 15323
14 25488
15 32096
16 55491
17 71712
18 89259
19 101437
20 139776
21 752011
22 2215168
23 5082544
24 6766761
25 22121824
26 116665376
27 134361424
28 174000336
29 263669361
30 1476785472
31 2774778689
32 3314192832
33 3557908272
34 3891527232
35 7403591067
36 11212841024
37 13140730627
38 40439729904
39 92970369856
