# A061945: all terms below 10^11.
# Every n < 10^11 was tested; terms beyond the previously published ones were
# each confirmed by direct evaluation of the concatenation mod n. Oct 04 2026.
1 1
2 2
3 3
4 4
5 5
6 6
7 8
8 9
9 10
10 12
11 15
12 25
13 29
14 53
15 110
16 177
17 237
18 255
19 2260
20 3214
21 4313
22 4563
23 7595
24 20220
25 35139
26 167134
27 180319
28 186885
29 315850
30 439975
31 559740
32 4393188
33 8414132
34 8434510
35 13178703
36 26522385
37 64199795
38 69724500
39 74534700
40 78174090
41 136012296
42 139128746
43 147136980
44 230270775
45 1212173630
46 2633891355
47 3431923753
48 6271079935
49 7513489231
50 11851420666
51 18028115860
52 27182829219
