# A061976: all terms below 10^11.
# Every n < 10^11 was tested; terms beyond the previously published ones were
# each confirmed by direct evaluation of the concatenation mod n. Oct 04 2026.
1 1
2 11
3 44
4 77
5 143
6 1364
7 7372
8 18131
9 22151
10 198967
11 275464
12 371731
13 544005
14 849277
15 1684689
16 2001879
17 2895915
18 3678653
19 4479352
20 5673591
21 6624420
22 6895647
23 7479483
24 8000695
25 11576943
26 13532309
27 14509748
28 18984909
29 47298108
30 53160759
31 59956589
32 69913547
33 97335795
34 109891221
35 201754135
36 632350532
37 711512980
38 1024844755
39 2852103980
40 3123424524
41 7417064215
42 9804680653
43 10015044784
44 16679435408
