# A061939: all terms below 10^11.
# Every n < 10^11 was tested; terms beyond the previously published ones were
# each confirmed by direct evaluation of the concatenation mod n. Oct 04 2026.
1 1
2 2
3 3
4 5
5 6
6 9
7 99
8 153
9 189
10 238
11 252
12 323
13 444
14 539
15 927
16 3099
17 3753
18 4224
19 5451
20 8967
21 44544
22 53673
23 97119
24 1423719
25 3860793
26 4773591
27 28604259
28 35043489
29 69812376
30 78845957
31 237110967
32 552726999
33 620308959
34 869179077
35 2323636407
36 2608682373
37 2916238092
38 6321565908
39 8492795044
40 13471677477
41 25602747414
42 27000642792
43 29487884683
44 41800925706
45 46677672483
46 58714388145
47 74928727481
48 82734333906
