# A061936: all terms below 10^11.
# Every n < 10^11 was tested; terms beyond the previously published ones were
# each confirmed by direct evaluation of the concatenation mod n. Oct 04 2026.
1 1
2 3
3 12
4 27
5 48
6 72
7 79
8 363
9 600
10 1277
11 1289
12 1815
13 15272
14 18492
15 38484
16 83556
17 87312
18 148336
19 205731
20 222176
21 420900
22 549876
23 607797
24 624648
25 716064
26 5651851
27 11667435
28 47513325
29 54655904
30 74672028
31 84750047
32 301629252
33 335511993
34 376608588
35 592876272
36 1010997172
37 1054524169
38 1362128532
39 1429915988
40 1800385983
41 13743270615
42 18541399508
43 18548521263
