# A061948: all terms below 10^11.
# Every n < 10^11 was tested; terms beyond the previously published ones were
# each confirmed by direct evaluation of the concatenation mod n. Oct 04 2026.
1 1
2 3
3 9
4 27
5 29
6 36
7 39
8 53
9 72
10 108
11 180
12 189
13 360
14 900
15 1008
16 1885
17 1899
18 2877
19 3120
20 4272
21 6975
22 14319
23 16203
24 18724
25 19959
26 24777
27 30071
28 38376
29 84748
30 85053
31 90843
32 108412
33 121996
34 155556
35 327321
36 366128
37 545949
38 727236
39 1332360
40 1847072
41 3090195
42 3229872
43 18153084
44 35426489
45 40849632
46 46347300
47 77205996
48 118706564
49 188379257
50 242370368
51 300593107
52 537732855
53 1507748904
54 1571188935
55 1807393912
56 2808256100
57 3173931129
58 5257230615
59 42288667404
60 67631902209
