# A061950: all terms below 10^11.
# Every n < 10^11 was tested; terms beyond the previously published ones were
# each confirmed by direct evaluation of the concatenation mod n. Oct 04 2026.
1 1
2 3
3 5
4 7
5 15
6 25
7 80
8 321
9 401
10 1105
11 1440
12 2185
13 17665
14 26585
15 132920
16 287216
17 659355
18 1267785
19 2096240
20 3612505
21 18021632
22 21800687
23 42142000
24 114166376
25 307996320
26 533434992
27 1051196256
28 2627685317
29 5638707584
30 6698477895
31 11341102233
32 13616969035
33 14055751360
34 16785000000
35 50625049816
36 66711065608
37 79178320000
38 85773340315
