# A061951: all terms below 10^11.
# Every n < 10^11 was tested; terms beyond the previously published ones were
# each confirmed by direct evaluation of the concatenation mod n. Oct 04 2026.
1 1
2 2
3 3
4 6
5 7
6 9
7 11
8 14
9 18
10 21
11 63
12 101
13 119
14 134
15 177
16 196
17 255
18 318
19 360
20 483
21 1092
22 1953
23 2793
24 3453
25 4302
26 5445
27 5687
28 5955
29 6027
30 6077
31 9483
32 16521
33 23026
34 28095
35 76139
36 125199
37 135082
38 209601
39 518238
40 573590
41 993891
42 1921962
43 3467968
44 4426863
45 4842350
46 5156827
47 5564937
48 7451115
49 9348567
50 12579788
51 14790275
52 15289479
53 21294756
54 24469039
55 34453279
56 45533460
57 58200285
58 102482317
59 104090658
60 106803669
61 183567937
62 547334576
63 1082370219
64 1371619410
65 1374025786
66 1644360018
67 2742638073
68 4845116213
69 5245136298
70 14485705215
71 18866140125
72 27831522807
73 65588862117
