# A061944: all terms below 10^11.
# Every n < 10^11 was tested; terms beyond the previously published ones were
# each confirmed by direct evaluation of the concatenation mod n. Oct 04 2026.
1 1
2 3
3 5
4 7
5 28
6 48
7 143
8 148
9 224
10 392
11 2079
12 2716
13 2999
14 12537
15 14392
16 16384
17 32124
18 52073
19 56747
20 138203
21 238847
22 527989
23 4580376
24 5147667
25 5276712
26 6982808
27 8947484
28 10989293
29 13427896
30 30702959
31 30808732
32 32431552
33 35013249
34 58005619
35 190961897
36 776130373
37 1794876643
38 2132081847
39 10104519803
40 18335796976
41 22160604536
42 26038450339
43 56686920976
