# A061942: all terms below 10^11.
# Every n < 10^11 was tested; terms beyond the previously published ones were
# each confirmed by direct evaluation of the concatenation mod n. Oct 04 2026.
1 1
2 3
3 9
4 16
5 27
6 33
7 48
8 81
9 144
10 320
11 880
12 1041
13 2304
14 2645
15 8189
16 15368
17 29040
18 77864
19 80192
20 95568
21 551520
22 783408
23 1973640
24 2162592
25 2352811
26 2433557
27 7598977
28 12049139
29 38600664
30 309927469
31 318180792
32 330699615
33 974342712
34 4682019313
35 5137079448
36 5599996161
37 5907084883
38 6413055528
39 6954149823
40 8498323985
41 18195464424
42 23744844111
43 27124619233
44 51242953607
