# A061964: all terms below 10^11.
# Every n < 10^11 was tested; terms beyond the previously published ones were
# each confirmed by direct evaluation of the concatenation mod n. Oct 04 2026.
1 1
2 5
3 20
4 140
5 3400
6 6008
7 9160
8 24655
9 26265
10 58671
11 151496
12 265500
13 535860
14 806445
15 926620
16 990195
17 2675580
18 7153175
19 15378620
20 35845600
21 56590405
22 143222320
23 233302864
24 330764320
25 463677328
26 579479375
27 1844619200
28 2542785925
29 2565815060
30 2767933852
31 6756407887
32 8560225495
33 15709762495
34 24592815799
35 30471703100
36 39587647833
37 50333882084
38 87609419457
