# A061940: all terms below 10^11.
# Every n < 10^11 was tested; terms beyond the previously published ones were
# each confirmed by direct evaluation of the concatenation mod n. Oct 04 2026.
1 1
2 5
3 17
4 20
5 35
6 40
7 60
8 75
9 113
10 120
11 125
12 395
13 512
14 1204
15 2285
16 5451
17 5648
18 12736
19 36547
20 113675
21 1073605
22 1466089
23 3610208
24 4076745
25 15926945
26 16895939
27 17056837
28 125833420
29 4472839440
30 7786471725
31 7861933105
32 9012518040
33 14233331060
34 15826953745
35 20610392740
36 57752809721
37 82925281820
