# A061943: all terms below 10^11.
# Every n < 10^11 was tested; terms beyond the previously published ones were
# each confirmed by direct evaluation of the concatenation mod n. Oct 04 2026.
1 1
2 2
3 6
4 7
5 10
6 13
7 39
8 45
9 65
10 131
11 195
12 1690
13 2005
14 2106
15 3211
16 11615
17 18498
18 20881
19 22360
20 36335
21 104858
22 234506
23 665223
24 1274944
25 1328487
26 1425268
27 2305498
28 15200510
29 17701606
30 20990996
31 21876571
32 37539203
33 377025441
34 519361492
35 715022829
36 1150690229
37 1503422531
38 4552579265
39 4896533629
40 8048599793
41 15297034401
42 56718917945
43 83000612136
