# A061937: all terms below 10^11.
# Every n < 10^11 was tested; terms beyond the previously published ones were
# each confirmed by direct evaluation of the concatenation mod n. Oct 04 2026.
1 1
2 2
3 4
4 6
5 7
6 18
7 21
8 35
9 63
10 105
11 111
12 159
13 217
14 1183
15 1330
16 1353
17 1449
18 2023
19 7223
20 8707
21 10787
22 13881
23 58135
24 1126478
25 1135315
26 1141795
27 1938643
28 5867454
29 9251270
30 44388850
31 1514218643
32 1937888127
33 2527706377
34 2975212366
35 4243797973
36 4517262886
37 4723599316
38 10532153793
39 24133911047
40 50877707835
41 66357190705
