# A061949: all terms below 10^11.
# Every n < 10^11 was tested; terms beyond the previously published ones were
# each confirmed by direct evaluation of the concatenation mod n. Oct 04 2026.
1 1
2 2
3 4
4 5
5 6
6 10
7 12
8 14
9 18
10 19
11 57
12 119
13 133
14 209
15 399
16 437
17 633
18 1102
19 3517
20 5719
21 29849
22 38532
23 42759
24 198639
25 247801
26 421591
27 566561
28 819185
29 6781309
30 53963211
31 67129001
32 81457667
33 143460886
34 219462039
35 257967569
36 260073196
37 1022701505
38 1072324556
39 2785866749
40 3844280071
41 7862715906
42 11222783098
43 93420156421
