# A061952: all terms below 10^11.
# Every n < 10^11 was tested; terms beyond the previously published ones were
# each confirmed by direct evaluation of the concatenation mod n. Oct 04 2026.
1 1
2 11
3 28
4 44
5 56
6 93
7 121
8 132
9 144
10 176
11 248
12 396
13 435
14 528
15 704
16 1647
17 2189
18 2288
19 2904
20 2992
21 6116
22 8624
23 9792
24 9843
25 23100
26 76320
27 102868
28 139488
29 198539
30 252801
31 271744
32 718340
33 859593
34 972873
35 1345421
36 1875700
37 4080868
38 4422816
39 9697495
40 33160056
41 34219955
42 183055821
43 222606307
44 624763764
45 677354524
46 1137652511
47 1983361735
48 4253643108
49 18838891368
50 29994259324
51 76934010692
