# A061972: all terms below 10^11.
# Every n < 10^11 was tested; terms beyond the previously published ones were
# each confirmed by direct evaluation of the concatenation mod n. Oct 04 2026.
1 1
2 3
3 9
4 27
5 33
6 36
7 81
8 183
9 223
10 261
11 263
12 351
13 585
14 1035
15 1092
16 1173
17 1732
18 2235
19 2628
20 3492
21 8577
22 11592
23 13617
24 15663
25 20664
26 20709
27 23333
28 25848
29 52689
30 67608
31 334536
32 837112
33 2765341
34 5319444
35 9142972
36 9842796
37 60415107
38 90364212
39 162815964
40 358091612
41 416713789
42 449531757
43 838093956
44 875291211
45 1075221616
46 1122148608
47 4101695712
48 4144587456
49 4548735072
50 6402082896
51 7787427504
52 14543203227
53 80780745609
