# A061953: all terms below 10^11.
# Every n < 10^11 was tested; terms beyond the previously published ones were
# each confirmed by direct evaluation of the concatenation mod n. Oct 04 2026.
1 1
2 2
3 3
4 4
5 6
6 8
7 10
8 12
9 20
10 23
11 100
12 115
13 116
14 299
15 575
16 2660
17 3726
18 5858
19 7282
20 7452
21 95610
22 128349
23 259681
24 266411
25 2853820
26 2974820
27 20475014
28 46705847
29 54688890
30 67735016
31 80060815
32 166376162
33 407161718
34 1282485129
35 9728165587
36 11398165453
37 15596777181
