# A061947: all terms below 10^11.
# Every n < 10^11 was tested; terms beyond the previously published ones were
# each confirmed by direct evaluation of the concatenation mod n. Oct 04 2026.
1 1
2 2
3 3
4 6
5 9
6 17
7 47
8 61
9 69
10 137
11 323
12 385
13 674
14 731
15 884
16 1245
17 1253
18 17204
19 35580
20 37282
21 73270
22 74919
23 78625
24 98413
25 119017
26 263197
27 313732
28 402321
29 467738
30 661300
31 4757138
32 8445220
33 9481937
34 12528660
35 20099134
36 25708391
37 92936824
38 217977222
39 720404963
40 760559441
41 1573431719
42 3974575827
43 5620487241
44 6449947288
45 20303210075
