1 186621
2 532900
3 1857351
4 9046409
5 17439233
6 69012421
7 146766357
8 289744476
9 347411351
10 390219121
11 1200809057
12 1393838392
13 3088676989
14 2383346701
15 3333147809
16 6041072349
17 6819663132
18 7822398453
19 9534770061
20 12359264257
21 18701296795
22 20196246357
23 25763014657
24 36731371540
25 47851675261
26 42407334716
27 62950939696
28 90099697481
29 111699763627
30 107585105541
31 122783381911
32 136577653250
33 151897624157
34 187674080926
35 249791129329
36 269263146304
37 306418160061
38 403217814576
39 360118123513
40 429600691251
41 472000749529
42 651900386841
43 694516589277
44 739800170897
45 971771799559
46 848890706358
47 996062124718
48 1147866801538
49 1254714187730
50 1414302656026
51 1711144224433
52 1730690324030
53 1915692280666
54 2330451063508
55 2393434433871
56 2315012193726
57 2580089113135
58 3001665509053
59 3089748960481
60 4595815265833
61 3871126656376
62 4402348373468
63 4210681578621
64 5609102574687
65 5436171346717
66 5568907779380
67 6454616520781
68 7246885697479
69 8128849463489
70 7919618199361
71 8101399407568
72 10353433914096
73 10022654568671
74 10550000630044
75 11437332018825
76 12765576125996
77 14702194706005
78 13128770439973
79 13934255209276
80 18766296451226
81 17855191021508
82 16991293593921
83 18628886042317
84 20305260886157
85 23256482792168
86 22539044764303
87 27945799909687
88 27058731771701
89 25904510620049
90 28036996792303
91 31013703628360
92 31169202457072
93 35652304004052
94 37972148219097
95 37133603326639
96 42487339090129
97 44384176279521
98 47551335828569
99 49160067641337
100 50866406661796
