# A216841 (L=2) offset 2, from OEIS b-file
2 24
3 18
4 8
5 10
6 12
7 14
8 16
9 18
10 15
11 22
12 18
13 26
14 21
15 30
16 24
17 34
18 24
19 38
20 30
21 28
22 33
23 46
24 32
25 50
26 39
27 36
28 35
29 58
30 40
31 62
32 40
33 44
34 51
35 70
36 45
37 74
38 57
39 52
40 48
41 82
42 56
43 86
44 55
45 54
46 69
47 94
48 60
49 98
50 60
51 68
52 65
53 106
54 63
55 66
56 70
57 76
58 87
59 118
60 70
61 122
62 93
63 84
64 80
65 78
66 77
67 134
68 85
69 92
70 80
71 142
72 84
73 146
74 111
75 90
76 95
77 88
78 91
79 158
80 96
81 108
82 123
83 166
84 96
85 102
86 129
87 116
88 99
89 178
90 105
91 104
92 115
93 124
94 141
95 114
96 108
97 194
98 112
99 132
100 120
101 202
102 119
103 206
104 117
105 120
106 159
107 214
108 120
109 218
110 132
111 148
112 126
113 226
114 133
115 138
116 145
117 130
118 177
119 136
120 135
121 242
122 183
123 164
124 155
125 150
126 140
127 254
128 144
129 172
130 143
131 262
132 154
133 152
134 201
135 150
136 153
137 274
138 161
139 278
140 154
141 188
142 213
143 286
144 160
145 174
146 219
147 168
148 185
149 298
150 165
151 302
152 171
153 170
154 168
155 186
156 182
157 314
158 237
159 212
160 176
161 184
162 180
163 326
164 205
165 180
166 249
167 334
168 189
169 338
170 187
171 190
172 215
173 346
174 203
175 200
176 192
177 236
178 267
179 358
180 195
181 362
182 208
183 244
184 207
185 222
186 217
187 204
188 235
189 210
190 209
191 382
192 208
193 386
194 291
195 234
196 224
197 394
198 216
199 398
200 220
201 268
202 303
203 232
204 221
205 246
206 309
207 230
208 224
209 228
210 231
211 422
212 265
213 284
214 321
215 258
216 234
217 248
218 327
219 292
220 240
221 238
222 259
223 446
224 252
225 250
226 339
227 454
228 247
229 458
230 253
231 252
232 261
233 466
234 252
235 282
236 295
237 316
238 255
239 478
240 260
241 482
242 264
243 270
244 305
245 280
246 287
247 266
248 279
249 332
250 275
251 502
252 270
253 276
254 381
255 306
256 288
257 514
258 301
259 296
260 280
261 290
262 393
263 526
264 286
265 318
266 285
267 356
268 335
269 538
270 288
271 542
272 306
273 294
274 411
275 300
276 299
277 554
278 417
279 310
280 300
281 562
282 329
283 566
284 355
285 304
286 308
287 328
288 312
289 578
290 319
291 388
292 365
293 586
294 315
295 354
296 333
297 324
298 447
299 322
300 320
301 344
302 453
303 404
304 323
305 366
306 340
307 614
308 330
309 412
310 341
311 622
312 336
313 626
314 471
315 336
316 395
317 634
318 371
319 348
320 340
321 428
322 345
323 646
324 351
325 350
326 489
327 436
328 369
329 376
330 352
331 662
332 415
333 370
334 501
335 402
336 357
337 674
338 364
339 452
340 360
341 372
342 380
343 392
344 387
345 368
346 519
347 694
348 377
349 698
350 375
351 378
352 374
353 706
354 413
355 426
356 445
357 378
358 537
359 718
360 384
361 722
362 543
363 396
364 390
365 438
366 427
367 734
368 391
369 410
370 407
371 424
372 403
373 746
374 396
375 400
376 423
377 406
378 399
379 758
380 418
381 508
382 573
383 766
384 408
385 420
386 579
387 430
388 485
389 778
390 416
391 414
392 420
393 524
394 591
395 474
396 418
397 794
398 597
399 456
400 425
401 802
402 469
403 434
404 505
405 432
406 435
407 444
408 432
409 818
410 451
411 548
412 515
413 472
414 437
415 498
416 442
417 556
418 440
419 838
420 448
421 842
422 633
423 470
424 477
425 450
426 497
427 488
428 535
429 462
430 473
431 862
432 456
433 866
434 465
435 464
436 545
437 460
438 511
439 878
440 480
441 490
442 468
443 886
444 481
445 534
446 669
447 596
448 476
449 898
450 475
451 492
452 565
453 604
454 681
455 490
456 480
457 914
458 687
459 486
460 483
461 922
462 495
463 926
464 493
465 496
466 699
467 934
468 494
469 536
470 517
471 628
472 531
473 516
474 553
475 500
476 504
477 530
478 717
479 958
480 504
481 518
482 723
483 552
484 528
485 582
486 513
487 974
488 549
489 652
490 525
491 982
492 533
493 522
494 520
495 528
496 527
497 568
498 581
499 998
500 525
501 668
502 753
503 1006
504 528
505 606
506 552
507 546
508 635
509 1018
510 540
511 584
512 544
513 540
514 771
515 618
516 559
517 564
518 555
519 692
520 546
521 1042
522 551
523 1046
524 655
525 550
526 789
527 558
528 561
529 1058
530 583
531 590
532 560
533 574
534 623
535 642
536 603
537 716
538 807
539 588
540 567
541 1082
542 813
543 724
544 576
545 654
546 572
547 1094
548 685
549 610
550 575
551 580
552 598
553 632
554 831
555 592
556 695
557 1114
558 589
559 602
560 588
561 594
562 843
563 1126
564 611
565 678
566 849
567 594
568 639
569 1138
570 600
571 1142
572 598
573 764
574 615
575 690
576 608
577 1154
578 612
579 772
580 609
581 664
582 679
583 636
584 657
585 624
586 879
587 1174
588 616
589 620
590 649
591 788
592 629
593 1186
594 621
595 630
596 745
597 796
598 624
599 1198
600 630
601 1202
602 645
603 670
604 755
605 660
606 707
607 1214
608 640
609 638
610 671
611 658
612 646
613 1226
614 921
615 656
616 644
617 1234
618 721
619 1238
620 651
621 648
622 933
623 712
624 663
625 750
626 939
627 660
628 785
629 666
630 660
631 1262
632 711
633 844
634 951
635 762
636 689
637 686
638 667
639 710
640 672
641 1282
642 749
643 1286
644 672
645 688
646 680
647 1294
648 675
649 708
650 700
651 682
652 815
653 1306
654 763
655 786
656 697
657 730
658 705
659 1318
660 690
661 1322
662 993
663 702
664 747
665 700
666 703
667 696
668 835
669 892
670 737
671 732
672 700
673 1346
674 1011
675 720
676 728
677 1354
678 791
679 776
680 714
681 908
682 713
683 1366
684 720
685 822
686 735
687 916
688 731
689 742
690 720
691 1382
692 865
693 726
694 1041
695 834
696 725
697 738
698 1047
699 932
700 728
701 1402
702 741
703 740
704 736
705 752
706 1059
707 808
708 767
709 1418
710 781
711 790
712 801
713 744
714 748
715 770
716 895
717 956
718 1077
719 1438
720 750
721 824
722 760
723 964
724 905
725 754
726 759
727 1454
728 780
729 810
730 803
731 774
732 793
733 1466
734 1101
735 770
736 768
737 804
738 779
739 1478
740 777
741 780
742 795
743 1486
744 775
745 894
746 1119
747 830
748 782
749 856
750 780
751 1502
752 799
753 1004
754 783
755 906
756 792
757 1514
758 1137
759 792
760 798
761 1522
762 889
763 872
764 955
765 810
766 1149
767 826
768 800
769 1538
770 805
771 1028
772 965
773 1546
774 817
775 806
776 873
777 814
778 1167
779 820
780 810
781 852
782 816
783 870
784 833
785 942
786 917
787 1574
788 985
789 1052
790 869
791 904
792 825
793 854
794 1191
795 848
796 995
797 1594
798 836
799 846
800 832
801 890
802 1203
803 876
804 871
805 840
806 837
807 1076
808 909
809 1618
810 840
811 1622
812 870
813 1084
814 851
815 978
816 850
817 860
818 1227
819 858
820 861
821 1642
822 959
823 1646
824 927
825 858
826 885
827 1654
828 864
829 1658
830 913
831 1108
832 864
833 882
834 973
835 1002
836 874
837 868
838 1257
839 1678
840 875
841 1682
842 1263
843 1124
844 1055
845 910
846 893
847 924
848 901
849 1132
850 884
851 888
852 923
853 1706
854 915
855 900
856 963
857 1714
858 891
859 1718
860 903
861 902
862 1293
863 1726
864 896
865 1038
866 1299
867 918
868 899
869 948
870 928
871 938
872 981
873 970
874 912
875 910
876 949
877 1754
878 1317
879 1172
880 920
881 1762
882 924
883 1766
884 918
885 944
886 1329
887 1774
888 925
889 1016
890 979
891 924
892 1115
893 940
894 1043
895 1074
896 928
897 936
898 1347
899 1798
900 936
901 954
902 943
903 946
904 1017
905 1086
906 1057
907 1814
908 1135
909 1010
910 945
911 1822
912 950
913 996
914 1371
915 976
916 1145
917 1048
918 952
919 1838
920 960
921 1228
922 1383
923 994
924 957
925 962
926 1389
927 1030
928 960
929 1858
930 992
931 980
932 1165
933 1244
934 1401
935 990
936 972
937 1874
938 1005
939 1252
940 987
941 1882
942 1099
943 984
944 1003
945 980
946 989
947 1894
948 1027
949 1022
950 988
951 1268
952 986
953 1906
954 1007
955 1146
956 1195
957 990
958 1437
959 1096
960 1000
961 1922
962 999
963 1070
964 1205
965 1158
966 1008
967 1934
968 1012
969 1020
970 1067
971 1942
972 1008
973 1112
974 1461
975 1014
976 1037
977 1954
978 1141
979 1068
980 1015
981 1090
982 1473
983 1966
984 1025
985 1182
986 1020
987 1034
988 1026
989 1032
990 1023
991 1982
992 1054
993 1324
994 1065
995 1194
996 1079
997 1994
998 1497
999 1036
1000 1040
1001 1078
1002 1169
1003 1062
1004 1255
1005 1072
1006 1509
1007 1060
1008 1044
1009 2018
1010 1111
1011 1348
1012 1056
1013 2026
1014 1053
1015 1050
1016 1143
1017 1130
1018 1527
1019 2038
1020 1054
1021 2042
1022 1095
1023 1116
1024 1088
1025 1066
1026 1064
1027 1106
1028 1285
1029 1078
1030 1133
1031 2062
1032 1075
1033 2066
1034 1081
1035 1080
1036 1073
1037 1098
1038 1211
1039 2078
1040 1080
1041 1388
1042 1563
1043 1192
1044 1080
1045 1100
1046 1569
1047 1396
1048 1179
1049 2098
1050 1085
1051 2102
1052 1315
1053 1092
1054 1088
1055 1266
1056 1100
1057 1208
1058 1104
1059 1412
1060 1113
1061 2122
1062 1121
1063 2126
1064 1102
1065 1136
1066 1107
1067 1164
1068 1157
1069 2138
1070 1177
1071 1122
1072 1139
1073 1110
1074 1253
1075 1118
1076 1345
1077 1436
1078 1127
1079 1162
1080 1116
1081 1128
1082 1623
1083 1140
1084 1355
1085 1120
1086 1267
1087 2174
1088 1152
1089 1188
1090 1199
1091 2182
1092 1131
1093 2186
1094 1641
1095 1168
1096 1233
1097 2194
1098 1159
1099 1256
1100 1144
1101 1468
1102 1140
1103 2206
1104 1150
1105 1170
1106 1185
1107 1148
1108 1385
1109 2218
1110 1147
1111 1212
1112 1251
1113 1166
1114 1671
1115 1338
1116 1152
1117 2234
1118 1161
1119 1492
1120 1155
1121 1180
1122 1173
1123 2246
1124 1405
1125 1170
1126 1689
1127 1176
1128 1175
1129 2258
1130 1243
1131 1170
1132 1415
1133 1236
1134 1176
1135 1362
1136 1207
1137 1516
1138 1707
1139 1206
1140 1178
1141 1304
1142 1713
1143 1270
1144 1188
1145 1374
1146 1337
1147 1184
1148 1189
1149 1532
1150 1196
1151 2302
1152 1188
1153 2306
1154 1731
1155 1210
1156 1224
1157 1246
1158 1351
1159 1220
1160 1200
1161 1204
1162 1245
1163 2326
1164 1261
1165 1398
1166 1219
1167 1556
1168 1241
1169 1336
1170 1209
1171 2342
1172 1465
1173 1224
1174 1761
1175 1222
1176 1218
1177 1284
1178 1216
1179 1310
1180 1239
1181 2362
1182 1379
1183 1274
1184 1221
1185 1264
1186 1779
1187 2374
1188 1224
1189 1230
1190 1260
1191 1588
1192 1341
1193 2386
1194 1393
1195 1434
1196 1242
1197 1254
1198 1797
1199 1308
1200 1240
1201 2402
1202 1803
1203 1604
1204 1247
1205 1446
1206 1273
1207 1278
1208 1359
1209 1248
1210 1265
1211 1384
1212 1313
1213 2426
1214 1821
1215 1260
1216 1254
1217 2434
1218 1260
1219 1272
1220 1281
1221 1258
1222 1269
1223 2446
1224 1275
1225 1274
1226 1839
1227 1636
1228 1535
1229 2458
1230 1271
1231 2462
1232 1276
1233 1370
1234 1851
1235 1300
1236 1339
1237 2474
1238 1857
1239 1298
1240 1280
1241 1314
1242 1288
1243 1356
1244 1555
1245 1328
1246 1335
1247 1290
1248 1287
1249 2498
1250 1300
1251 1390
1252 1565
1253 1432
1254 1292
1255 1506
1256 1413
1257 1676
1258 1295
1259 2518
1260 1302
1261 1358
1262 1893
1263 1684
1264 1343
1265 1320
1266 1477
1267 1448
1268 1585
1269 1316
1270 1397
1271 1312
1272 1325
1273 1340
1274 1323
1275 1326
1276 1320
1277 2554
1278 1349
1279 2558
1280 1320
1281 1342
1282 1923
1283 2566
1284 1391
1285 1542
1286 1929
1287 1326
1288 1334
1289 2578
1290 1333
1291 2582
1292 1330
1293 1724
1294 1941
1295 1480
1296 1344
1297 2594
1298 1357
1299 1732
1300 1350
1301 2602
1302 1344
1303 2606
1304 1467
1305 1350
1306 1959
1307 2614
1308 1417
1309 1386
1310 1441
1311 1368
1312 1353
1313 1414
1314 1387
1315 1578
1316 1363
1317 1756
1318 1977
1319 2638
1320 1360
1321 2642
1322 1983
1323 1372
1324 1655
1325 1378
1326 1365
1327 2654
1328 1411
1329 1772
1330 1368
1331 1452
1332 1406
1333 1376
1334 1380
1335 1424
1336 1503
1337 1528
1338 1561
1339 1442
1340 1407
1341 1490
1342 1403
1343 1422
1344 1386
1345 1614
1346 2019
1347 1796
1348 1685
1349 1420
1350 1395
1351 1544
1352 1404
1353 1394
1354 2031
1355 1626
1356 1469
1357 1416
1358 1455
1359 1510
1360 1400
1361 2722
1362 1589
1363 1410
1364 1408
1365 1404
1366 2049
1367 2734
1368 1425
1369 2738
1370 1507
1371 1828
1372 1421
1373 2746
1374 1603
1375 1430
1376 1419
1377 1428
1378 1431
1379 1576
1380 1426
1381 2762
1382 2073
1383 1844
1384 1557
1385 1662
1386 1428
1387 1460
1388 1735
1389 1852
1390 1529
1391 1498
1392 1440
1393 1592
1394 1435
1395 1440
1396 1745
1397 1524
1398 1631
1399 2798
1400 1440
1401 1868
1402 2103
1403 1464
1404 1443
1405 1686
1406 1480
1407 1474
1408 1452
1409 2818
1410 1457
1411 1494
1412 1765
1413 1570
1414 1515
1415 1698
1416 1475
1417 1526
1418 2127
1419 1462
1420 1491
1421 1470
1422 1501
1423 2846
1424 1513
1425 1482
1426 1472
1427 2854
1428 1470
1429 2858
1430 1485
1431 1484
1432 1611
1433 2866
1434 1673
1435 1476
1436 1795
1437 1916
1438 2157
1439 2878
1440 1480
1441 1572
1442 1545
1443 1554
1444 1520
1445 1530
1446 1687
1447 2894
1448 1629
1449 1512
1450 1500
1451 2902
1452 1496
1453 2906
1454 2181
1455 1552
1456 1508
1457 1504
1458 1512
1459 2918
1460 1533
1461 1948
1462 1505
1463 1540
1464 1525
1465 1758
1466 2199
1467 1630
1468 1835
1469 1582
1470 1512
1471 2942
1472 1518
1473 1964
1474 1541
1475 1534
1476 1517
1477 1688
1478 2217
1479 1530
1480 1520
1481 2962
1482 1539
1483 2966
1484 1537
1485 1530
1486 2229
1487 2974
1488 1536
1489 2978
1490 1639
1491 1562
1492 1865
1493 2986
1494 1577
1495 1560
1496 1540
1497 1996
1498 1605
1499 2998
1500 1550
1501 1580
1502 2253
1503 1670
1504 1551
1505 1548
1506 1757
1507 1644
1508 1560
1509 2012
1510 1661
1511 3022
1512 1554
1513 1602
1514 2271
1515 1616
1516 1895
1517 1558
1518 1564
1519 1568
1520 1596
1521 1638
1522 2283
1523 3046
1524 1651
1525 1586
1526 1635
1527 2036
1528 1719
1529 1668
1530 1575
1531 3062
1532 1915
1533 1606
1534 1593
1535 1842
1536 1584
1537 1590
1538 2307
1539 1596
1540 1584
1541 1608
1542 1799
1543 3086
1544 1737
1545 1648
1546 2319
1547 1638
1548 1591
1549 3098
1550 1600
1551 1598
1552 1649
1553 3106
1554 1596
1555 1866
1556 1945
1557 1730
1558 1599
1559 3118
1560 1612
1561 1784
1562 1633
1563 2084
1564 1610
1565 1878
1566 1620
1567 3134
1568 1617
1569 2092
1570 1727
1571 3142
1572 1703
1573 1694
1574 2361
1575 1620
1576 1773
1577 1660
1578 1841
1579 3158
1580 1659
1581 1632
1582 1695
1583 3166
1584 1628
1585 1902
1586 1647
1587 1656
1588 1985
1589 1816
1590 1643
1591 1634
1592 1791
1593 1652
1594 2391
1595 1650
1596 1638
1597 3194
1598 1645
1599 1722
1600 1650
1601 3202
1602 1691
1603 1832
1604 2005
1605 1712
1606 1679
1607 3214
1608 1675
1609 3218
1610 1656
1611 1790
1612 1664
1613 3226
1614 1883
1615 1700
1616 1717
1617 1666
1618 2427
1619 3238
1620 1665
1621 3242
1622 2433
1623 2164
1624 1680
1625 1690
1626 1897
1627 3254
1628 1672
1629 1810
1630 1793
1631 1864
1632 1680
1633 1704
1634 1677
1635 1744
1636 2045
1637 3274
1638 1680
1639 1788
1640 1722
1641 2188
1642 2463
1643 1696
1644 1781
1645 1692
1646 2469
1647 1708
1648 1751
1649 1746
1650 1700
1651 1778
1652 1711
1653 1710
1654 2481
1655 1986
1656 1702
1657 3314
1658 2487
1659 1738
1660 1743
1661 1812
1662 1939
1663 3326
1664 1716
1665 1710
1666 1715
1667 3334
1668 1807
1669 3338
1670 1837
1671 2228
1672 1716
1673 1912
1674 1728
1675 1742
1676 2095
1677 1720
1678 2517
1679 1752
1680 1728
1681 3362
1682 1740
1683 1734
1684 2105
1685 2022
1686 1967
1687 1928
1688 1899
1689 2252
1690 1755
1691 1780
1692 1739
1693 3386
1694 1771
1695 1808
1696 1749
1697 3394
1698 1981
1699 3398
1700 1750
1701 1764
1702 1748
1703 1834
1704 1775
1705 1760
1706 2559
1707 2276
1708 1769
1709 3418
1710 1755
1711 1770
1712 1819
1713 2284
1714 2571
1715 1764
1716 1760
1717 1818
1718 2577
1719 1910
1720 1763
1721 3442
1722 1804
1723 3446
1724 2155
1725 1794
1726 2589
1727 1884
1728 1776
1729 1820
1730 1903
1731 2308
1732 2165
1733 3466
1734 1785
1735 2082
1736 1792
1737 1930
1738 1817
1739 1786
1740 1798
1741 3482
1742 1809
1743 1826
1744 1853
1745 2094
1746 1843
1747 3494
1748 1794
1749 1802
1750 1800
1751 1854
1752 1825
1753 3506
1754 2631
1755 1800
1756 2195
1757 2008
1758 2051
1759 3518
1760 1804
1761 2348
1762 2643
1763 3526
1764 1813
1765 2118
1766 2649
1767 1824
1768 1820
1769 1830
1770 1829
1771 1848
1772 2215
1773 1970
1774 2661
1775 1846
1776 1824
1777 3554
1778 1905
1779 2372
1780 1869
1781 1918
1782 1836
1783 3566
1784 2007
1785 1836
1786 1833
1787 3574
1788 1937
1789 3578
1790 1969
1791 1990
1792 1848
1793 1956
1794 1840
1795 2154
1796 2245
1797 2396
1798 1856
1799 2056
1800 1845
1801 3602
1802 1855
1803 2404
1804 1848
1805 1900
1806 1892
1807 1946
1808 1921
1809 1876
1810 1991
1811 3622
1812 1963
1813 1862
1814 2721
1815 1870
1816 2043
1817 1896
1818 1919
1819 1926
1820 1872
1821 2428
1822 2733
1823 3646
1824 1872
1825 1898
1826 1909
1827 1890
1828 2285
1829 1888
1830 1891
1831 3662
1832 2061
1833 1880
1834 1965
1835 2202
1836 1887
1837 2004
1838 2757
1839 2452
1840 1886
1841 2104
1842 2149
1843 1940
1844 2305
1845 1890
1846 1917
1847 3694
1848 1904
1849 3698
1850 1900
1851 2468
1852 2315
1853 1962
1854 1957
1855 1908
1856 1914
1857 2476
1858 2787
1859 2002
1860 1920
1861 3722
1862 1911
1863 1932
1864 2097
1865 2238
1866 2177
1867 3734
1868 2335
1869 1958
1870 1925
1871 3742
1872 1920
1873 3746
1874 2811
1875 1950
1876 1943
1877 3754
1878 2191
1879 3758
1880 1927
1881 1938
1882 2823
1883 2152
1884 2041
1885 1950
1886 1932
1887 1938
1888 1947
1889 3778
1890 1935
1891 1952
1892 1978
1893 2524
1894 2841
1895 2274
1896 1975
1897 2168
1898 1971
1899 2110
1900 1950
1901 3802
1902 2219
1903 2076
1904 1960
1905 2032
1906 2859
1907 3814
1908 1961
1909 1992
1910 2101
1911 1960
1912 2151
1913 3826
1914 1972
1915 2298
1916 2395
1917 1988
1918 2055
1919 2020
1920 1968
1921 2034
1922 1984
1923 2564
1924 1976
1925 1980
1926 2033
1927 1974
1928 2169
1929 2572
1930 2123
1931 3862
1932 1978
1933 3866
1934 2901
1935 2064
1936 2024
1937 2086
1938 1989
1939 2216
1940 2037
1941 2588
1942 2913
1943 2010
1944 1998
1945 2334
1946 2085
1947 2006
1948 2435
1949 3898
1950 2000
1951 3902
1952 2013
1953 2016
1954 2931
1955 2040
1956 2119
1957 2060
1958 2047
1959 2612
1960 2009
1961 2014
1962 2071
1963 2114
1964 2455
1965 2096
1966 2949
1967 2248
1968 2016
1969 2148
1970 2167
1971 2044
1972 2030
1973 3946
1974 2021
1975 2054
1976 2028
1977 2636
1978 2024
1979 3958
1980 2035
1981 2264
1982 2973
1983 2644
1984 2046
1985 2382
1986 2317
1987 3974
1988 2059
1989 2040
1990 2189
1991 2172
1992 2075
1993 3986
1994 2991
1995 2052
1996 2495
1997 3994
1998 2052
1999 3998
2000 2050
2001 2070
2002 2079
2003 4006
2004 2171
2005 2406
2006 2065
2007 2230
2008 2259
2009 2058
2010 2077
2011 4022
2012 2515
2013 2074
2014 2067
2015 2080
2016 2064
2017 4034
2018 3027
2019 2692
2020 2121
2021 2068
2022 2359
2023 2142
2024 2112
2025 2100
2026 3039
2027 4054
2028 2080
2029 4058
2030 2088
2031 2708
2032 2159
2033 2140
2034 2147
2035 2090
2036 2545
2037 2134
2038 3057
2039 4078
2040 2091
2041 2198
2042 3063
2043 2270
2044 2117
2045 2454
2046 2108
2047 2136
2048 2112
2049 2732
2050 2100
2051 2344
2052 2106
2053 4106
2054 2133
2055 2192
2056 2313
2057 2178
2058 2107
2059 2130
2060 2163
2061 2290
2062 3093
2063 4126
2064 2112
2065 2124
2066 3099
2067 2120
2068 2115
2069 4138
2070 2139
2071 2180
2072 2128
2073 2764
2074 2135
2075 2158
2076 2249
2077 2144
2078 3117
2079 2142
2080 2132
2081 4162
2082 2429
2083 4166
2084 2605
2085 2224
2086 2235
2087 4174
2088 2146
2089 4178
2090 2145
2091 2142
2092 2615
2093 2184
2094 2443
2095 2514
2096 2227
2097 2330
2098 3147
2099 4198
2100 2150
2101 2292
2102 3153
2103 2804
2104 2367
2105 2526
2106 2160
2107 2156
2108 2170
2109 2166
2110 2321
2111 4222
2112 2160
2113 4226
2114 2265
2115 2256
2116 2208
2117 2190
2118 2471
2119 2282
2120 2173
2121 2222
2122 3183
2123 2316
2124 2183
2125 2210
2126 3189
2127 2836
2128 2184
2129 4258
2130 2201
2131 4262
2132 2184
2133 2212
2134 2231
2135 2196
2136 2225
2137 4274
2138 3207
2139 2208
2140 2247
2141 4282
2142 2193
2143 4286
2144 2211
2145 2200
2146 2204
2147 2260
2148 2327
2149 2456
2150 2200
2151 2390
2152 2421
2153 4306
2154 2513
2155 2586
2156 2205
2157 2876
2158 2241
2159 2286
2160 2208
2161 4322
2162 2256
2163 2266
2164 2705
2165 2598
2166 2223
2167 2364
2168 2439
2169 2410
2170 2232
2171 2338
2172 2353
2173 2226
2174 3261
2175 2250
2176 2240
2177 2488
2178 2244
2179 4358
2180 2289
2181 2908
2182 3273
2183 2242
2184 2236
2185 2280
2186 3279
2187 2268
2188 2735
2189 2388
2190 2263
2191 2504
2192 2329
2193 2244
2194 3291
2195 2634
2196 2257
2197 2366
2198 2355
2199 2932
2200 2250
2201 2272
2202 2569
2203 4406
2204 2262
2205 2254
2206 3309
2207 4414
2208 2277
2209 4418
2210 2275
2211 2278
2212 2291
2213 4426
2214 2268
2215 2658
2216 2493
2217 2956
2218 3327
2219 2536
2220 2280
2221 4442
2222 2323
2223 2280
2224 2363
2225 2314
2226 2279
2227 2358
2228 2785
2229 2972
2230 2453
2231 2328
2232 2294
2233 2310
2234 3351
2235 2384
2236 2288
2237 4474
2238 2611
2239 4478
2240 2296
2241 2324
2242 2301
2243 4486
2244 2295
2245 2694
2246 3369
2247 2354
2248 2529
2249 2422
2250 2300
2251 4502
2252 2815
2253 3004
2254 2303
2255 2310
2256 2350
2257 2318
2258 3387
2259 2510
2260 2373
2261 2380
2262 2320
2263 2336
2264 2547
2265 2416
2266 2369
2267 4534
2268 2322
2269 4538
2270 2497
2271 3028
2272 2343
2273 4546
2274 2653
2275 2340
2276 2845
2277 2346
2278 2345
2279 2332
2280 2337
2281 4562
2282 2445
2283 3044
2284 2855
2285 2742
2286 2413
2287 4574
2288 2340
2289 2398
2290 2519
2291 2370
2292 2483
2293 4586
2294 2356
2295 2346
2296 2352
2297 4594
2298 2681
2299 2420
2300 2350
2301 2360
2302 3453
2303 2632
2304 2368
2305 2766
2306 3459
2307 3076
2308 2885
2309 4618
2310 2365
2311 4622
2312 2380
2313 2570
2314 2403
2315 2778
2316 2509
2317 2648
2318 2379
2319 3092
2320 2378
2321 2532
2322 2376
2323 2424
2324 2407
2325 2400
2326 3489
2327 2506
2328 2425
2329 2466
2330 2563
2331 2394
2332 2385
2333 4666
2334 2723
2335 2802
2336 2409
2337 2394
2338 2505
2339 4678
2340 2392
2341 4682
2342 3513
2343 2414
2344 2637
2345 2412
2346 2397
2347 4694
2348 2935
2349 2430
2350 2400
2351 4702
2352 2408
2353 2534
2354 2461
2355 2512
2356 2418
2357 4714
2358 2489
2359 2696
2360 2419
2361 3148
2362 3543
2363 2502
2364 2561
2365 2420
2366 2457
2367 2630
2368 2432
2369 2472
2370 2449
2371 4742
2372 2965
2373 2486
2374 3561
2375 2470
2376 2430
2377 4754
2378 2436
2379 2440
2380 2448
2381 4762
2382 2779
2383 4766
2384 2533
2385 2438
2386 3579
2387 2464
2388 2587
2389 4778
2390 2629
2391 3188
2392 2444
2393 4786
2394 2451
2395 2874
2396 2995
2397 2448
2398 2507
2399 4798
2400 2460
2401 2744
2402 3603
2403 2492
2404 3005
2405 2470
2406 2807
2407 2490
2408 2464
2409 2482
2410 2651
2411 4822
2412 2479
2413 2540
2414 2485
2415 2484
2416 2567
2417 4834
2418 2480
2419 2478
2420 2475
2421 2690
2422 2595
2423 4846
2424 2525
2425 2522
2426 3639
2427 3236
2428 3035
2429 2776
2430 2484
2431 2574
2432 2496
2433 3244
2434 3651
2435 2922
2436 2494
2437 4874
2438 2491
2439 2710
2440 2501
2441 4882
2442 2508
2443 2792
2444 2496
2445 2608
2446 3669
2447 4894
2448 2499
2449 2528
2450 2520
2451 2508
2452 3065
2453 2676
2454 2863
2455 2946
2456 2763
2457 2520
2458 3687
2459 4918
2460 2520
2461 2568
2462 3693
2463 3284
2464 2520
2465 2550
2466 2603
2467 4934
2468 3085
2469 3292
2470 2535
2471 2824
2472 2575
2473 4946
2474 3711
2475 2530
2476 3095
2477 4954
2478 2537
2479 2546
2480 2542
2481 3308
2482 2555
2483 2674
2484 2538
2485 2556
2486 2599
2487 3316
2488 2799
2489 2620
2490 2573
2491 2544
2492 2581
2493 2770
2494 2552
2495 2994
2496 2548
2497 2724
2498 3747
2499 2618
2500 2600
2501 2562
2502 2641
2503 5006
2504 2817
2505 2672
2506 2685
2507 2616
2508 2565
2509 2702
2510 2761
2511 2592
2512 2669
2513 2872
2514 2933
2515 3018
2516 2584
2517 3356
2518 3777
2519 2748
2520 2576
2521 5042
2522 2619
2523 2610
2524 3155
2525 2626
2526 2947
2527 2660
2528 2607
2529 2810
2530 2585
2531 5062
2532 2743
2533 2682
2534 2715
2535 2600
2536 2853
2537 2596
2538 2592
2539 5078
2540 2667
2541 2618
2542 2604
2543 5086
2544 2597
2545 3054
2546 2613
2547 2830
2548 2600
2549 5098
2550 2625
2551 5102
2552 2610
2553 2622
2554 3831
2555 2628
2556 2627
2557 5114
2558 3837
2559 3412
2560 2624
2561 2758
2562 2623
2563 2796
2564 3205
2565 2622
2566 3849
2567 2718
2568 2675
2569 2936
2570 2827
2571 3428
2572 3215
2573 2656
2574 2640
2575 2678
2576 2632
2577 3436
2578 3867
2579 5158
2580 2640
2581 2670
2582 3873
2583 2646
2584 2652
2585 2640
2586 3017
2587 2786
2588 3235
2589 3452
2590 2660
2591 5182
2592 2646
2593 5186
2594 3891
2595 2768
2596 2655
2597 2650
2598 3031
2599 2712
2600 2665
2601 2754
2602 3903
2603 2740
2604 2666
2605 3126
2606 3909
2607 2686
2608 2771
2609 5218
2610 2668
2611 2984
2612 3265
2613 2680
2614 3921
2615 3138
2616 2725
2617 5234
2618 2695
2619 2716
2620 2751
2621 5242
2622 2679
2623 2684
2624 2688
2625 2700
2626 2727
2627 2698
2628 2701
2629 2868
2630 2893
2631 3508
2632 2688
2633 5266
2634 3073
2635 2720
2636 3295
2637 2930
2638 3957
2639 2730
2640 2695
2641 2780
2642 3963
2643 3524
2644 3305
2645 2760
2646 2700
2647 5294
2648 2979
2649 3532
2650 2703
2651 2892
2652 2720
2653 3032
2654 3981
2655 2714
2656 2739
2657 5314
2658 3101
2659 5318
2660 2730
2661 3548
2662 2783
2663 5326
2664 2736
2665 2730
2666 2728
2667 2794
2668 2726
2669 2826
2670 2759
2671 5342
2672 2839
2673 2754
2674 2865
2675 2782
2676 2899
2677 5354
2678 2781
2679 2736
2680 2747
2681 3064
2682 2831
2683 5366
2684 2745
2685 2864
2686 2765
2687 5374
2688 2744
2689 5378
2690 2959
2691 2760
2692 3365
2693 5386
2694 3143
2695 2750
2696 3033
2697 2784
2698 2769
2699 5398
2700 2754
2701 2774
2702 2895
2703 2862
2704 2808
2705 3246
2706 2772
2707 5414
2708 3385
2709 2772
2710 2981
2711 5422
2712 2825
2713 5426
2714 2773
2715 2896
2716 2813
2717 2860
2718 2869
2719 5438
2720 2788
2721 3628
2722 4083
2723 3112
2724 2951
2725 2834
2726 2784
2727 2828
2728 2790
2729 5458
2730 2795
2731 5462
2732 3415
2733 3644
2734 4101
2735 3282
2736 2793
2737 2856
2738 2812
2739 2822
2740 2877
2741 5482
2742 3199
2743 2954
2744 2800
2745 2806
2746 4119
2747 2814
2748 2977
2749 5498
2750 2805
2751 2882
2752 2816
2753 5506
2754 2808
2755 2850
2756 2862
2757 3676
2758 2955
2759 2848
2760 2820
2761 3012
2762 4143
2763 3070
2764 3455
2765 2844
2766 3227
2767 5534
2768 2941
2769 2840
2770 3047
2771 2934
2772 2835
2773 2832
2774 2847
2775 2850
2776 3123
2777 5554
2778 3241
2779 3176
2780 2919
2781 2884
2782 2889
2783 2904
2784 2842
2785 3342
2786 2985
2787 3716
2788 2856
2789 5578
2790 2852
2791 5582
2792 3141
2793 2850
2794 2921
2795 2860
2796 3029
2797 5594
2798 4197
2799 3110
2800 2856
2801 5602
2802 3269
2803 5606
2804 3505
2805 2860
2806 2867
2807 3208
2808 2880
2809 5618
2810 3091
2811 3748
2812 2886
2813 2910
2814 2881
2815 3378
2816 2880
2817 3130
2818 4227
2819 5638
2820 2880
2821 2912
2822 2905
2823 3764
2824 3177
2825 2938
2826 2983
2827 3084
2828 2929
2829 2898
2830 3113
2831 2980
2832 2891
2833 5666
2834 2943
2835 2898
2836 3545
2837 5674
2838 2904
2839 3006
2840 2911
2841 3788
2842 2900
2843 5686
2844 2923
2845 3414
2846 4269
2847 2920
2848 2937
2849 2926
2850 2907
2851 5702
2852 2914
2853 3170
2854 4281
2855 3426
2856 2912
2857 5714
2858 4287
2859 3812
2860 2915
2861 5722
2862 2968
2863 3272
2864 3043
2865 3056
2866 4299
2867 2928
2868 3107
2869 3020
2870 2940
2871 2958
2872 3231
2873 3042
2874 3353
2875 2990
2876 3595
2877 3014
2878 4317
2879 5758
2880 2940
2881 2948
2882 3013
2883 2976
2884 2987
2885 3462
2886 2960
2887 5774
2888 2964
2889 2996
2890 2975
2891 2950
2892 3133
2893 3156
2894 4341
2895 3088
2896 3077
2897 5794
2898 2961
2899 3122
2900 2958
2901 3868
2902 4353
2903 5806
2904 2970
2905 2988
2906 4359
2907 2964
2908 3635
2909 5818
2910 3007
2911 2982
2912 2968
2913 3884
2914 2976
2915 3180
2916 2997
2917 5834
2918 4377
2919 3058
2920 2993
2921 3048
2922 3409
2923 3002
2924 2992
2925 2990
2926 3003
2927 5854
2928 2989
2929 3030
2930 3223
2931 3908
2932 3665
2933 3352
2934 3097
2935 3522
2936 3303
2937 3026
2938 3051
2939 5878
2940 3000
2941 3114
2942 4413
2943 3052
2944 3008
2945 3040
2946 3437
2947 3368
2948 3015
2949 3932
2950 3009
2951 3178
2952 3024
2953 5906
2954 3165
2955 3152
2956 3695
2957 5914
2958 3016
2959 3228
2960 3034
2961 3024
2962 4443
2963 5926
2964 3021
2965 3558
2966 4449
2967 3036
2968 3024
2969 5938
2970 3036
2971 5942
2972 3715
2973 3964
2974 4461
2975 3060
2976 3038
2977 3206
2978 4467
2979 3310
2980 3129
2981 3252
2982 3053
2983 3140
2984 3357
2985 3184
2986 4479
2987 3090
2988 3071
2989 3050
2990 3055
2991 3988
2992 3060
2993 3066
2994 3493
2995 3594
2996 3103
2997 3078
2998 4497
2999 5998
3000 3060
3001 6002
3002 3081
3003 3080
3004 3755
3005 3606
3006 3173
3007 3104
3008 3072
3009 3068
3010 3080
3011 6022
3012 3263
3013 3144
3014 3151
3015 3082
3016 3074
3017 3448
3018 3521
3019 6038
3020 3171
3021 3078
3022 4533
3023 6046
3024 3087
3025 3146
3026 3115
3027 4036
3028 3785
3029 3262
3030 3131
3031 3464
3032 3411
3033 3370
3034 3108
3035 3642
3036 3102
3037 6074
3038 3100
3039 4052
3040 3116
3041 6082
3042 3120
3043 3222
3044 3805
3045 3132
3046 4569
3047 3324
3048 3175
3049 6098
3050 3111
3051 3164
3052 3161
3053 3124
3054 3563
3055 3120
3056 3247
3057 4076
3058 3197
3059 3192
3060 3120
3061 6122
3062 4593
3063 4084
3064 3447
3065 3678
3066 3139
3067 6134
3068 3127
3069 3162
3070 3377
3071 3154
3072 3136
3073 3512
3074 3132
3075 3150
3076 3845
3077 3258
3078 3135
3079 6158
3080 3150
3081 3160
3082 3149
3083 6166
3084 3341
3085 3702
3086 4629
3087 3150
3088 3281
3089 6178
3090 3193
3091 3372
3092 3865
3093 4124
3094 3185
3095 3714
3096 3168
3097 3260
3098 4647
3099 4132
3100 3162
3101 3544
3102 3168
3103 3210
3104 3201
3105 3174
3106 4659
3107 3346
3108 3182
3109 6218
3110 3421
3111 3172
3112 3501
3113 3396
3114 3287
3115 3204
3116 3192
3117 4156
3118 4677
3119 6238
3120 3180
3121 6242
3122 3345
3123 3470
3124 3195
3125 3250
3126 3647
3127 3186
3128 3196
3129 3278
3130 3443
3131 3232
3132 3190
3133 3374
3134 4701
3135 3230
3136 3200
3137 6274
3138 3661
3139 3212
3140 3297
3141 3490
3142 4713
3143 3592
3144 3275
3145 3230
3146 3267
3147 4196
3148 3935
3149 3216
3150 3213
3151 3288
3152 3349
3153 4204
3154 3237
3155 3786
3156 3419
3157 3234
3158 4737
3159 3240
3160 3239
3161 3270
3162 3224
3163 6326
3164 3277
3165 3376
3166 4749
3167 6334
3168 3234
3169 6338
3170 3487
3171 3322
3172 3233
3173 3340
3174 3243
3175 3302
3176 3573
3177 3530
3178 3405
3179 3366
3180 3240
3181 6362
3182 3256
3183 4244
3184 3383
3185 3250
3186 3245
3187 6374
3188 3985
3189 4252
3190 3248
3191 6382
3192 3268
3193 3296
3194 4791
3195 3266
3196 3264
3197 3336
3198 3276
3199 3656
3200 3264
3201 3298
3202 4803
3203 6406
3204 3293
3205 3846
3206 3435
3207 4276
3208 3609
3209 6418
3210 3317
3211 3380
3212 3285
3213 3276
3214 4821
3215 3858
3216 3283
3217 6434
3218 4827
3219 3306
3220 3290
3221 6442
3222 3401
3223 3516
3224 3286
3225 3300
3226 4839
3227 3688
3228 3497
3229 6458
3230 3315
3231 3590
3232 3333
3233 3294
3234 3300
3235 3882
3236 4045
3237 3320
3238 4857
3239 3318
3240 3300
3241 3704
3242 4863
3243 3312
3244 4055
3245 3304
3246 3787
3247 3438
3248 3360
3249 3420
3250 3315
3251 6502
3252 3523
3253 6506
3254 4881
3255 3348
3256 3330
3257 6514
3258 3439
3259 6518
3260 3423
3261 4348
3262 3495
3263 3514
3264 3328
3265 3918
3266 3337
3267 3366
3268 3344
3269 3736
3270 3379
3271 6542
3272 3681
3273 4364
3274 4911
3275 3406
3276 3339
3277 3390
3278 3427
3279 4372
3280 3360
3281 3474
3282 3829
3283 3350
3284 4105
3285 3358
3286 3348
3287 3460
3288 3425
3289 3432
3290 3360
3291 4388
3292 4115
3293 3382
3294 3355
3295 3954
3296 3399
3297 3454
3298 3395
3299 6598
3300 3360
3301 6602
3302 3429
3303 3670
3304 3363
3305 3966
3306 3393
3307 6614
3308 4135
3309 4412
3310 3641
3311 3388
3312 3381
3313 6626
3314 4971
3315 3380
3316 4145
3317 3424
3318 3397
3319 6638
3320 3403
3321 3402
3322 3473
3323 6646
3324 3601
3325 3420
3326 4989
3327 4436
3328 3392
3329 6658
3330 3404
3331 6662
3332 3400
3333 3434
3334 5001
3335 3450
3336 3475
3337 3408
3338 5007
3339 3402
3340 3507
3341 3598
3342 3899
3343 6686
3344 3420
3345 3568
3346 3585
3347 6694
3348 3410
3349 3546
3350 3417
3351 4468
3352 3771
3353 3832
3354 3432
3355 3416
3356 4195
3357 3730
3358 3431
3359 6718
3360 3420
3361 6722
3362 3444
3363 3540
3364 3480
3365 4038
3366 3432
3367 3458
3368 3789
3369 4492
3370 3707
3371 6742
3372 3653
3373 6746
3374 3615
3375 3450
3376 3587
3377 3684
3378 3941
3379 3488
3380 3445
3381 3450
3382 3471
3383 3582
3384 3456
3385 4062
3386 5079
3387 4516
3388 3465
3389 6778
3390 3503
3391 6782
3392 3456
3393 3480
3394 5091
3395 3492
3396 3679
3397 3476
3398 5097
3399 3502
3400 3468
3401 3580
3402 3465
3403 3486
3404 3478
3405 3632
3406 3537
3407 6814
3408 3479
3409 3896
3410 3472
3411 3790
3412 4265
3413 6826
3414 3983
3415 4098
3416 3477
3417 3484
3418 5127
3419 3682
3420 3480
3421 3732
3422 3540
3423 3586
3424 3531
3425 3562
3426 3997
3427 3576
3428 4285
3429 3556
3430 3500
3431 3504
3432 3498
3433 6866
3434 3535
3435 3664
3436 4295
3437 3928
3438 3629
3439 3620
3440 3520
3441 3534
3442 5163
3443 3756
3444 3526
3445 3510
3446 5169
3447 3830
3448 3879
3449 6898
3450 3519
3451 3570
3452 4315
3453 4604
3454 3611
3455 4146
3456 3520
3457 6914
3458 3549
3459 4612
3460 3633
3461 6922
3462 4039
3463 6926
3464 3897
3465 3528
3466 5199
3467 6934
3468 3536
3469 6938
3470 3817
3471 3560
3472 3534
3473 3624
3474 3667
3475 3614
3476 3555
3477 3538
3478 3552
3479 3550
3480 3567
3481 6962
3482 5223
3483 3564
3484 3551
3485 3570
3486 3569
3487 3804
3488 3597
3489 4652
3490 3839
3491 6982
3492 3589
3493 3992
3494 5241
3495 3728
3496 3572
3497 3766
3498 3564
3499 6998
3500 3570
3501 3890
3502 3605
3503 3616
3504 3577
3505 4206
3506 5259
3507 3674
3508 4385
3509 3630
3510 3575
3511 7022
3512 3951
3513 4684
3514 3765
3515 3610
3516 3809
3517 7034
3518 5277
3519 3588
3520 3584
3521 4024
3522 4109
3523 3794
3524 4405
3525 3600
3526 3608
3527 7054
3528 3591
3529 7058
3530 3883
3531 3638
3532 4415
3533 7066
3534 3596
3535 3636
3536 3604
3537 3668
3538 3599
3539 7078
3540 3658
3541 7082
3542 3619
3543 4724
3544 3987
3545 4254
3546 3743
3547 7094
3548 4435
3549 3640
3550 3621
3551 3618
3552 3626
3553 3740
3554 5331
3555 3634
3556 3683
3557 7114
3558 4151
3559 7118
3560 3649
3561 4748
3562 3699
3563 4072
3564 3630
3565 3680
3566 5349
3567 3654
3568 3791
3569 3652
3570 3640
3571 7142
3572 3648
3573 3970
3574 5361
3575 3640
3576 3725
3577 3650
3578 5367
3579 4772
3580 3759
3581 7162
3582 3781
3583 7166
3584 3648
3585 3824
3586 3749
3587 3798
3588 3657
3589 3686
3590 3949
3591 3654
3592 4041
3593 7186
3594 4193
3595 4314
3596 3658
3597 3706
3598 3855
3599 7198
3600 3672
3601 3878
3602 5403
3603 4804
3604 3672
3605 3708
3606 4207
3607 7214
3608 3690
3609 4010
3610 3705
3611 3768
3612 3696
3613 7226
3614 3753
3615 3856
3616 3729
3617 7234
3618 3685
3619 3696
3620 3801
3621 3692
3622 5433
3623 7246
3624 3775
3625 3750
3626 3700
3627 3720
3628 4535
3629 3820
3630 3696
3631 7262
3632 3859
3633 3806
3634 3713
3635 4362
3636 3737
3637 7274
3638 3745
3639 4852
3640 3705
3641 3972
3642 4249
3643 7286
3644 4555
3645 3726
3646 5469
3647 4168
3648 3712
3649 3738
3650 3723
3651 4868
3652 3735
3653 3934
3654 3717
3655 3740
3656 4113
3657 3726
3658 3720
3659 7318
3660 3782
3661 4184
3662 5493
3663 3762
3664 3893
3665 4398
3666 3744
3667 3860
3668 3799
3669 4892
3670 4037
3671 7342
3672 3740
3673 7346
3674 3841
3675 3750
3676 4595
3677 7354
3678 4291
3679 3962
3680 3760
3681 4090
3682 3945
3683 3810
3684 3991
3685 3752
3686 3783
3687 4916
3688 4149
3689 3808
3690 3772
3691 7382
3692 3763
3693 4924
3694 5541
3695 4434
3696 3762
3697 7394
3698 3784
3699 3836
3700 3774
3701 7402
3702 4319
3703 3864
3704 4167
3705 3770
3706 3815
3707 4044
3708 3811
3709 7418
3710 3780
3711 4948
3712 3776
3713 3792
3714 4333
3715 4458
3716 4645
3717 3780
3718 3861
3719 7438
3720 3813
3721 7442
3722 5583
3723 3796
3724 3800
3725 3874
3726 3795
3727 7454
3728 3961
3729 3842
3730 4103
3731 3822
3732 4043
3733 7466
3734 5601
3735 3818
3736 4203
3737 3838
3738 3827
3739 7478
3740 3808
3741 3828
3742 5613
3743 3940
3744 3816
3745 3852
3746 5619
3747 4996
3748 4685
3749 3912
3750 3825
3751 3872
3752 3819
3753 3892
3754 5631
3755 4506
3756 4069
3757 3978
3758 5637
3759 3938
3760 3840
3761 7522
3762 3828
3763 3834
3764 4705
3765 4016
3766 4035
3767 7534
3768 3925
3769 7538
3770 3835
3771 4190
3772 3854
3773 3850
3774 3848
3775 3926
3776 3840
3777 5036
3778 5667
3779 7558
3780 3843
3781 3980
3782 3904
3783 3880
3784 3870
3785 4542
3786 4417
3787 4328
3788 4735
3789 4210
3790 4169
3791 4014
3792 3871
3793 7586
3794 4065
3795 3864
3796 3869
3797 7594
3798 4009
3799 3930
3800 3876
3801 3982
3802 5703
3803 7606
3804 4121
3805 4566
3806 3979
3807 3888
3808 3876
3809 4102
3810 3937
3811 3914
3812 4765
3813 3906
3814 5721
3815 3924
3816 3888
3817 4164
3818 3901
3819 3886
3820 4011
3821 7642
3822 3900
3823 7646
3824 4063
3825 3900
3826 5739
3827 3916
3828 3894
3829 4376
3830 4213
3831 5108
3832 4311
3833 7666
3834 3905
3835 3900
3836 3973
3837 5116
3838 3939
3839 4188
3840 3904
3841 4008
3842 3955
3843 4026
3844 3968
3845 4614
3846 4487
3847 7694
3848 3922
3849 5132
3850 3920
3851 7702
3852 3959
3853 7706
3854 3936
3855 4112
3856 4097
3857 3990
3858 4501
3859 4086
3860 4053
3861 3960
3862 5793
3863 7726
3864 3933
3865 4638
3866 5799
3867 5156
3868 4835
3869 3942
3870 3956
3871 3950
3872 3960
3873 5164
3874 4023
3875 4000
3876 3944
3877 7754
3878 4155
3879 4310
3880 3977
3881 7762
3882 4529
3883 4236
3884 4855
3885 3990
3886 3953
3887 4056
3888 3960
3889 7778
3890 4279
3891 5188
3892 4031
3893 4122
3894 3960
3895 3990
3896 4383
3897 4330
3898 5847
3899 4456
3900 3965
3901 3984
3902 5853
3903 5204
3904 3968
3905 3976
3906 3999
3907 7814
3908 4885
3909 5212
3910 3995
3911 7822
3912 4075
3913 4004
3914 4017
3915 4002
3916 4005
3917 7834
3918 4571
3919 7838
3920 3990
3921 5228
3922 3996
3923 7846
3924 4033
3925 4082
3926 4077
3927 4004
3928 4419
3929 7858
3930 4061
3931 7862
3932 4915
3933 4002
3934 4215
3935 4722
3936 4018
3937 4064
3938 4117
3939 4040
3940 4137
3941 4504
3942 4015
3943 7886
3944 4012
3945 4208
3946 5919
3947 7894
3948 4032
3949 4308
3950 4029
3951 4390
3952 4028
3953 4020
3954 4613
3955 4068
3956 4042
3957 5276
3958 5937
3959 4066
3960 4026
3961 4194
3962 4245
3963 5284
3964 4955
3965 4030
3966 4627
3967 7934
3968 4092
3969 4050
3970 4367
3971 4180
3972 4303
3973 4110
3974 5961
3975 4050
3976 4047
3977 4074
3978 4056
3979 4152
3980 4179
3981 5308
3982 4163
3983 4552
3984 4067
3985 4782
3986 5979
3987 4430
3988 4985
3989 7978
3990 4060
3991 4298
3992 4491
3993 4114
3994 5991
3995 4080
3996 4070
3997 4568
3998 5997
3999 4092
4000 4080
4001 8002
4002 4071
4003 8006
4004 4081
4005 4094
4006 6009
4007 8014
4008 4175
4009 4220
4010 4411
4011 4202
4012 4080
4013 8026
4014 4237
4015 4088
4016 4267
4017 4120
4018 4100
4019 8038
4020 4087
4021 8042
4022 6033
4023 4172
4024 4527
4025 4140
4026 4092
4027 8054
4028 4104
4029 4108
4030 4095
4031 4170
4032 4104
4033 4142
4034 6051
4035 4304
4036 5045
4037 4404
4038 4711
4039 4616
4040 4141
4041 4490
4042 4128
4043 4354
4044 4381
4045 4854
4046 4165
4047 4118
4048 4136
4049 8098
4050 4125
4051 8102
4052 5065
4053 4246
4054 6081
4055 4866
4056 4134
4057 8114
4058 6087
4059 4158
4060 4130
4061 4192
4062 4739
4063 4302
4064 4191
4065 4336
4066 4173
4067 4150
4068 4181
4069 4382
4070 4144
4071 4140
4072 4581
4073 8146
4074 4171
4075 4238
4076 5095
4077 4228
4078 6117
4079 8158
4080 4148
4081 4158
4082 4239
4083 5444
4084 5105
4085 4180
4086 4313
4087 4154
4088 4161
4089 4176
4090 4499
4091 8182
4092 4158
4093 8186
4094 4183
4095 4186
4096 4224
4097 4338
4098 4781
4099 8198
4100 4182
4101 5468
4102 4395
4103 4476
4104 4176
4105 4926
4106 6159
4107 4218
4108 4187
4109 4696
4110 4247
4111 8222
4112 4369
4113 4570
4114 4235
4115 4938
4116 4200
4117 4296
4118 4189
4119 5492
4120 4223
4121 4438
4122 4351
4123 4256
4124 5155
4125 4200
4126 6189
4127 8254
4128 4214
4129 8258
4130 4200
4131 4212
4132 5165
4133 8266
4134 4212
4135 4962
4136 4224
4137 4334
4138 6207
4139 8278
4140 4209
4141 4242
4142 4251
4143 5524
4144 4218
4145 4974
4146 4837
4147 4290
4148 4216
4149 4610
4150 4233
4151 4744
4152 4325
4153 8306
4154 4221
4155 4432
4156 5195
4157 8314
4158 4224
4159 8318
4160 4240
4161 4234
4162 6243
4163 4344
4164 4511
4165 4250
4166 6249
4167 4630
4168 4689
4169 4548
4170 4309
4171 4268
4172 4321
4173 4280
4174 6261
4175 4342
4176 4248
4177 8354
4178 6267
4179 4378
4180 4256
4181 4294
4182 4264
4183 4272
4184 4707
4185 4278
4186 4277
4187 4266
4188 4537
4189 4260
4190 4609
4191 4318
4192 4323
4193 4792
4194 4427
4195 5034
4196 5245
4197 5596
4198 6297
4199 4420
4200 4270
4201 8402
4202 4393
4203 4670
4204 5255
4205 4350
4206 4907
4207 4808
4208 4471
4209 4278
4210 4631
4211 8422
4212 4290
4213 4596
4214 4300
4215 4496
4216 4284
4217 8434
4218 4292
4219 8438
4220 4431
4221 4288
4222 6333
4223 4326
4224 4312
4225 4394
4226 6339
4227 5636
4228 4379
4229 8458
4230 4320
4231 8462
4232 4324
4233 4316
4234 4307
4235 4312
4236 4589
4237 4460
4238 4401
4239 4396
4240 4320
4241 8482
4242 4343
4243 8486
4244 5305
4245 4528
4246 4439
4247 4384
4248 4320
4249 4856
4250 4335
4251 4360
4252 5315
4253 8506
4254 4963
4255 4370
4256 4332
4257 4356
4258 6387
4259 8518
4260 4331
4261 8522
4262 6393
4263 4350
4264 4346
4265 5118
4266 4345
4267 4518
4268 4365
4269 5692
4270 4340
4271 8542
4272 4361
4273 8546
4274 6411
4275 4350
4276 5345
4277 4368
4278 4347
4279 4668
4280 4387
4281 5708
4282 6423
4283 8566
4284 4352
4285 5142
4286 6429
4287 5716
4288 4355
4289 8578
4290 4368
4291 4904
4292 4366
4293 4374
4294 4407
4295 5154
4296 4475
4297 8594
4298 4605
4299 5732
4300 4386
4301 4488
4302 4541
4303 4634
4304 4573
4305 4410
4306 6459
4307 4380
4308 4667
4309 4448
4310 4741
4311 4790
4312 4389
4313 4540
4314 5033
4315 5178
4316 4399
4317 5756
4318 4445
4319 4936
4320 4392
4321 4470
4322 6483
4323 4454
4324 4416
4325 4498
4326 4429
4327 8654
4328 4869
4329 4440
4330 4763
4331 4402
4332 4408
4333 4952
4334 4531
4335 4420
4336 4607
4337 8674
4338 4579
4339 8678
4340 4410
4341 5788
4342 4509
4343 4444
4344 4525
4345 4424
4346 4428
4347 4416
4348 5435
4349 8698
4350 4425
4351 4580
4352 4420
4353 5804
4354 4665
4355 4690
4356 4455
4357 8714
4358 6537
4359 5812
4360 4469
4361 4450
4362 5089
4363 8726
4364 5455
4365 4462
4366 4440
4367 4764
4368 4446
4369 4626
4370 4465
4371 4464
4372 5465
4373 8746
4374 4455
4375 4500
4376 4923
4377 5836
4378 4577
4379 4530
4380 4453
4381 4718
4382 4695
4383 4870
4384 4521
4385 5262
4386 4472
4387 4494
4388 5485
4389 4466
4390 4829
4391 8782
4392 4464
4393 4584
4394 4563
4395 4688
4396 4553
4397 8794
4398 5131
4399 4482
4400 4480
4401 4564
4402 4473
4403 4522
4404 4771
4405 5286
4406 6609
4407 4520
4408 4484
4409 8818
4410 4480
4411 4812
4412 5515
4413 5884
4414 6621
4415 5298
4416 4485
4417 5048
4418 4512
4419 4910
4420 4488
4421 8842
4422 4556
4423 8846
4424 4503
4425 4500
4426 6639
4427 4660
4428 4510
4429 4532
4430 4873
4431 4642
4432 4709
4433 4576
4434 5173
4435 5322
4436 5545
4437 4524
4438 4755
4439 4632
4440 4514
4441 8882
4442 6663
4443 5924
4444 4545
4445 4572
4446 4524
4447 8894
4448 4587
4449 5932
4450 4539
4451 8902
4452 4536
4453 4526
4454 4585
4455 4536
4456 5013
4457 8914
4458 5201
4459 4550
4460 4683
4461 5948
4462 4559
4463 8926
4464 4536
4465 4560
4466 4543
4467 5956
4468 5585
4469 4578
4470 4619
4471 4734
4472 4558
4473 4544
4474 6711
4475 4654
4476 4849
4477 4598
4478 6717
4479 5972
4480 4550
4481 8962
4482 4565
4483 8966
4484 4560
4485 4554
4486 6729
4487 5128
4488 4576
4489 8978
4490 4939
4491 4990
4492 5615
4493 8986
4494 4601
4495 4640
4496 4777
4497 5996
4498 4671
4499 4908
4500 4575
4501 5144
4502 6753
4503 4582
4504 5067
4505 4590
4506 5257
4507 9014
4508 4600
4509 4676
4510 4592
4511 4858
4512 4606
4513 9026
4514 4588
4515 4620
4516 5645
4517 9034
4518 4769
4519 9038
4520 4633
4521 4658
4522 4641
4523 9046
4524 4602
4525 4706
4526 4599
4527 5030
4528 4811
4529 5176
4530 4681
4531 4728
4532 4635
4533 6044
4534 6801
4535 5442
4536 4608
4537 4886
4538 6807
4539 4628
4540 4767
4541 4780
4542 5299
4543 4620
4544 4615
4545 4646
4546 6819
4547 9094
4548 4927
4549 9098
4550 4620
4551 4662
4552 5121
4553 4710
4554 4623
4555 5466
4556 4690
4557 4650
4558 4644
4559 4656
4560 4636
4561 9122
4562 6843
4563 4680
4564 4727
4565 4648
4566 5327
4567 9134
4568 5139
4569 6092
4570 5027
4571 5224
4572 4699
4573 4842
4574 6861
4575 4650
4576 4664
4577 4776
4578 4687
4579 4820
4580 4809
4581 5090
4582 4661
4583 9166
4584 4775
4585 4716
4586 6879
4587 4726
4588 4662
4589 4942
4590 4675
4591 9182
4592 4674
4593 6124
4594 6891
4595 5514
4596 4979
4597 9194
4598 4719
4599 4672
4600 4692
4601 4708
4602 4680
4603 9206
4604 5755
4605 4912
4606 4700
4607 4878
4608 4680
4609 5028
4610 5071
4611 4698
4612 5765
4613 5272
4614 5383
4615 4686
4616 5193
4617 4698
4618 6927
4619 4768
4620 4690
4621 9242
4622 6933
4623 4824
4624 4760
4625 4750
4626 4883
4627 5288
4628 4717
4629 6172
4630 5093
4631 5052
4632 4825
4633 4746
4634 4965
4635 4738
4636 4712
4637 9274
4638 5411
4639 9278
4640 4720
4641 4732
4642 4853
4643 9286
4644 4730
4645 5574
4646 4747
4647 6196
4648 4731
4649 9298
4650 4725
4651 9302
4652 5815
4653 4752
4654 4833
4655 4750
4656 4753
4657 9314
4658 4795
4659 6212
4660 4893
4661 4740
4662 4736
4663 9326
4664 4752
4665 4976
4666 6999
4667 5026
4668 5057
4669 4830
4670 5137
4671 4844
4672 4745
4673 9346
4674 4756
4675 4760
4676 4843
4677 6236
4678 7017
4679 9358
4680 4752
4681 4832
4682 7023
4683 4906
4684 5855
4685 5622
4686 4757
4687 4796
4688 4981
4689 5210
4690 4760
4691 9382
4692 4784
4693 4940
4694 7041
4695 5008
4696 5283
4697 4774
4698 4779
4699 4826
4700 4794
4701 6268
4702 7053
4703 9406
4704 4788
4705 5646
4706 4887
4707 5230
4708 4815
4709 4986
4710 4867
4711 5384
4712 4788
4713 6284
4714 7071
4715 4830
4716 4847
4717 4806
4718 5055
4719 4840
4720 4800
4721 9442
4722 5509
4723 9446
4724 5905
4725 4800
4726 4865
4727 4890
4728 4925
4729 9458
4730 4816
4731 4814
4732 4823
4733 9466
4734 4997
4735 5682
4736 4810
4737 6316
4738 4841
4739 5416
4740 4819
4741 5172
4742 7113
4743 4836
4744 5337
4745 4818
4746 4859
4747 4848
4748 5935
4749 6332
4750 4845
4751 9502
4752 4824
4753 4850
4754 7131
4755 5072
4756 4838
4757 4828
4758 4836
4759 9518
4760 4845
4761 4968
4762 7143
4763 5196
4764 5161
4765 5718
4766 7149
4767 4994
4768 4917
4769 5020
4770 4860
4771 5138
4772 5965
4773 4884
4774 4851
4775 4966
4776 4975
4777 5058
4778 7167
4779 4860
4780 5019
4781 5464
4782 5579
4783 9566
4784 4876
4785 4872
4786 7179
4787 9574
4788 4864
4789 9578
4790 5269
4791 6388
4792 5391
4793 9586
4794 4888
4795 4932
4796 4905
4797 4914
4798 7197
4799 9598
4800 4875
4801 9602
4802 4900
4803 6404
4804 6005
4805 4960
4806 4895
4807 5016
4808 5409
4809 5038
4810 4884
4811 5094
4812 5213
4813 9626
4814 4897
4815 4922
4816 4902
4817 9634
4818 4891
4819 4898
4820 5061
4821 6428
4822 7233
4823 4914
4824 4896
4825 5018
4826 4953
4827 6436
4828 4899
4829 5268
4830 4935
4831 9662
4832 4983
4833 5012
4834 7251
4835 5802
4836 4914
4837 5528
4838 4920
4839 6452
4840 4928
4841 4944
4842 5111
4843 5010
4844 5017
4845 4930
4846 7269
4847 4978
4848 4949
4849 5222
4850 4947
4851 4928
4852 6065
4853 5064
4854 5663
4855 5826
4856 5463
4857 6476
4858 5205
4859 4972
4860 4941
4861 9722
4862 5005
4863 6484
4864 4940
4865 5004
4866 5677
4867 5024
4868 6085
4869 5410
4870 5357
4871 9742
4872 4956
4873 5316
4874 7311
4875 4950
4876 4968
4877 9754
4878 5149
4879 4998
4880 4960
4881 6508
4882 7323
4883 5140
4884 4958
4885 5862
4886 5235
4887 5068
4888 4982
4889 9778
4890 5053
4891 4964
4892 6115
4893 5126
4894 7341
4895 4984
4896 4968
4897 4980
4898 4977
4899 5112
4900 4998
4901 5070
4902 4988
4903 9806
4904 5517
4905 5014
4906 5129
4907 5608
4908 5317
4909 9818
4910 5401
4911 6548
4912 5219
4913 5202
4914 4992
4915 5898
4916 6145
4917 5066
4918 7377
4919 9838
4920 5002
4921 5054
4922 5029
4923 5470
4924 6155
4925 5122
4926 5747
4927 5306
4928 5005
4929 5022
4930 5015
4931 9862
4932 5069
4933 9866
4934 7401
4935 5040
4936 5553
4937 9874
4938 5761
4939 5388
4940 5016
4941 5022
4942 5295
4943 9886
4944 5047
4945 5060
4946 7419
4947 5044
4948 6185
4949 5050
4950 5025
4951 9902
4952 5571
4953 5080
4954 7431
4955 5946
4956 5040
4957 9914
4958 5032
4959 5046
4960 5040
4961 5082
4962 5789
4963 5672
4964 5037
4965 5296
4966 5157
4967 9934
4968 5040
4969 9938
4970 5112
4971 6628
4972 5085
4973 9946
4974 5803
4975 5174
4976 5287
4977 5056
4978 5109
4979 5362
4980 5063
4981 5274
4982 5076
4983 5134
4984 5073
4985 5982
4986 5263
4987 9974
4988 5074
4989 6652
4990 5489
4991 5152
4992 5070
4993 9986
4994 5221
4995 5106
4996 6245
4997 5260
4998 5096
4999 9998
5000 5100
5001 6668
5002 5084
5003 10006
5004 5143
5005 5082
5006 7509
5007 6676
5008 5321
5009 10018
5010 5177
5011 10022
5012 5191
5013 5570
5014 5123
5015 5100
5016 5092
5017 5190
5018 5211
5019 5258
5020 5271
5021 10042
5022 5103
5023 10046
5024 5181
5025 5100
5026 5385
5027 5484
5028 5447
5029 5136
5030 5533
5031 5148
5032 5106
5033 5752
5034 5873
5035 5130
5036 6295
5037 5110
5038 5267
5039 10078
5040 5120
5041 10082
5042 7563
5043 5166
5044 5141
5045 6054
5046 5133
5047 5150
5048 5679
5049 5148
5050 5151
5051 10102
5052 5473
5053 5216
5054 5187
5055 5392
5056 5135
5057 5446
5058 5339
5059 10118
5060 5152
5061 5302
5062 7593
5063 5146
5064 5275
5065 6078
5066 5215
5067 5630
5068 5249
5069 5206
5070 5148
5071 5532
5072 5389
5073 5162
5074 5160
5075 5220
5076 5170
5077 10154
5078 7617
5079 6772
5080 5207
5081 10162
5082 5159
5083 5304
5084 5166
5085 5198
5086 7629
5087 10174
5088 5184
5089 5816
5090 5599
5091 6788
5092 5168
5093 5556
5094 5377
5095 6114
5096 5187
5097 6796
5098 7647
5099 10198
5100 5175
5101 10202
5102 7653
5103 5184
5104 5192
5105 6126
5106 5180
5107 10214
5108 6385
5109 5240
5110 5183
5111 5380
5112 5254
5113 10226
5114 7671
5115 5208
5116 6395
5117 5236
5118 5971
5119 10238
5120 5200
5121 5690
5122 5319
5123 5232
5124 5208
5125 5250
5126 5359
5127 6836
5128 5769
5129 5352
5130 5220
5131 5864
5132 6415
5133 5220
5134 5285
5135 5214
5136 5243
5137 5604
5138 5505
5139 5710
5140 5397
5141 5238
5142 5999
5143 5282
5144 5787
5145 5250
5146 5229
5147 10294
5148 5226
5149 5420
5150 5253
5151 5252
5152 5244
5153 10306
5154 6013
5155 6186
5156 6445
5157 5348
5158 7737
5159 5236
5160 5246
5161 5558
5162 5251
5163 6884
5164 6455
5165 6198
5166 5248
5167 10334
5168 5244
5169 6892
5170 5264
5171 10342
5172 5603
5173 5912
5174 5373
5175 5250
5176 5823
5177 5344
5178 6041
5179 10358
5180 5254
5181 5338
5182 7773
5183 10366
5184 5265
5185 5270
5186 7779
5187 5278
5188 6485
5189 10378
5190 5363
5191 5370
5192 5280
5193 5770
5194 5292
5195 6234
5196 5629
5197 10394
5198 5311
5199 6932
5200 5280
5201 5944
5202 5304
5203 5324
5204 6505
5205 5552
5206 5343
5207 5334
5208 5292
5209 10418
5210 5731
5211 5404
5212 6515
5213 5614
5214 5293
5215 5364
5216 5379
5217 5328
5218 7827
5219 5526
5220 5307
5221 5448
5222 5595
5223 6964
5224 5877
5225 5320
5226 5304
5227 10454
5228 6535
5229 5312
5230 5753
5231 10462
5232 5341
5233 10466
5234 7851
5235 5584
5236 5313
5237 10474
5238 5335
5239 5408
5240 5371
5241 6988
5242 7863
5243 5350
5244 5320
5245 6294
5246 5332
5247 5346
5248 5330
5249 5430
5250 5325
5251 5340
5252 5353
5253 5356
5254 5328
5255 6306
5256 5402
5257 6008
5258 5497
5259 7012
5260 5523
5261 10522
5262 6139
5263 5540
5264 5358
5265 5346
5266 7899
5267 5496
5268 5707
5269 5748
5270 5355
5271 5522
5272 5931
5273 10546
5274 5567
5275 5486
5276 6595
5277 7036
5278 5369
5279 10558
5280 5360
5281 10562
5282 5421
5283 5870
5284 6605
5285 5436
5286 6167
5287 5598
5288 5949
5289 5412
5290 5405
5291 5434
5292 5376
5293 5372
5294 7941
5295 5648
5296 5627
5297 10594
5298 6181
5299 6056
5300 5400
5301 5394
5302 5543
5303 10606
5304 5382
5305 6366
5306 5685
5307 5394
5308 6635
5309 10618
5310 5400
5311 5424
5312 5395
5313 5390
5314 7971
5315 6378
5316 5759
5317 5726
5318 7977
5319 5516
5320 5396
5321 5634
5322 6209
5323 10646
5324 5445
5325 5400
5326 7989
5327 6088
5328 5439
5329 10658
5330 5412
5331 7108
5332 5418
5333 10666
5334 5461
5335 5432
5336 5428
5337 5930
5338 5495
5339 5620
5340 5429
5341 5450
5342 8013
5343 5480
5344 5511
5345 6414
5346 5427
5347 10694
5348 5539
5349 7132
5350 5457
5351 10702
5352 5575
5353 5454
5354 8031
5355 5440
5356 5459
5357 5844
5358 5452
5359 5592
5360 5440
5361 7148
5362 5745
5363 5536
5364 5513
5365 5510
5366 8049
5367 7156
5368 5456
5369 5460
5370 5549
5371 5502
5372 5451
5373 5572
5374 8061
5375 5500
5376 5460
5377 5660
5378 8067
5379 5542
5380 5649
5381 10762
5382 5460
5383 6152
5384 6057
5385 5744
5386 8079
5387 10774
5388 5837
5389 5706
5390 5467
5391 5990
5392 5729
5393 10786
5394 5481
5395 5478
5396 5472
5397 5654
5398 8097
5399 10798
5400 5475
5401 5892
5402 5548
5403 7204
5404 5597
5405 5520
5406 5508
5407 10814
5408 5512
5409 6010
5410 5951
5411 6184
5412 5494
5413 10826
5414 8121
5415 5510
5416 6093
5417 10834
5418 5504
5419 10838
5420 5691
5421 5560
5422 8133
5423 5610
5424 5537
5425 5580
5426 8139
5427 5508
5428 5520
5429 5518
5430 5611
5431 10862
5432 5529
5433 7244
5434 5577
5435 6522
5436 5587
5437 10874
5438 8157
5439 5550
5440 5520
5441 10882
5442 6349
5443 10886
5444 6805
5445 5544
5446 5835
5447 5866
5448 5675
5449 10898
5450 5559
5451 5530
5452 5546
5453 5586
5454 5555
5455 6546
5456 5544
5457 5564
5458 8187
5459 5562
5460 5538
5461 5588
5462 8193
5463 6070
5464 6147
5465 6558
5466 6377
5467 5544
5468 6835
5469 7292
5470 6017
5471 10942
5472 5548
5473 5894
5474 5593
5475 5694
5476 5624
5477 10954
5478 5561
5479 10958
5480 5617
5481 5568
5482 8223
5483 10966
5484 5941
5485 6582
5486 5697
5487 5580
5488 5586
5489 5988
5490 5580
5491 5780
5492 6865
5493 7324
5494 5576
5495 5652
5496 5725
5497 5736
5498 8247
5499 5616
5500 5600
5501 11002
5502 5633
5503 11006
5504 5590
5505 5872
5506 8259
5507 11014
5508 5589
5509 6296
5510 5605
5511 5678
5512 5616
5513 5662
5514 6433
5515 6618
5516 5713
5517 6130
5518 5607
5519 11038
5520 5600
5521 11042
5522 5773
5523 5786
5524 6905
5525 5610
5526 5833
5527 11054
5528 6219
5529 5626
5530 5609
5531 11062
5532 5993
5533 6036
5534 8301
5535 5658
5536 5709
5537 5650
5538 5616
5539 5730
5540 5817
5541 7388
5542 5705
5543 5784
5544 5621
5545 6654
5546 5640
5547 5676
5548 5624
5549 5728
5550 5661
5551 5642
5552 5899
5553 6170
5554 8331
5555 5656
5556 6019
5557 11114
5558 5955
5559 5668
5560 5699
5561 5644
5562 5665
5563 11126
5564 5671
5565 5670
5566 5687
5567 5860
5568 5655
5569 11138
5570 6127
5571 6190
5572 5771
5573 11146
5574 6503
5575 5798
5576 5658
5577 5720
5578 8367
5579 6376
5580 5670
5581 11162
5582 8373
5583 7444
5584 5933
5585 6702
5586 5684
5587 5738
5588 5715
5589 5670
5590 5676
5591 11182
5592 5825
5593 5712
5594 8391
5595 5968
5596 6995
5597 5790
5598 5909
5599 6108
5600 5680
5601 7468
5602 8403
5603 6034
5604 6071
5605 5700
5606 8409
5607 5696
5608 6309
5609 5688
5610 5695
5611 5792
5612 5704
5613 7484
5614 6015
5615 6738
5616 5694
5617 5754
5618 5724
5619 7492
5620 5901
5621 5698
5622 6559
5623 11246
5624 5772
5625 5750
5626 5723
5627 5958
5628 5712
5629 6062
5630 6193
5631 7508
5632 5720
5633 5764
5634 5947
5635 5750
5636 7045
5637 7516
5638 8457
5639 11278
5640 5734
5641 11282
5642 5733
5643 5742
5644 5727
5645 6774
5646 6587
5647 11294
5648 6001
5649 5918
5650 5763
5651 11302
5652 5809
5653 11306
5654 5911
5655 5742
5656 5757
5657 11314
5658 5740
5659 11318
5660 5943
5661 5772
5662 5811
5663 6472
5664 5760
5665 5768
5666 8499
5667 7556
5668 5777
5669 11338
5670 5751
5671 5778
5672 6381
5673 5766
5674 8511
5675 5902
5676 5762
5677 6488
5678 5845
5679 6310
5680 5760
5681 5928
5682 6629
5683 11366
5684 5782
5685 6064
5686 8529
5687 5808
5688 5767
5689 11378
5690 6259
5691 5962
5692 7115
5693 11386
5694 5772
5695 5780
5696 5785
5697 5908
5698 5775
5699 5838
5700 5795
5701 11402
5702 8553
5703 7604
5704 5796
5705 5868
5706 6023
5707 6146
5708 7135
5709 5882
5710 6281
5711 11422
5712 5796
5713 5910
5714 8571
5715 5842
5716 7145
5717 11434
5718 6671
5719 5852
5720 5808
5721 7628
5722 8583
5723 5820
5724 5830
5725 5954
5726 6135
5727 5810
5728 5907
5729 6066
5730 5921
5731 6252
5732 7165
5733 5824
5734 5828
5735 5890
5736 5975
5737 11474
5738 5889
5739 7652
5740 5822
5741 11482
5742 5829
5743 11486
5744 6103
5745 6128
5746 5915
5747 6568
5748 6227
5749 11498
5750 5865
5751 5832
5752 6471
5753 6276
5754 5891
5755 6906
5756 7195
5757 5858
5758 8637
5759 6202
5760 5840
5761 6584
5762 5848
5763 5876
5764 5895
5765 6918
5766 5859
5767 5846
5768 5871
5769 6410
5770 6347
5771 5970
5772 5850
5773 6024
5774 8661
5775 5880
5776 5928
5777 5886
5778 5885
5779 11558
5780 5865
5781 5904
5782 5880
5783 11566
5784 6025
5785 5874
5786 6049
5787 6430
5788 7235
5789 6616
5790 5983
5791 11582
5792 5973
5793 7724
5794 8691
5795 5890
5796 5880
5797 5984
5798 6021
5799 7732
5800 5900
5801 11602
5802 6769
5803 6632
5804 7255
5805 5934
5806 8709
5807 11614
5808 5896
5809 5966
5810 5893
5811 5960
5812 7265
5813 11626
5814 5916
5815 6978
5816 6543
5817 6094
5818 8727
5819 6072
5820 5917
5821 11642
5822 5904
5823 6470
5824 5915
5825 6058
5826 6797
5827 11654
5828 5922
5829 5916
5830 5936
5831 5950
5832 5913
5833 6140
5834 8751
5835 6224
5836 7295
5837 6286
5838 5977
5839 11678
5840 5920
5841 5940
5842 5969
5843 11686
5844 6331
5845 6012
5846 5925
5847 7796
5848 5934
5849 11698
5850 5928
5851 11702
5852 5985
5853 7804
5854 8781
5855 7026
5856 5952
5857 11714
5858 5959
5859 5952
5860 6153
5861 11722
5862 6839
5863 6006
5864 6597
5865 5950
5866 6285
5867 11734
5868 6031
5869 11738
5870 6457
5871 5974
5872 6239
5873 6712
5874 5963
5875 6000
5876 5989
5877 6530
5878 8817
5879 11758
5880 5964
5881 11762
5882 6055
5883 5994
5884 7355
5885 5992
5886 5995
5887 6090
5888 5980
5889 6040
5890 5985
5891 6028
5892 6383
5893 5976
5894 6315
5895 6026
5896 5984
5897 11794
5898 6881
5899 6246
5900 6000
5901 6182
5902 6129
5903 11806
5904 5986
5905 7086
5906 8859
5907 6086
5908 6119
5909 6220
5910 6107
5911 6168
5912 6651
5913 5994
5914 8871
5915 6006
5916 6003
5917 6014
5918 6187
5919 7892
5920 6000
5921 6112
5922 6016
5923 11846
5924 7405
5925 6004
5926 8889
5927 11854
5928 6032
5929 6050
5930 6523
5931 6590
5932 7415
5933 6282
5934 6020
5935 7122
5936 6042
5937 7916
5938 8907
5939 11878
5940 6030
5941 6398
5942 8913
5943 6226
5944 6687
5945 6090
5946 6937
5947 6260
5948 7435
5949 6610
5950 6035
5951 6492
5952 6045
5953 11906
5954 6183
5955 6352
5956 7445
5957 6118
5958 6289
5959 6060
5960 6109
5961 7948
5962 6233
5963 6052
5964 6048
5965 7158
5966 6123
5967 6084
5968 6341
5969 6096
5970 6169
5971 6824
5972 7465
5973 6154
5974 6077
5975 6214
5976 6059
5977 6116
5978 6076
5979 7972
5980 6072
5981 11962
5982 6979
5983 6176
5984 6072
5985 6080
5986 6068
5987 11974
5988 6487
5989 6102
5990 6589
5991 7988
5992 6099
5993 6454
5994 6075
5995 6104
5996 7495
5997 7996
5998 8997
5999 6856
6000 6080
6001 6354
6002 9003
6003 6090
6004 6083
6005 7206
6006 6097
6007 12014
6008 6759
6009 8012
6010 6611
6011 12022
6012 6179
6013 6872
6014 6111
6015 6416
6016 6110
6017 6564
6018 6120
6019 6482
6020 6106
6021 6244
6022 9033
6023 6340
6024 6275
6025 6266
6026 6157
6027 6150
6028 6165
6029 12058
6030 6120
6031 6194
6032 6136
6033 8044
6034 6465
6035 6120
6036 6539
6037 12074
6038 9057
6039 6138
6040 6191
6041 6904
6042 6148
6043 12086
6044 7555
6045 6138
6046 9069
6047 12094
6048 6132
6049 6312
6050 6160
6051 8068
6052 6141
6053 12106
6054 7063
6055 6228
6056 6813
6057 6730
6058 6291
6059 6142
6060 6161
6061 6270
6062 6495
6063 6192
6064 6443
6065 7278
6066 6403
6067 12134
6068 6150
6069 6188
6070 6677
6071 6538
6072 6160
6073 12146
6074 9111
6075 6156
6076 6174
6077 6180
6078 7091
6079 12158
6080 6160
6081 8108
6082 9123
6083 6636
6084 6201
6085 7302
6086 6265
6087 8116
6088 6849
6089 12178
6090 6177
6091 12182
6092 7615
6093 6770
6094 6371
6095 6210
6096 6223
6097 6188
6098 9147
6099 6206
6100 6200
6101 12202
6102 6215
6103 6462
6104 6213
6105 6216
6106 6192
6107 6304
6108 6617
6109 6258
6110 6204
6111 6208
6112 6303
6113 12226
6114 7133
6115 7338
6116 6255
6117 8156
6118 6251
6119 6330
6120 6205
6121 12242
6122 9183
6123 6280
6124 7655
6125 6250
6126 7147
6127 6684
6128 6511
6129 6356
6130 6743
6131 12262
6132 6216
6133 12266
6134 9201
6135 6544
6136 6240
6137 6460
6138 6231
6139 7016
6140 6447
6141 6230
6142 6225
6143 12286
6144 6240
6145 7374
6146 6585
6147 6830
6148 6254
6149 6292
6150 6232
6151 12302
6152 6921
6153 6446
6154 6335
6155 7386
6156 6237
6157 6288
6158 9237
6159 8212
6160 6240
6161 6262
6162 6320
6163 12326
6164 6256
6165 6302
6166 9249
6167 7048
6168 6425
6169 6368
6170 6787
6171 6292
6172 7715
6173 12346
6174 6272
6175 6270
6176 6369
6177 6264
6178 9267
6179 6346
6180 6283
6181 7064
6182 6463
6183 6412
6184 6957
6185 7422
6186 7217
6187 6456
6188 6279
6189 8252
6190 6809
6191 6342
6192 6278
6193 6756
6194 6357
6195 6300
6196 7745
6197 12394
6198 7231
6199 12398
6200 6300
6201 6318
6202 6645
6203 12406
6204 6298
6205 6290
6206 6313
6207 8276
6208 6305
6209 7096
6210 6300
6211 12422
6212 7765
6213 6322
6214 6453
6215 6328
6216 6300
6217 12434
6218 9327
6219 6910
6220 6531
6221 12442
6222 6324
6223 6350
6224 6613
6225 6308
6226 6509
6227 6706
6228 6401
6229 12458
6230 6319
6231 6324
6232 6314
6233 6504
6234 7273
6235 6380
6236 7795
6237 6318
6238 9357
6239 6606
6240 6336
6241 12482
6242 9363
6243 8324
6244 6467
6245 7494
6246 6593
6247 12494
6248 6336
6249 8332
6250 6375
6251 6384
6252 6773
6253 6422
6254 6360
6255 6394
6256 6348
6257 12514
6258 6407
6259 6828
6260 6573
6261 8348
6262 6363
6263 12526
6264 6351
6265 6444
6266 6507
6267 8356
6268 7835
6269 12538
6270 6365
6271 12542
6272 6370
6273 6396
6274 9411
6275 6526
6276 6799
6277 12554
6278 6364
6279 6370
6280 6437
6281 6852
6282 6631
6283 6386
6284 7855
6285 6704
6286 6735
6287 12574
6288 6419
6289 6620
6290 6375
6291 6524
6292 6413
6293 6496
6294 7343
6295 7554
6296 7083
6297 8396
6298 6392
6299 12598
6300 6384
6301 12602
6302 6439
6303 6494
6304 6501
6305 6402
6306 7357
6307 6426
6308 6391
6309 7010
6310 6941
6311 12622
6312 6575
6313 6420
6314 6396
6315 6736
6316 7895
6317 12634
6318 6399
6319 6408
6320 6478
6321 6450
6322 6431
6323 12646
6324 6417
6325 6440
6326 9489
6327 6438
6328 6441
6329 12658
6330 6541
6331 6818
6332 7915
6333 8444
6334 9501
6335 6516
6336 6424
6337 12674
6338 9507
6339 8452
6340 6657
6341 6714
6342 6493
6343 12686
6344 6448
6345 6480
6346 6513
6347 6924
6348 6440
6349 7256
6350 6477
6351 6438
6352 6749
6353 12706
6354 6707
6355 6510
6356 6583
6357 6520
6358 6545
6359 12718
6360 6466
6361 12722
6362 9543
6363 6464
6364 6450
6365 6460
6366 7427
6367 12734
6368 6567
6369 6562
6370 6461
6371 6648
6372 6480
6373 12746
6374 9561
6375 6460
6376 7173
6377 7288
6378 7441
6379 12758
6380 6490
6381 7090
6382 9573
6383 6874
6384 6468
6385 7662
6386 6489
6387 8516
6388 7985
6389 12778
6390 6480
6391 6474
6392 6486
6393 8524
6394 6533
6395 7674
6396 6478
6397 12794
6398 6855
6399 6636
6400 6500
6401 6574
6402 6499
6403 6740
6404 8005
6405 6510
6406 9609
6407 6556
6408 6497
6409 6630
6410 7051
6411 8548
6412 6641
6413 6534
6414 7483
6415 7698
6416 6817
6417 6510
6418 9627
6419 6550
6420 6527
6421 12842
6422 6591
6423 8564
6424 6512
6425 6682
6426 6528
6427 12854
6428 8035
6429 8572
6430 7073
6431 6540
6432 6528
6433 7352
6434 9651
6435 6534
6436 8045
6437 6594
6438 6525
6439 6576
6440 6532
6441 6554
6442 9663
6443 6822
6444 6623
6445 7734
6446 6739
6447 6754
6448 6552
6449 12898
6450 6536
6451 12902
6452 8065
6453 6692
6454 6915
6455 7746
6456 6725
6457 7044
6458 9687
6459 8612
6460 6545
6461 6552
6462 6821
6463 6744
6464 6565
6465 6896
6466 6572
6467 6690
6468 6552
6469 12938
6470 7117
6471 7190
6472 7281
6473 12946
6474 6557
6475 6650
6476 8095
6477 6604
6478 6560
6479 6688
6480 6570
6481 12962
6482 6945
6483 8644
6484 8105
6485 7782
6486 6580
6487 6986
6488 7299
6489 6592
6490 6600
6491 12982
6492 7033
6493 6644
6494 6685
6495 6928
6496 6608
6497 6586
6498 6612
6499 6596
6500 6600
6501 6698
6502 9753
6503 7432
6504 6775
6505 7806
6506 9759
6507 6748
6508 8135
6509 6792
6510 6603
6511 6894
6512 6600
6513 6680
6514 9771
6515 7818
6516 6697
6517 6650
6518 9777
6519 6642
6520 6683
6521 13042
6522 7609
6523 7116
6524 6757
6525 6612
6526 6777
6527 6634
6528 6624
6529 13058
6530 7183
6531 6842
6532 6624
6533 6672
6534 6633
6535 7842
6536 6622
6537 8716
6538 7005
6539 7042
6540 6649
6541 6752
6542 9813
6543 7270
6544 6953
6545 6630
6546 7637
6547 13094
6548 8185
6549 6660
6550 6681
6551 13102
6552 6636
6553 13106
6554 6667
6555 6650
6556 6705
6557 6640
6558 7651
6559 7496
6560 6720
6561 6804
6562 6755
6563 13126
6564 7111
6565 6666
6566 6664
6567 6766
6568 7389
6569 13138
6570 6660
6571 13142
6572 6678
6573 6886
6574 6747
6575 6838
6576 6713
6577 13154
6578 6721
6579 6708
6580 6674
6581 13162
6582 7679
6583 6810
6584 7407
6585 7024
6586 6675
6587 7528
6588 6696
6589 7188
6590 7249
6591 6760
6592 6695
6593 6940
6594 6751
6595 7914
6596 6693
6597 7330
6598 9897
6599 13198
6600 6688
6601 6762
6602 9903
6603 6696
6604 6731
6605 7926
6606 6973
6607 13214
6608 6720
6609 8812
6610 7271
6611 7212
6612 6699
6613 7002
6614 9921
6615 6720
6616 7443
6617 7126
6618 7721
6619 13238
6620 6951
6621 8828
6622 6708
6623 6802
6624 6716
6625 6750
6626 9939
6627 6768
6628 8285
6629 7576
6630 6715
6631 6980
6632 7461
6633 6732
6634 6741
6635 7962
6636 6720
6637 13274
6638 9957
6639 8852
6640 6723
6641 6870
6642 6765
6643 6734
6644 6795
6645 7088
6646 9969
6647 6936
6648 6925
6649 6758
6650 6745
6651 7390
6652 8315
6653 13306
6654 7763
6655 6776
6656 6760
6657 6974
6658 9987
6659 13318
6660 6750
6661 13322
6662 9993
6663 8884
6664 6762
6665 6820
6666 6767
6667 6780
6668 8335
6669 6786
6670 6785
6671 7624
6672 6811
6673 13346
6674 6768
6675 6764
6676 8345
6677 7284
6678 6784
6679 13358
6680 6847
6681 6812
6682 6939
6683 6846
6684 7241
6685 6876
6686 10029
6687 7430
6688 6776
6689 13378
6690 6913
6691 13382
6692 6931
6693 6790
6694 10041
6695 6798
6696 6789
6697 6878
6698 6895
6699 6786
6700 6800
6701 13402
6702 7819
6703 13406
6704 7123
6705 6854
6706 7185
6707 7060
6708 6794
6709 13418
6710 6820
6711 8948
6712 7551
6713 6850
6714 7087
6715 6800
6716 6808
6717 8956
6718 10077
6719 13438
6720 6804
6721 6864
6722 10083
6723 6972
6724 6888
6725 6994
6726 6840
6727 6944
6728 6844
6729 8972
6730 7403
6731 6858
6732 6831
6733 13466
6734 6825
6735 7184
6736 7157
6737 13474
6738 7861
6739 7032
6740 7077
6741 6848
6742 10113
6743 7356
6744 7025
6745 6840
6746 10119
6747 6920
6748 6989
6749 7146
6750 6840
6751 6908
6752 6963
6753 9004
6754 7061
6755 6948
6756 7319
6757 6990
6758 6867
6759 7510
6760 6864
6761 13522
6762 6860
6763 13526
6764 6853
6765 6888
6766 6965
6767 6868
6768 6862
6769 7736
6770 7447
6771 6882
6772 8465
6773 7294
6774 7903
6775 7046
6776 6864
6777 7028
6778 10167
6779 13558
6780 6893
6781 13562
6782 10173
6783 6902
6784 6890
6785 6900
6786 6873
6787 7404
6788 8485
6789 6882
6790 6887
6791 13582
6792 7075
6793 13586
6794 6880
6795 6946
6796 8495
6797 7768
6798 6901
6799 7322
6800 6885
6801 9068
6802 6981
6803 13606
6804 6888
6805 8166
6806 6972
6807 9076
6808 6900
6809 7428
6810 7037
6811 6950
6812 6943
6813 7570
6814 10221
6815 6960
6816 6912
6817 7218
6818 7305
6819 9092
6820 6930
6821 7180
6822 7201
6823 13646
6824 7677
6825 6916
6826 10239
6827 13654
6828 7397
6829 13658
6830 7513
6831 6930
6832 6944
6833 13666
6834 6936
6835 8202
6836 8545
6837 6966
6838 7101
6839 7816
6840 6930
6841 13682
6842 7153
6843 9124
6844 6960
6845 7030
6846 7009
6847 7014
6848 6955
6849 7610
6850 6987
6851 7072
6852 7423
6853 6942
6854 7003
6855 7312
6856 7713
6857 13714
6858 6985
6859 7220
6860 6958
6861 9148
6862 6956
6863 13726
6864 6952
6865 8238
6866 10299
6867 6976
6868 6969
6869 13738
6870 7099
6871 13742
6872 7731
6873 6960
6874 7365
6875 7000
6876 7067
6877 7176
6878 7059
6879 9172
6880 6966
6881 7864
6882 6975
6883 13766
6884 8605
6885 6970
6886 7199
6887 6984
6888 7011
6889 13778
6890 6996
6891 9188
6892 8615
6893 7006
6894 7277
6895 7092
6896 7327
6897 7018
6898 10347
6899 13798
6900 6992
6901 7004
6902 7021
6903 7020
6904 7767
6905 8286
6906 8057
6907 13814
6908 7065
6909 7050
6910 7601
6911 13822
6912 7008
6913 7136
6914 10371
6915 7376
6916 7007
6917 13834
6918 8071
6919 7106
6920 7093
6921 7690
6922 10383
6923 7084
6924 7501
6925 7202
6926 10389
6927 9236
6928 7361
6929 7098
6930 7020
6931 7170
6932 8665
6933 9244
6934 10401
6935 7030
6936 7038
6937 7928
6938 10407
6939 7196
6940 7287
6941 7572
6942 7031
6943 7074
6944 7056
6945 7408
6946 7097
6947 13894
6948 7141
6949 13898
6950 7089
6951 7282
6952 7040
6953 7362
6954 7068
6955 7062
6956 7050
6957 7730
6958 7056
6959 13918
6960 7047
6961 13922
6962 7080
6963 7174
6964 8705
6965 7164
6966 7052
6967 13934
6968 7072
6969 7070
6970 7055
6971 13942
6972 7138
6973 7340
6974 7291
6975 7068
6976 7085
6977 13954
6978 8141
6979 7976
6980 7329
6981 7160
6982 10473
6983 13966
6984 7081
6985 7112
6986 7485
6987 7124
6988 8735
6989 7230
6990 7223
6991 13982
6992 7084
6993 7104
6994 7263
6995 8394
6996 7102
6997 13994
6998 10497
6999 9332
7000 7100
7001 14002
7002 7391
7003 7152
7004 7107
7005 7472
7006 7119
7007 7098
7008 7104
7009 7172
7010 7711
7011 7134
7012 8765
7013 14026
7014 7181
7015 7130
7016 7893
7017 9356
7018 7139
7019 14038
7020 7110
7021 7140
7022 10533
7023 9364
7024 7463
7025 7306
7026 8197
7027 14054
7028 7279
7029 7128
7030 7125
7031 7120
7032 7325
7033 7574
7034 10551
7035 7140
7036 8795
7037 7264
7038 7140
7039 14078
7040 7128
7041 9388
7042 7545
7043 14086
7044 7631
7045 8454
7046 7317
7047 7134
7048 7929
7049 7182
7050 7144
7051 7692
7052 7138
7053 9404
7054 10581
7055 7470
7056 7154
7057 14114
7058 10587
7059 7240
7060 7413
7061 7368
7062 7169
7063 8072
7064 7947
7065 7222
7066 10599
7067 7258
7068 7161
7069 14138
7070 7171
7071 9428
7072 7176
7073 7716
7074 7205
7075 7358
7076 7192
7077 7414
7078 10617
7079 14158
7080 7198
7081 7178
7082 10623
7083 7870
7084 7176
7085 7194
7086 8267
7087 7460
7088 7531
7089 7228
7090 7799
7091 8104
7092 7289
7093 7266
7094 10641
7095 7224
7096 7983
7097 7248
7098 7189
7099 7328
7100 7200
7101 7364
7102 7208
7103 14206
7104 7200
7105 7250
7106 7293
7107 7210
7108 8885
7109 14218
7110 7200
7111 7658
7112 7239
7113 9484
7114 10671
7115 8538
7116 7709
7117 7764
7118 10677
7119 7232
7120 7209
7121 14242
7122 8309
7123 7542
7124 7261
7125 7220
7126 7635
7127 14254
7128 7216
7129 14258
7130 7245
7131 9508
7132 8915
7133 8152
7134 7221
7135 8562
7136 7359
7137 7254
7138 7224
7139 7260
7140 7242
7141 7334
7142 10713
7143 9524
7144 7238
7145 8574
7146 7543
7147 8168
7148 8935
7149 9532
7150 7260
7151 14302
7152 7301
7153 7464
7154 7252
7155 7290
7156 8945
7157 7578
7158 8351
7159 14318
7160 7339
7161 7254
7162 10743
7163 7410
7164 7363
7165 8598
7166 10749
7167 9556
7168 7280
7169 7276
7170 7409
7171 7272
7172 7335
7173 7970
7174 7385
7175 7350
7176 7268
7177 14354
7178 7275
7179 9572
7180 7539
7181 7348
7182 7296
7183 7836
7184 7633
7185 7664
7186 10779
7187 14374
7188 7787
7189 7280
7190 7909
7191 7332
7192 7308
7193 14386
7194 7303
7195 8634
7196 7453
7197 9596
7198 7316
7199 7512
7200 7290
7201 7580
7202 7479
7203 7350
7204 9005
7205 7336
7206 8407
7207 14414
7208 7314
7209 7298
7210 7313
7211 14422
7212 7813
7213 14426
7214 10821
7215 7326
7216 7304
7217 8248
7218 7619
7219 14438
7220 7315
7221 7308
7222 7379
7223 7456
7224 7353
7225 7514
7226 10839
7227 7326
7228 7367
7229 14458
7230 7471
7231 8264
7232 7345
7233 9644
7234 10851
7235 8682
7236 7344
7237 14474
7238 7332
7239 7366
7240 7421
7241 7798
7242 7344
7243 14486
7244 9055
7245 7350
7246 10869
7247 14494
7248 7399
7249 7908
7250 7375
7251 9668
7252 7350
7253 14506
7254 7347
7255 8706
7256 8163
7257 7380
7258 7449
7259 7378
7260 7370
7261 7398
7262 10893
7263 7532
7264 7491
7265 8718
7266 7439
7267 7436
7268 7360
7269 9692
7270 7997
7271 7932
7272 7373
7273 8312
7274 10911
7275 7372
7276 7383
7277 7660
7278 8491
7279 7530
7280 7371
7281 8090
7282 7613
7283 14566
7284 7891
7285 7440
7286 10929
7287 7634
7288 8199
7289 7486
7290 7380
7291 7608
7292 9115
7293 7436
7294 7815
7295 8754
7296 7392
7297 14594
7298 7387
7299 8110
7300 7400
7301 7450
7302 8519
7303 7412
7304 7392
7305 7792
7306 7587
7307 14614
7308 7395
7309 14618
7310 7480
7311 9748
7312 7769
7313 7416
7314 7420
7315 7410
7316 7434
7317 7588
7318 10977
7319 7882
7320 7440
7321 14642
7322 7845
7323 9764
7324 9155
7325 7618
7326 7425
7327 7758
7328 7557
7329 7678
7330 8063
7331 14662
7332 7426
7333 14666
7334 7527
7335 7498
7336 7467
7337 7590
7338 8561
7339 7518
7340 7707
7341 9788
7342 11013
7343 8392
7344 7446
7345 7458
7346 11019
7347 7440
7348 7515
7349 14698
7350 7448
7351 14702
7352 8271
7353 7482
7354 11031
7355 8826
7356 7969
7357 8408
7358 7641
7359 7582
7360 7452
7361 7794
7362 7771
7363 7562
7364 7627
7365 7856
7366 7493
7367 7506
7368 7675
7369 14738
7370 7480
7371 7462
7372 7469
7373 7474
7374 8603
7375 7500
7376 7837
7377 9836
7378 7497
7379 7536
7380 7470
7381 7502
7382 11073
7383 7490
7384 7488
7385 7596
7386 8617
7387 7476
7388 9235
7389 8210
7390 8129
7391 7780
7392 7480
7393 14786
7394 11091
7395 7540
7396 7568
7397 7966
7398 7535
7399 7550
7400 7500
7401 9868
7402 11103
7403 8076
7404 8021
7405 8886
7406 7567
7407 8230
7408 7871
7409 7648
7410 7505
7411 14822
7412 7521
7413 7766
7414 7751
7415 8898
7416 7519
7417 14834
7418 11127
7419 9892
7420 7526
7421 7602
7422 8659
7423 7994
7424 7540
7425 7524
7426 7520
7427 8488
7428 8047
7429 7752
7430 8173
7431 9908
7432 8361
7433 14866
7434 7552
7435 8922
7436 7579
7437 7548
7438 11157
7439 7612
7440 7533
7441 8504
7442 7564
7443 8270
7444 9305
7445 8934
7446 7548
7447 8124
7448 7546
7449 7640
7450 7599
7451 14902
7452 7544
7453 7710
7454 11181
7455 7560
7456 7689
7457 14914
7458 7571
7459 14918
7460 7833
7461 8290
7462 7553
7463 7902
7464 7775
7465 8958
7466 11199
7467 7598
7468 9335
7469 7566
7470 7560
7471 7712
7472 7939
7473 7614
7474 7575
7475 7590
7476 7565
7477 14954
7478 11217
7479 7756
7480 7568
7481 14962
7482 7611
7483 8552
7484 9355
7485 7984
7486 7683
7487 14974
7488 7584
7489 14978
7490 7597
7491 7718
7492 9365
7493 7620
7494 8743
7495 8994
7496 8433
7497 7616
7498 7661
7499 14998
7500 7600
7501 8078
7502 7623
7503 7626
7504 7616
7505 7600
7506 7645
7507 15014
7508 9385
7509 10012
7510 8261
7511 7714
7512 7825
7513 8196
7514 7735
7515 7682
7516 9395
7517 15034
7518 7697
7519 7622
7520 7614
7521 7630
7522 11283
7523 15046
7524 7623
7525 7700
7526 7632
7527 7720
7528 8469
7529 15058
7530 7781
7531 7974
7532 7801
7533 7626
7534 11301
7535 7672
7536 7693
7537 15074
7538 11307
7539 7898
7540 7656
7541 15082
7542 7961
7543 7940
7544 7636
7545 8048
7546 7644
7547 15094
7548 7650
7549 15098
7550 7701
7551 8390
7552 7670
7553 7644
7554 8813
7555 9066
7556 9445
7557 7786
7558 11337
7559 15118
7560 7650
7561 15122
7562 7761
7563 10084
7564 7686
7565 7654
7566 7663
7567 7728
7568 7740
7569 7830
7570 8327
7571 7684
7572 8203
7573 15146
7574 8115
7575 7676
7576 8523
7577 15154
7578 7999
7579 7722
7580 7959
7581 7714
7582 7805
7583 15166
7584 7680
7585 7770
7586 11379
7587 7868
7588 7859
7589 15178
7590 7700
7591 15182
7592 7696
7593 10124
7594 11391
7595 7750
7596 7807
7597 7704
7598 7729
7599 7748
7600 7695
7601 8292
7602 7783
7603 15206
7604 9505
7605 7722
7606 11409
7607 15214
7608 7925
7609 8696
7610 8371
7611 7740
7612 7785
7613 7944
7614 7708
7615 9138
7616 7728
7617 10156
7618 7911
7619 8020
7620 7747
7621 15242
7622 7725
7623 7722
7624 8577
7625 7750
7626 7719
7627 7890
7628 9535
7629 10172
7630 7739
7631 8218
7632 7738
7633 8082
7634 7981
7635 8144
7636 7728
7637 8728
7638 7752
7639 15278
7640 7831
7641 7924
7642 11463
7643 15286
7644 7735
7645 7784
7646 11469
7647 10196
7648 7887
7649 15298
7650 7740
7651 8744
7652 9565
7653 10204
7654 7743
7655 9186
7656 7772
7657 7904
7658 8205
7659 7770
7660 8043
7661 7824
7662 8939
7663 7760
7664 8143
7665 7770
7666 11499
7667 7854
7668 7776
7669 15338
7670 7788
7671 10228
7672 7809
7673 15346
7674 8953
7675 7982
7676 7777
7677 8530
7678 8027
7679 8776
7680 7776
7681 15362
7682 7849
7683 7880
7684 7797
7685 7830
7686 7808
7687 15374
7688 7812
7689 7922
7690 8459
7691 15382
7692 8333
7693 7850
7694 11541
7695 7790
7696 7800
7697 7876
7698 8981
7699 15398
7700 7800
7701 7852
7702 11553
7703 15406
7704 7811
7705 7820
7706 11559
7707 8074
7708 7802
7709 8302
7710 7967
7711 8412
7712 7953
7713 8570
7714 7847
7715 9258
7716 8359
7717 15434
7718 7945
7719 7812
7720 7913
7721 8824
7722 7821
7723 15446
7724 9655
7725 7828
7726 11589
7727 15454
7728 7820
7729 7860
7730 8503
7731 8590
7732 9665
7733 7942
7734 9023
7735 7826
7736 8703
7737 10316
7738 7844
7739 7848
7740 7830
7741 15482
7742 7840
7743 8010
7744 7865
7745 9294
7746 9037
7747 7874
7748 7897
7749 7872
7750 7875
7751 8088
7752 7854
7753 15506
7754 11631
7755 7896
7756 8033
7757 15514
7758 8189
7759 15518
7760 7857
7761 7960
7762 11643
7763 8872
7764 8411
7765 9318
7766 8119
7767 8630
7768 8739
7769 8226
7770 7875
7771 8180
7772 7888
7773 10364
7774 7943
7775 8086
7776 7872
7777 7878
7778 11667
7779 10372
7780 8169
7781 8032
7782 9079
7783 7964
7784 7923
7785 7958
7786 8015
7787 8386
7788 7906
7789 15578
7790 7885
7791 7938
7792 8279
7793 15586
7794 8227
7795 9354
7796 9745
7797 7910
7798 8355
7799 8508
7800 7900
7801 8070
7802 7896
7803 7956
7804 9755
7805 8028
7806 9107
7807 8018
7808 7930
7809 7946
7810 7920
7811 7918
7812 7905
7813 8414
7814 11721
7815 8336
7816 8793
7817 15634
7818 9121
7819 8936
7820 7912
7821 7920
7822 11733
7823 15646
7824 7987
7825 8138
7826 7917
7827 10436
7828 7931
7829 15658
7830 7920
7831 8022
7832 8010
7833 8206
7834 11751
7835 9402
7836 8489
7837 8298
7838 11757
7839 7956
7840 7938
7841 15682
7842 9149
7843 8096
7844 7950
7845 8368
7846 11769
7847 7980
7848 7957
7849 8016
7850 8007
7851 10468
7852 8003
7853 15706
7854 7956
7855 9426
7856 8347
7857 7954
7858 11787
7859 8130
7860 7991
7861 8984
7862 11793
7863 10484
7864 8847
7865 7986
7866 7980
7867 15734
7868 8149
7869 7998
7870 8657
7871 8334
7872 7968
7873 15746
7874 8001
7875 7980
7876 8055
7877 15754
7878 7979
7879 15758
7880 8077
7881 7992
7882 8445
7883 15766
7884 7992
7885 7980
7886 11829
7887 8126
7888 8004
7889 8050
7890 8153
7891 8498
7892 9865
7893 8770
7894 11841
7895 9474
7896 7990
7897 8046
7898 8257
7899 10532
7900 8000
7901 15802
7902 8341
7903 9032
7904 8008
7905 7998
7906 8024
7907 15814
7908 8567
7909 8628
7910 8023
7911 8204
7912 8004
7913 8106
7914 9233
7915 9498
7916 9895
7917 8008
7918 8025
7919 15838
7920 8019
7921 15842
7922 8155
7923 8062
7924 8207
7925 8242
7926 9247
7927 15854
7928 8919
7929 8810
7930 8052
7931 8034
7932 8593
7933 15866
7934 11901
7935 8050
7936 8060
7937 15874
7938 8036
7939 8406
7940 8337
7941 10588
7942 8151
7943 8112
7944 8275
7945 8172
7946 8083
7947 8830
7948 9935
7949 15898
7950 8056
7951 15902
7952 8064
7953 8194
7954 8051
7955 8140
7956 8058
7957 8066
7958 8131
7959 8338
7960 8159
7961 8380
7962 9289
7963 15926
7964 8145
7965 8100
7966 8535
7967 8224
7968 8064
7969 8582
7970 8767
7971 10628
7972 9965
7973 8092
7974 8417
7975 8120
7976 8973
7977 10636
7978 11967
7979 8080
7980 8075
7981 8328
7982 8289
7983 8870
7984 8483
7985 9582
7986 8107
7987 8150
7988 9985
7989 10652
7990 8084
7991 8122
7992 8100
7993 15986
7994 8565
7995 8118
7996 9995
7997 8724
7998 8091
7999 8420
8000 8100
8001 8128
8002 12003
8003 8154
8004 8096
8005 9606
8006 12009
8007 8164
8008 8099
8009 16018
8010 8188
8011 16022
8012 10015
8013 10684
8014 12021
8015 8244
8016 8183
8017 16034
8018 8229
8019 8118
8020 8421
8021 8638
8022 8213
8023 8136
8024 8142
8025 8132
8026 12039
8027 8376
8028 8251
8029 8246
8030 8140
8031 10708
8032 8283
8033 8310
8034 8137
8035 9642
8036 8134
8037 8178
8038 12057
8039 16078
8040 8160
8041 8228
8042 12063
8043 8426
8044 10055
8045 9654
8046 8195
8047 8666
8048 8551
8049 10732
8050 8165
8051 8148
8052 8174
8053 16106
8054 12081
8055 8234
8056 8162
8057 9208
8058 8160
8059 16118
8060 8184
8061 10748
8062 8201
8063 8796
8064 8160
8065 9678
8066 8175
8067 10756
8068 10085
8069 16138
8070 8339
8071 9224
8072 9081
8073 8190
8074 8441
8075 8170
8076 8749
8077 8274
8078 8655
8079 10772
8080 8181
8081 16162
8082 8531
8083 8220
8084 8178
8085 8190
8086 8397
8087 16174
8088 8425
8089 16178
8090 8899
8091 8184
8092 8211
8093 16186
8094 8208
8095 9714
8096 8188
8097 10796
8098 12147
8099 8722
8100 8200
8101 16202
8102 12153
8103 8214
8104 9117
8105 9726
8106 8299
8107 8228
8108 10135
8109 8262
8110 8921
8111 16222
8112 8216
8113 8246
8114 12171
8115 8656
8116 10145
8117 16234
8118 8217
8119 8472
8120 8236
8121 10828
8122 8253
8123 16246
8124 8801
8125 8250
8126 8365
8127 8256
8128 8255
8129 8868
8130 8401
8131 8304
8132 8239
8133 10844
8134 8232
8135 9762
8136 8249
8137 8240
8138 8451
8139 10852
8140 8250
8141 9304
8142 8260
8143 8622
8144 8653
8145 8326
8146 12219
8147 16294
8148 8245
8149 8430
8150 8313
8151 8294
8152 9171
8153 8416
8154 8305
8155 8388
8156 10195
8157 10876
8158 12237
8159 8358
8160 8256
8161 16322
8162 8268
8163 9070
8164 8321
8165 8280
8166 9527
8167 16334
8168 9189
8169 8558
8170 8265
8171 16342
8172 8399
8173 8916
8174 8296
8175 8284
8176 8288
8177 8398
8178 8272
8179 16358
8180 8589
8181 8282
8182 12273
8183 8350
8184 8277
8185 9822
8186 12279
8187 10916
8188 8280
8189 8620
8190 8295
8191 16382
8192 8320
8193 10924
8194 8435
8195 8344
8196 8879
8197 9368
8198 12297
8199 9110
8200 8300
8201 8340
8202 9569
8203 8834
8204 8497
8205 8752
8206 8579
8207 8490
8208 8316
8209 16418
8210 9031
8211 8330
8212 10265
8213 8404
8214 8325
8215 8370
8216 8320
8217 8316
8218 8805
8219 16438
8220 8357
8221 16442
8222 12333
8223 10964
8224 8481
8225 8400
8226 8683
8227 8660
8228 8349
8229 8440
8230 9053
8231 16462
8232 8330
8233 16466
8234 8413
8235 8370
8236 8352
8237 16474
8238 9611
8239 8346
8240 8343
8241 8364
8242 8559
8243 16486
8244 8473
8245 8342
8246 8379
8247 10996
8248 9279
8249 8362
8250 8360
8251 8474
8252 10315
8253 8384
8254 12381
8255 8382
8256 8352
8257 8616
8258 12387
8259 11012
8260 8378
8261 9012
8262 8364
8263 16526
8264 9297
8265 8360
8266 12399
8267 9448
8268 8374
8269 16538
8270 9097
8271 9190
8272 8366
8273 16546
8274 8471
8275 8606
8276 10345
8277 8370
8278 12417
8279 8766
8280 8395
8281 8450
8282 8383
8283 8534
8284 8393
8285 9942
8286 9667
8287 16574
8288 8400
8289 8596
8290 9119
8291 16582
8292 8983
8293 16586
8294 8437
8295 8400
8296 8418
8297 16594
8298 8759
8299 8492
8300 8400
8301 11068
8302 8895
8303 8664
8304 8477
8305 8456
8306 12459
8307 8424
8308 8432
8309 9496
8310 8587
8311 16622
8312 9351
8313 8476
8314 12471
8315 9978
8316 8415
8317 16634
8318 12477
8319 8460
8320 8424
8321 8478
8322 8436
8323 8526
8324 10405
8325 8436
8326 8507
8327 9084
8328 8675
8329 16658
8330 8428
8331 11108
8332 10415
8333 8974
8334 8797
8335 10002
8336 8857
8337 8734
8338 8717
8339 8608
8340 8479
8341 8780
8342 8439
8343 8446
8344 8493
8345 10014
8346 8453
8347 8838
8348 10435
8349 8470
8350 8517
8351 9544
8352 8448
8353 16706
8354 12531
8355 8912
8356 10445
8357 8494
8358 8557
8359 9002
8360 8455
8361 9290
8362 8475
8363 16726
8364 8466
8365 8604
8366 8460
8367 11156
8368 8891
8369 16738
8370 8463
8371 9132
8372 8533
8373 11164
8374 8480
8375 8500
8376 8725
8377 16754
8378 8496
8379 8512
8380 8799
8381 8670
8382 8509
8383 8484
8384 8515
8385 8514
8386 8985
8387 16774
8388 8621
8389 16778
8390 9229
8391 11188
8392 9441
8393 8502
8394 9793
8395 8510
8396 10495
8397 8708
8398 8619
8399 8626
8400 8500
8401 8672
8402 12603
8403 11204
8404 8595
8405 8610
8406 8873
8407 9608
8408 9459
8409 11212
8410 8555
8411 9058
8412 9113
8413 8592
8414 9015
8415 8514
8416 8679
8417 8860
8418 8540
8419 16838
8420 8841
8421 8822
8422 12633
8423 16846
8424 8528
8425 8762
8426 8809
8427 8586
8428 8526
8429 16858
8430 8711
8431 16862
8432 8556
8433 9370
8434 12651
8435 8676
8436 8547
8437 8580
8438 12657
8439 8536
8440 8651
8441 8808
8442 8568
8443 16886
8444 10555
8445 9008
8446 8549
8447 16894
8448 8544
8449 8568
8450 8580
8451 8764
8452 10565
8453 8560
8454 9863
8455 8550
8456 8607
8457 11276
8458 12687
8459 9228
8460 8554
8461 16922
8462 12693
8463 8680
8464 8648
8465 10158
8466 8568
8467 16934
8468 8584
8469 9410
8470 8580
8471 8668
8472 8825
8473 8702
8474 8697
8475 8588
8476 8639
8477 8650
8478 8635
8479 8618
8480 8586
8481 8738
8482 12723
8483 8982
8484 8585
8485 10182
8486 12729
8487 8610
8488 9549
8489 9142
8490 8773
8491 9704
8492 8685
8493 8642
8494 8631
8495 10194
8496 8614
8497 8790
8498 9105
8499 11332
8500 8600
8501 17002
8502 8611
8503 9276
8504 9567
8505 8610
8506 12759
8507 8688
8508 9217
8509 8636
8510 8625
8511 11348
8512 8624
8513 17026
8514 8613
8515 8646
8516 10645
8517 8684
8518 12777
8519 9736
8520 8640
8521 17042
8522 12783
8523 9470
8524 10655
8525 8680
8526 8624
8527 17054
8528 8632
8529 11372
8530 9383
8531 8980
8532 8640
8533 8694
8534 8785
8535 9104
8536 8633
8537 17074
8538 9961
8539 17078
8540 8662
8541 8658
8542 12813
8543 17086
8544 8640
8545 10254
8546 12819
8547 8658
8548 10685
8549 8652
8550 8645
8551 9054
8552 9621
8553 11404
8554 8648
8555 8700
8556 8680
8557 8756
8558 8947
8559 8876
8560 8667
8561 9784
8562 9989
8563 17126
8564 10705
8565 9136
8566 12849
8567 9226
8568 8670
8569 8778
8570 9427
8571 11428
8572 10715
8573 17146
8574 10003
8575 8750
8576 8704
8577 9530
8578 12867
8579 8952
8580 8690
8581 17162
8582 9195
8583 11444
8584 8700
8585 8686
8586 8692
8587 8864
8588 8701
8589 8998
8590 9449
8591 8712
8592 8771
8593 9254
8594 12891
8595 8786
8596 8903
8597 17194
8598 10031
8599 17198
8600 8700
8601 8742
8602 8789
8603 9832
8604 8843
8605 10326
8606 8937
8607 8758
8608 8877
8609 17218
8610 8715
8611 8720
8612 10765
8613 8712
8614 8732
8615 10338
8616 8975
8617 9848
8618 8757
8619 8788
8620 9051
8621 8854
8622 9101
8623 17246
8624 8722
8625 8740
8626 8853
8627 17254
8628 9347
8629 17258
8630 9493
8631 8768
8632 8736
8633 8730
8634 10073
8635 8792
8636 8763
8637 11516
8638 9255
8639 8802
8640 8736
8641 17282
8642 8791
8643 8772
8644 10805
8645 8740
8646 8777
8647 17294
8648 8832
8649 8928
8650 8823
8651 8862
8652 8755
8653 9162
8654 12981
8655 9232
8656 9197
8657 9444
8658 8769
8659 9896
8660 9093
8661 11548
8662 8784
8663 17326
8664 8778
8665 10398
8666 9285
8667 8774
8668 8865
8669 17338
8670 8772
8671 8970
8672 8943
8673 8820
8674 13011
8675 9022
8676 8917
8677 17354
8678 13017
8679 8942
8680 8804
8681 17362
8682 10129
8683 9140
8684 8851
8685 8878
8686 8787
8687 8806
8688 8869
8689 17378
8690 8800
8691 11588
8692 8798
8693 17386
8694 8820
8695 8880
8696 9783
8697 8920
8698 13047
8699 17398
8700 8800
8701 8814
8702 8931
8703 9670
8704 8832
8705 10446
8706 10157
8707 17414
8708 9019
8709 11612
8710 8840
8711 8992
8712 8811
8713 17426
8714 13071
8715 8820
8716 10895
8717 9096
8718 10171
8719 17438
8720 8829
8721 8874
8722 8820
8723 8866
8724 9451
8725 9074
8726 13089
8727 11636
8728 9819
8729 8932
8730 8827
8731 17462
8732 8850
8733 8856
8734 9131
8735 10482
8736 8832
8737 17474
8738 8995
8739 9710
8740 8835
8741 17482
8742 8883
8743 9992
8744 9837
8745 8904
8746 13119
8747 17494
8748 8856
8749 9422
8750 8875
8751 11668
8752 9299
8753 17506
8754 10213
8755 8858
8756 8955
8757 8896
8758 8909
8759 9220
8760 8880
8761 17522
8762 9099
8763 8890
8764 9077
8765 10518
8766 9253
8767 9564
8768 8905
8769 8880
8770 9647
8771 8950
8772 8874
8773 9056
8774 8881
8775 8892
8776 9873
8777 8908
8778 8892
8779 17558
8780 9219
8781 11708
8782 13173
8783 17566
8784 8906
8785 9036
8786 8977
8787 8888
8788 8957
8789 8976
8790 9083
8791 8940
8792 8949
8793 9770
8794 13191
8795 10554
8796 9529
8797 9260
8798 8904
8799 9218
8800 8900
8801 9478
8802 8965
8803 17606
8804 8928
8805 9392
8806 8925
8807 17614
8808 9175
8809 9192
8810 9691
8811 8910
8812 11015
8813 10072
8814 8927
8815 9020
8816 8932
8817 11756
8818 13227
8819 17638
8820 8918
8821 17642
8822 9223
8823 8996
8824 9927
8825 9178
8826 10297
8827 8924
8828 11035
8829 8938
8830 9713
8831 17662
8832 8928
8833 8954
8834 9465
8835 8990
8836 9024
8837 17674
8838 9329
8839 17678
8840 8944
8841 9262
8842 13263
8843 9082
8844 8976
8845 8990
8846 13269
8847 9830
8848 8960
8849 17698
8850 8968
8851 9018
8852 11065
8853 9080
8854 9087
8855 8970
8856 8964
8857 9378
8858 8961
8859 11812
8860 9303
8861 17722
8862 9073
8863 17726
8864 9141
8865 9062
8866 9009
8867 17734
8868 9607
8869 9050
8870 9757
8871 11828
8872 9981
8873 9340
8874 8976
8875 9000
8876 9193
8877 9146
8878 9071
8879 9562
8880 8991
8881 8988
8882 13323
8883 9024
8884 11105
8885 10662
8886 10367
8887 17774
8888 8989
8889 11852
8890 9017
8891 9414
8892 9006
8893 17786
8894 13341
8895 9488
8896 9035
8897 9114
8898 10381
8899 9708
8900 9000
8901 9030
8902 13353
8903 9210
8904 9010
8905 9042
8906 9028
8907 11876
8908 9039
8909 9060
8910 9009
8911 9044
8912 9469
8913 11884
8914 13371
8915 10698
8916 9659
8917 9158
8918 9016
8919 9910
8920 9143
8921 9732
8922 10409
8923 17846
8924 9021
8925 9030
8926 13389
8927 9040
8928 9024
8929 17858
8930 9120
8931 9160
8932 9048
8933 17866
8934 10423
8935 10722
8936 10053
8937 9268
8938 9047
8939 10216
8940 9089
8941 17882
8942 9205
8943 9214
8944 9048
8945 10734
8946 9072
8947 9336
8948 11185
8949 9106
8950 9129
8951 17902
8952 9325
8953 10232
8954 9075
8955 9154
8956 11195
8957 9126
8958 10451
8959 9248
8960 9072
8961 9064
8962 13443
8963 17926
8964 9072
8965 9128
8966 13449
8967 9114
8968 9086
8969 17938
8970 9085
8971 17942
8972 11215
8973 9970
8974 9615
8975 9334
8976 9078
8977 9168
8978 9112
8979 9102
8980 9429
8981 10264
8982 9481
8983 9674
8984 10107
8985 9584
8986 13479
8987 9196
8988 9095
8989 9090
8990 9135
8991 9102
8992 9273
8993 9384
8994 10493
8995 9252
8996 9169
8997 11996
8998 9407
8999 17998
9000 9100
9001 18002
9002 9645
9003 12004
9004 11255
9005 10806
9006 9120
9007 18014
9008 9571
9009 9108
9010 9116
9011 18022
9012 9763
9013 18026
9014 13521
9015 9616
9016 9114
9017 9144
9018 9185
9019 9330
9020 9130
9021 9118
9022 9369
9023 10312
9024 9165
9025 9386
9026 13539
9027 9180
9028 9150
9029 18058
9030 9135
9031 9852
9032 10161
9033 12044
9034 13551
9035 9174
9036 9287
9037 10328
9038 13557
9039 9170
9040 9153
9041 18082
9042 9179
9043 18086
9044 9163
9045 9180
9046 13569
9047 9156
9048 9152
9049 18098
9050 9231
9051 9482
9052 9176
9053 9876
9054 9557
9055 10866
9056 9339
9057 12076
9058 9705
9059 18118
9060 9211
9061 9282
9062 9259
9063 9222
9064 9167
9065 9250
9066 10577
9067 18134
9068 11335
9069 12092
9070 9977
9071 9264
9072 9180
9073 9284
9074 9423
9075 9196
9076 11345
9077 9390
9078 9180
9079 10376
9080 9307
9081 10090
9082 9321
9083 9376
9084 9841
9085 9200
9086 9204
9087 9320
9088 9216
9089 9238
9090 9191
9091 18182
9092 11365
9093 9526
9094 13641
9095 9202
9096 9475
9097 9924
9098 13647
9099 9436
9100 9200
9101 9580
9102 9213
9103 18206
9104 9673
9105 9712
9106 9263
9107 10408
9108 9207
9109 18218
9110 10021
9111 12148
9112 9246
9113 9814
9114 9212
9115 10938
9116 9222
9117 10130
9118 9215
9119 9948
9120 9234
9121 10424
9122 13683
9123 12164
9124 11405
9125 9250
9126 9243
9127 18254
9128 9291
9129 9308
9130 9240
9131 9528
9132 9893
9133 18266
9134 13701
9135 9240
9136 9707
9137 18274
9138 10661
9139 9386
9140 9597
9141 9418
9142 9795
9143 9366
9144 9271
9145 9300
9146 9415
9147 12196
9148 11435
9149 10456
9150 9272
9151 18302
9152 9256
9153 9266
9154 9353
9155 10986
9156 9265
9157 18314
9158 9399
9159 9288
9160 9389
9161 18322
9162 9671
9163 9282
9164 9280
9165 9306
9166 13749
9167 9270
9168 9359
9169 9342
9170 9301
9171 10190
9172 11465
9173 18346
9174 9313
9175 9542
9176 9300
9177 9310
9178 9531
9179 9316
9180 9282
9181 18362
9182 13773
9183 12244
9184 9296
9185 9352
9186 10717
9187 18374
9188 11485
9189 10210
9190 10109
9191 9292
9192 9575
9193 9510
9194 13791
9195 9808
9196 9317
9197 9738
9198 9324
9199 18398
9200 9300
9201 12268
9202 9309
9203 18406
9204 9322
9205 9468
9206 13809
9207 9306
9208 10359
9209 18418
9210 9517
9211 9362
9212 9310
9213 9324
9214 9485
9215 9700
9216 9344
9217 9926
9218 9637
9219 9658
9220 9681
9221 18442
9222 9328
9223 9624
9224 10377
9225 9348
9226 9885
9227 18454
9228 9997
9229 10068
9230 9360
9231 9412
9232 9809
9233 10552
9234 9348
9235 11082
9236 11545
9237 12316
9238 9387
9239 18478
9240 9345
9241 18482
9242 13863
9243 9360
9244 11555
9245 9460
9246 9380
9247 10568
9248 9384
9249 12332
9250 9375
9251 9570
9252 9509
9253 9740
9254 9915
9255 9872
9256 9360
9257 18514
9258 10801
9259 9456
9260 9723
9261 9408
9262 9683
9263 9420
9264 9457
9265 9374
9266 9379
9267 12356
9268 9599
9269 9568
9270 9373
9271 9398
9272 9394
9273 9554
9274 13911
9275 9450
9276 10049
9277 18554
9278 13917
9279 10310
9280 9396
9281 18562
9282 9384
9283 18566
9284 9495
9285 9904
9286 13929
9287 9538
9288 9396
9289 10616
9290 10219
9291 9454
9292 9393
9293 18586
9294 10843
9295 9438
9296 9408
9297 10330
9298 13947
9299 9846
9300 9400
9301 9432
9302 13953
9303 9746
9304 10467
9305 11166
9306 9405
9307 9534
9308 9487
9309 9416
9310 9408
9311 18622
9312 9506
9313 9452
9314 13971
9315 9430
9316 9453
9317 9438
9318 10871
9319 18638
9320 9553
9321 9560
9322 9440
9323 18646
9324 9435
9325 9698
9326 13989
9327 12436
9328 9434
9329 9820
9330 9641
9331 9548
9332 11665
9333 9486
9334 9693
9335 11202
9336 9725
9337 18674
9338 9499
9339 9622
9340 9807
9341 18682
9342 9515
9343 18686
9344 9472
9345 9450
9346 14019
9347 10066
9348 9462
9349 18698
9350 9460
9351 10390
9352 9519
9353 9552
9354 10913
9355 11226
9356 11695
9357 12476
9358 14037
9359 9550
9360 9464
9361 9614
9362 9513
9363 12484
9364 11705
9365 11238
9366 9589
9367 9690
9368 10539
9369 9716
9370 10307
9371 18742
9372 9504
9373 9476
9374 9483
9375 9500
9376 9669
9377 18754
9378 9899
9379 9492
9380 9514
9381 9540
9382 14073
9383 10236
9384 9486
9385 11262
9386 9633
9387 9536
9388 11735
9389 9618
9390 9703
9391 18782
9392 9979
9393 9494
9394 9516
9395 11274
9396 9504
9397 18794
9398 9525
9399 9640
9400 9500
9401 9520
9402 10969
9403 18806
9404 11755
9405 9504
9406 14109
9407 9816
9408 9520
9409 18818
9410 10351
9411 12548
9412 9593
9413 18826
9414 9937
9415 9684
9416 9523
9417 9546
9418 9695
9419 18838
9420 9577
9421 18842
9422 10095
9423 9772
9424 9548
9425 9570
9426 10997
9427 10284
9428 11785
9429 9878
9430 9545
9431 18862
9432 9563
9433 18866
9434 9540
9435 9546
9436 9773
9437 18874
9438 9559
9439 18878
9440 9558
9441 10490
9442 14163
9443 9576
9444 10231
9445 11334
9446 14169
9447 9588
9448 10629
9449 10308
9450 9555
9451 10178
9452 9591
9453 9590
9454 9617
9455 9610
9456 9653
9457 9650
9458 14187
9459 10510
9460 9570
9461 18922
9462 9576
9463 18926
9464 9568
9465 10096
9466 14199
9467 18934
9468 9731
9469 10026
9470 10417
9471 9594
9472 9600
9473 18946
9474 11053
9475 9854
9476 9579
9477 9594
9478 10155
9479 18958
9480 9600
9481 9980
9482 9913
9483 9592
9484 11855
9485 9756
9486 9588
9487 9666
9488 10081
9489 12652
9490 9620
9491 18982
9492 9605
9493 10356
9494 9595
9495 9706
9496 10683
9497 18994
9498 11081
9499 9660
9500 9600
9501 12668
9502 14253
9503 9724
9504 9603
9505 11406
9506 9700
9507 12676
9508 11885
9509 9766
9510 9827
9511 19022
9512 9628
9513 9664
9514 9648
9515 9688
9516 9638
9517 9824
9518 14277
9519 9686
9520 9632
9521 19042
9522 9660
9523 9630
9524 11905
9525 9652
9526 9959
9527 10888
9528 9925
9529 10262
9530 10483
9531 9884
9532 11915
9533 19066
9534 9761
9535 11442
9536 9685
9537 9724
9538 9789
9539 19078
9540 9646
9541 9744
9542 9909
9543 12724
9544 10737
9545 9660
9546 9657
9547 19094
9548 9672
9549 10610
9550 9741
9551 19102
9552 9751
9553 9786
9554 9835
9555 9660
9556 11945
9557 10060
9558 9676
9559 9680
9560 9799
9561 12748
9562 10245
9563 9694
9564 10361
9565 11478
9566 14349
9567 10630
9568 9672
9569 10936
9570 9680
9571 10134
9572 11965
9573 12764
9574 14361
9575 9958
9576 9690
9577 9734
9578 14367
9579 9682
9580 10059
9581 9724
9582 11179
9583 9842
9584 10183
9585 9720
9586 14379
9587 19174
9588 9690
9589 9812
9590 9727
9591 9730
9592 9701
9593 9774
9594 9711
9595 9696
9596 11995
9597 10054
9598 14397
9599 9930
9600 9700
9601 19202
9602 14403
9603 9894
9604 9800
9605 9718
9606 11207
9607 10346
9608 10809
9609 12812
9610 9765
9611 10984
9612 9720
9613 19226
9614 9823
9615 10256
9616 10217
9617 9780
9618 9847
9619 19238
9620 9750
9621 10690
9622 9905
9623 19246
9624 10025
9625 9750
9626 14439
9627 12836
9628 9744
9629 19258
9630 9737
9631 19262
9632 9744
9633 9802
9634 14451
9635 9840
9636 9768
9637 10056
9638 9760
9639 9758
9640 9881
9641 9952
9642 11249
9643 19286
9644 12055
9645 10288
9646 9752
9647 10524
9648 9782
9649 19298
9650 9843
9651 12868
9652 9779
9653 9850
9654 11263
9655 11586
9656 9792
9657 9768
9658 10097
9659 10402
9660 9765
9661 19322
9662 14493
9663 12884
9664 9815
9665 11598
9666 9845
9667 11048
9668 12085
9669 9962
9670 10637
9671 10180
9672 9776
9673 10242
9674 10365
9675 9804
9676 9794
9677 19354
9678 11291
9679 19358
9680 9790
9681 10142
9682 9785
9683 10104
9684 9953
9685 9834
9686 9853
9687 12916
9688 9861
9689 19378
9690 9792
9691 10572
9692 12115
9693 10052
9694 9825
9695 9972
9696 9797
9697 19394
9698 10071
9699 9858
9700 9800
9701 9810
9702 9828
9703 10016
9704 10917
9705 10352
9706 9917
9707 10278
9708 10517
9709 9842
9710 10681
9711 9828
9712 10319
9713 10596
9714 11333
9715 9860
9716 10063
9717 9840
9718 9831
9719 19438
9720 9828
9721 19442
9722 14583
9723 10186
9724 9867
9725 10114
9726 11347
9727 9864
9728 9856
9729 9870
9730 9869
9731 9994
9732 10543
9733 19466
9734 9891
9735 9900
9736 10953
9737 9844
9738 10279
9739 19478
9740 10227
9741 9932
9742 14613
9743 19486
9744 9856
9745 11694
9746 10189
9747 9918
9748 12185
9749 19498
9750 9875
9751 9950
9752 9858
9753 13004
9754 14631
9755 11706
9756 10027
9757 10644
9758 9877
9759 13012
9760 9882
9761 9988
9762 11389
9763 10514
9764 12205
9765 9870
9766 10023
9767 19534
9768 9879
9769 19538
9770 10747
9771 13028
9772 10121
9773 10110
9774 9955
9775 9890
9776 9880
9777 13036
9778 14667
9779 9906
9780 9943
9781 19562
9782 9916
9783 10870
9784 11007
9785 9888
9786 10019
9787 19574
9788 12235
9789 10040
9790 9900
9791 19582
9792 9894
9793 11192
9794 9912
9795 10448
9796 9920
9797 9898
9798 9936
9799 10038
9800 9940
9801 9922
9802 9971
9803 19606
9804 9918
9805 9990
9806 14709
9807 10274
9808 10421
9809 10386
9810 9919
9811 19622
9812 10035
9813 13084
9814 10515
9815 9966
9816 10225
9817 19634
9818 14727
9819 10910
9820 10311
9821 9982
9822 11459
9823 10032
9824 10131
9825 9956
9826 10115
9827 10144
9828 9936
9829 19658
9830 10813
9831 9944
9832 11061
9833 19666
9834 9983
9835 10116
9836 12295
9837 10930
9838 14757
9839 19678
9840 9960
9841 10598
9842 9975
9843 10036
9844 9951
9845 10024
9846 10393
9847 10076
9848 11079
9849 9996
9850 10047
9851 19702
9852 10673
9853 10020
9854 10233
9855 9990
9856 9968
9857 19714
9858 9964
9859 19718
9860 9976
9861 10034
9862 14793
9863 11272
9864 10001
9865 11838
9866 14799
9867 10010
9868 12335
9869 10008
9870 9975
9871 19742
9872 10489
9873 10970
9874 14811
9875 10000
9876 10699
9877 9996
9878 10327
9879 9990
9880 9984
9881 10122
9882 10004
9883 19766
9884 10237
9885 10544
9886 14829
9887 19774
9888 9991
9889 10208
9890 10005
9891 10048
9892 12365
9893 10654
9894 9996
9895 11874
9896 11133
9897 13196
9898 9999
9899 10420
9900 10010
9901 19802
9902 14853
9903 13204
9904 10523
9905 10188
9906 10033
9907 19814
9908 12385
9909 10276
9910 10901
9911 10098
9912 10030
9913 10344
9914 14871
9915 10576
9916 10050
9917 10128
9918 10032
9919 10028
9920 10044
9921 13228
9922 10043
9923 19846
9924 10751
9925 10322
9926 10635
9927 11030
9928 10064
9929 19858
9930 10261
9931 19862
9932 10123
9933 10062
9934 14901
9935 11922
9936 10044
9937 10460
9938 14907
9939 13252
9940 10080
9941 19882
9942 11599
9943 10106
9944 10057
9945 10062
9946 14919
9947 10150
9948 10777
9949 19898
9950 10149
9951 10058
9952 10263
9953 10222
9954 10080
9955 10136
9956 10087
9957 13276
9958 10341
9959 10392
9960 10080
9961 11384
9962 10255
9963 10086
9964 10070
9965 11958
9966 10117
9967 19934
9968 10080
9969 13292
9970 10967
9971 10140
9972 10249
9973 19946
9974 14961
9975 10080
9976 10092
9977 10884
9978 11641
9979 10566
9980 10479
9981 11090
9982 10143
9983 10132
9984 10088
9985 11982
9986 14979
9987 13316
9988 10215
9989 11416
9990 10101
9991 10094
9992 11241
9993 13324
9994 10257
9995 11994
9996 10098
9997 10766
9998 14997
9999 10302
10000 10125
