# A216899 (L=5) offset 1, from OEIS b-file
1 2293
2 5001
3 15731
4 23341
5 31279
6 90209
7 94249
8 131766
9 221866
10 380809
11 589816
12 499617
13 661753
14 1219745
15 999503
16 1456663
17 1722526
18 2376918
19 2552395
20 2450410
21 2983858
22 4317391
23 5582689
24 4490153
25 4934907
26 6298020
27 7410454
28 8531146
29 9232273
30 11891740
31 11309998
32 14039405
33 14363183
34 15464537
35 17064001
36 19363501
37 23476630
38 24333817
39 23224228
40 27892280
41 30966929
42 42083809
43 36060256
44 42099361
45 37258417
46 54129956
47 51332569
48 55343926
49 57675781
50 56365089
51 77988313
52 76933042
53 75904466
54 78699101
55 81495751
56 83968791
57 102340201
58 104500401
59 102400201
60 108426834
61 117081337
62 115139684
63 128382643
64 141904657
65 137238625
66 165583030
67 160358482
68 191684416
69 179722483
70 207770669
71 194220001
72 218824629
73 223656522
74 232399387
75 256762801
76 254172501
77 246250126
78 267241783
79 309440301
80 309911286
81 353237153
82 329582649
83 364137918
84 336123811
85 429105041
86 403094441
87 412659801
88 418713725
89 476608546
90 471045406
91 458534951
92 502821439
93 493607233
94 585811756
95 540931831
96 551375587
97 590486916
98 589429816
99 643376329
100 657433042
101 709900849
102 762832749
103 695623627
104 893595458
105 806345333
106 832667902
107 805541353
108 837323514
109 898947445
110 901898685
111 911907221
112 1009547471
113 961990657
114 1034507947
115 1097843041
116 1075183260
117 1176936865
118 1203447033
119 1257787117
120 1336931569
121 1307941569
122 1250258657
123 1305737001
124 1474843291
125 1466320441
126 1461529291
127 1497763401
128 1529502091
129 1539854713
130 1772384641
131 1698997761
132 1840535017
133 1998799713
134 1877327853
135 1913091649
136 2073055531
137 2044742701
138 2137925092
139 2137607509
140 2066830165
141 2329164073
142 2203983217
143 2283053397
144 2633949337
145 2392134499
146 2532400712
147 2521946113
148 2802536201
149 2659102517
150 2675746611
151 2765109278
152 2992723673
153 3187761977
154 3078352421
155 3026583613
156 3168212446
157 3182423677
158 3315417800
159 3500483770
160 3678467519
161 3520147573
162 3625690321
163 3694562809
164 3877398161
165 3808020409
166 4030048722
167 3937125251
168 4115842963
169 4266160711
170 4387239034
171 4322427137
172 5281205671
173 4865971034
174 4854419548
175 4654162963
176 4862097570
177 4870356481
178 5558969053
179 5098874437
180 5517023490
181 5412675142
182 5509545176
183 5724170717
184 5808001101
185 5900536830
186 6180977881
187 5892173369
188 6450642464
189 6420655042
190 6535284859
191 6782443383
192 6875374771
193 7246368661
194 6810845791
195 7440835951
196 7210248718
197 8056779811
198 7679435281
199 8099770751
200 7924336435
201 8046339742
202 8356851764
203 8950402389
204 8440201777
205 9082212479
206 8539706854
207 9441818541
208 9283164211
209 9480332161
210 9736160473
211 9452205971
212 10024644013
213 9901762291
214 9985707586
215 10618684174
216 10512793601
217 10583347841
218 10546893121
219 11099323081
220 11043121614
221 11112235129
222 11495277301
223 11511818277
224 12070173354
225 12092686477
226 12061874551
227 12472463386
228 12740231906
229 12566784403
230 13163103399
231 13183530127
232 13947508528
233 14517601036
234 14281415541
235 14200039576
236 14380903833
237 14504984386
238 14565129155
239 15191103901
240 15949220256
241 15318813394
242 16038698716
243 16612397305
244 16546528985
245 16668450085
246 17285228797
247 17237194013
248 17584310965
249 17354813227
250 17804722266
251 17875037545
252 18558934936
253 18134830423
254 18839242593
255 19358262481
256 19040017543
257 19755108231
258 19890509321
259 20867100047
260 20960237981
261 20717629092
262 22539834625
263 21177417101
264 21165780631
265 21830087915
266 22698798709
267 23050878573
268 23294876281
269 23768594641
270 24110013633
271 23138668801
272 23623227713
273 25050574693
274 25991522401
275 27287953805
276 26590901962
277 25114954201
278 26098242801
279 27284314471
280 26396009953
281 30524832001
282 27215193646
283 29143693369
284 28615555654
285 28548592741
286 29418923629
287 29795958766
288 30745957676
289 29998219265
290 31551651131
291 30566210089
292 30551365021
293 31715450801
294 32588068299
295 31577257403
296 32556356217
297 34311041430
298 32707575426
299 33318619132
300 34578667107
301 35292280177
302 36535312369
303 36415807477
304 35825878005
305 36804870241
306 36525427377
307 38091503201
308 38293090245
309 39309547146
310 39320945917
311 39316608925
312 40406805675
313 39955507811
314 40383599035
315 42484575684
316 40677235372
317 43950851392
318 42881817269
319 43558018777
320 43649775716
321 43765770351
322 45167725694
323 45663918941
324 45710470941
325 48660795946
326 47411009866
327 46965318113
328 48585206111
329 48283817425
330 49219640830
331 50182656850
332 50475266542
333 50675739511
334 54973924013
335 53894058037
336 54442808089
337 52155791515
338 53279539681
339 54033206670
340 54969023877
341 55634065684
342 58433196246
343 56386601119
344 59013997625
345 57039384592
346 61096446863
347 58943069113
348 57656413501
349 59967455835
350 60330301516
351 62742776474
352 63583575325
353 62685991531
354 64630814977
355 62598250001
356 65776160979
357 67334116086
358 67398766969
359 68273218903
360 66442797682
361 67417281596
362 70992747151
363 71353797139
364 71014526261
365 71494614121
366 72117335931
367 73757873245
368 73300843721
369 74846452177
370 76677709965
371 74638134897
372 76169796151
373 76178340526
374 80822286880
375 77873014033
376 77878868497
377 79937682481
378 79804268776
379 80896589407
380 81277296322
381 81599956339
382 83801563545
383 84604483891
384 84222126753
385 87794240956
386 92361420251
387 88230953089
388 91001811105
389 91945178601
390 90948354553
391 93971631025
392 93555180586
393 91479424762
394 95802321665
395 93227236945
396 93605688429
397 99191682241
398 98065366249
399 101722329360
400 102907317735
401 98430259201
402 104061884155
403 107584971209
404 105895957171
405 104366223487
406 105703112362
407 106384302945
408 107987736430
409 106772559905
410 107916967241
411 110314611502
412 109891155476
413 110497854076
414 112590653983
415 116790686125
416 119276577487
417 114572125261
418 118602187315
419 121417853576
420 119621657893
421 118700323495
422 124296540286
423 124823366353
424 120477337197
425 124222120331
426 123797204801
427 127418823909
428 125587390303
429 128878807594
430 129810937333
431 128527885851
432 131634289441
433 133304131217
434 136454469760
435 135267836001
436 136233909793
437 135717941395
438 138384461985
439 138575237515
440 141624330562
441 142440503282
442 143462597414
443 146963872291
444 144621687057
445 151069669873
446 145434239216
447 148388780041
448 148511019861
449 149766278357
450 154320876004
451 153669079013
452 156867305079
453 161196980521
454 160317839431
455 158679899653
456 161577324822
457 166048436335
458 164791717819
459 171764732323
460 169177091201
461 168474625281
462 172259748481
463 172436234131
464 175193124316
465 176370597505
466 175671677327
467 174161407493
468 179770808185
469 178579765001
470 180099500751
471 180337791401
472 183888369559
473 185486748175
474 189582837922
475 188722948737
476 186323441217
477 193234011181
478 193133890487
479 195341272122
480 194491570689
481 200460334096
482 198943748457
483 200077030027
484 201225971372
485 203769607489
486 202925247681
487 207650638126
488 208183264426
489 210379415429
490 209975460135
491 214691449753
492 210698884274
493 211473487045
494 216632898373
495 220237132609
496 223124470491
497 224349050992
498 223733108103
499 223665812189
500 232276370515
501 228049998361
502 225418893246
503 236549147360
504 240711729151
505 236001190311
506 239915810700
507 240355290001
508 238006577148
509 249528598901
510 245701491215
511 246606653259
512 244360157424
513 250429701447
514 257859694594
515 253042508607
516 256519629434
517 256292576650
518 255249020731
519 258462425136
520 267474175345
521 266178778027
522 263273976861
523 269948767858
524 275543952929
525 270746189547
526 268781587201
527 279399984974
528 274716151771
529 280219959757
530 285421554415
531 288310207780
532 284319343594
533 288745018780
534 285813990221
535 298468381786
536 292837556423
537 293416728256
538 301552730725
539 303346567981
540 305385191539
541 299609628512
542 301664552320
543 306455796289
544 309697862593
545 325184376584
546 309874786993
547 316651500001
548 315484167197
549 319975881001
550 327984082805
551 333612276576
552 355848534943
553 325507646781
554 336903698770
555 334429426321
556 338035248751
557 335526492013
558 348915252286
559 339040357225
560 342722362721
561 362113810926
562 357455857217
563 355387230661
564 354412264594
565 352144243487
566 358782107667
567 356065873701
568 365704157809
569 360677302579
570 369214770693
571 382586854279
572 369663265119
573 382588391206
574 373368718922
575 380843537563
576 391454904993
577 384514998739
578 403793006657
579 395243318919
580 391519152561
581 387535508047
582 409959680001
583 400212755055
584 413251998499
585 405274105109
586 402956967417
587 421567378401
588 416808196877
589 419038409165
590 418137361016
591 418218965665
592 422949349621
593 429304650562
594 442582418281
595 435554314153
596 434259473671
597 440553888601
598 435661548813
599 443511289497
600 461257616503
601 447572428369
602 457565097415
603 452779777360
604 456564313361
605 452882917621
606 460555679731
607 467799319006
608 464793369151
609 473809164121
610 478377157120
611 484242290181
612 472819059037
613 484481185963
614 497714779341
615 492269521474
616 504390280143
617 488545776401
618 492095474201
619 504858489075
620 506101292649
621 507887019969
622 502160317871
623 509658602133
624 527502037483
625 519047988247
626 522543246745
627 534605405685
628 537849872437
629 538204733956
630 528353583529
631 539941088373
632 537918171301
633 546199012049
634 550931743161
635 565212164821
636 548437068921
637 550282579162
638 556142101866
639 558327256701
640 572686663403
641 571455249883
642 578532802316
643 583166629913
644 595499131405
645 616315661647
646 582249605937
647 599957107201
648 601219782451
649 597884529763
650 609999313561
651 615582970641
652 597729758659
653 613674506429
654 626039268713
655 652928945254
656 628942703281
657 620325038523
658 632369719945
659 636503855576
660 645086809879
661 630416138815
662 648512655248
663 654276586881
664 647047174616
665 666553406494
666 666595228489
667 659856784501
668 653285032321
669 662202872453
670 690007558607
671 671133740321
672 686605525159
673 684185457340
674 689473696621
675 689485917986
676 698565001982
677 707872974453
678 704984920789
679 707494377181
680 722352707713
681 715181099005
682 710304828192
683 717091411947
684 723002392589
685 739305141037
686 750668335291
687 742875316543
688 746968616385
689 754468727267
690 742582285354
691 744745897697
692 750184855261
693 760224074445
694 788508325801
695 769552297911
696 779795817721
697 771810257272
698 799299347737
699 784712376720
700 791089618410
701 791865564456
702 791537430632
703 809639847521
704 819353582251
705 814656065001
706 816092440741
707 828717030201
708 839711258875
709 842897577853
710 834700787291
711 829109449167
712 842519220737
713 852891014410
714 860969791681
715 863374858405
716 860683749949
717 858644579038
718 875849242640
719 880162813032
720 884839996279
721 904847352731
722 883545235057
723 914733051297
724 907639179777
725 908053701473
726 917976749626
727 915661142109
728 935471853918
729 913063153377
730 919680688499
731 923756941988
732 941632503741
733 931176659062
734 955951072441
735 939111495385
736 974367439657
737 957955080333
738 969052852078
739 955719164921
740 987443288182
741 984056206888
742 1014285542271
743 998720058073
744 992283404365
745 1006665654673
746 1034427076462
747 1009661563543
748 1036506584305
749 1044534823768
750 1058600631371
751 1037720912611
752 1040347722191
753 1027921932111
754 1069880908281
755 1054071541029
756 1057070394475
757 1067839135117
758 1054542573864
759 1091986486585
760 1063796944106
761 1077680584923
762 1095443873919
763 1092905573916
764 1110753325526
765 1097494964347
766 1116381528776
767 1129974019201
768 1111335371776
769 1141102893971
770 1139015398144
771 1134417195541
772 1174906026337
773 1149029442463
774 1157686049773
775 1176345830587
776 1173468943921
777 1163565178441
778 1175816018001
779 1199885220214
780 1185458855691
781 1189693428596
782 1252983454311
783 1188055126959
784 1211024072996
785 1209929284223
786 1237804828683
787 1206719784449
788 1245301348376
789 1231495390477
790 1251304148161
791 1244695862776
792 1243626244696
793 1244023418881
794 1274946582127
795 1305754420933
796 1287831659465
797 1273220835913
798 1298319689655
799 1282335328065
800 1311163933249
801 1301124434897
802 1333054775799
803 1311174263891
804 1317392648146
805 1321371984641
806 1379218120073
807 1393183179001
808 1373010381666
809 1352853036382
810 1350223475185
811 1361450073601
812 1383784242993
813 1406535941273
814 1446004459641
815 1397886583597
816 1408985625664
817 1430328378025
818 1432973367941
819 1422078706867
820 1417506833182
821 1447103994323
822 1451341993881
823 1445090913983
824 1447674016066
825 1475860649437
826 1481472089979
827 1494562802825
828 1476686292892
829 1503158885299
830 1487027992687
831 1503477644779
832 1539646961851
833 1518834166101
834 1538237438341
835 1531322090255
836 1563079155681
837 1575738892536
838 1569649565095
839 1550476873071
840 1588273447229
841 1592295656359
842 1580866945532
843 1573501828627
844 1588372721601
845 1592641680670
846 1599404960601
847 1608498004501
848 1608824535751
849 1658236002823
850 1645776224353
851 1658947755349
852 1644935815576
853 1657948534749
854 1691291814513
855 1683300785841
856 1681318853473
857 1714284122038
858 1742960776573
859 1688653206107
860 1724877714817
861 1716258968797
862 1734754846576
863 1735033210769
864 1770497187936
865 1762170774673
866 1742925408785
867 1768880794951
868 1763197528671
869 1793218198501
870 1790128981193
871 1833283851530
872 1793331150766
873 1814572551121
874 1865605161295
875 1812001446934
876 1853567979355
877 1845290725209
878 1844105594749
879 1848052409125
880 1857458785961
881 1869565316817
882 1911877632687
883 1862973381777
884 1873247658283
885 1921663270789
886 1908288674005
887 1919518139617
888 1940492685407
889 1953642237691
890 1965625007105
891 1984119002431
892 1965643665278
893 1952374608577
894 2063260728082
895 2003251534269
896 2026369381506
897 2009619790201
898 2054056973293
899 2019183013121
900 2012281260778
901 2027613632626
902 2033405584257
903 2043377103468
904 2047288621665
905 2078939459221
906 2074149654365
907 2089079668505
908 2127859452909
909 2082890510846
910 2145262613549
911 2147506163423
912 2119271787937
913 2219099906673
914 2158234220449
915 2140808690320
916 2195263386253
917 2158350820074
918 2197967818260
919 2229473268946
920 2206640481076
921 2229938916609
922 2273031635392
923 2224955189983
924 2219220350453
925 2312590681801
926 2266385522415
927 2290055127067
928 2326185085798
929 2260094215097
930 2291135093611
931 2283965428829
932 2308807623585
933 2329603343761
934 2358331828561
935 2397430248105
936 2342972363089
937 2363811677821
938 2380676739335
939 2388778628215
940 2397111083687
941 2372767433761
942 2462793876200
943 2433504996001
944 2411608925697
945 2429133303003
946 2451582818751
947 2455279696251
948 2474693815009
949 2461258730713
950 2582879015003
951 2488619831297
952 2511293923183
953 2516271706492
954 2489315524673
955 2524007758861
956 2615389938121
957 2542650958261
958 2590477156321
959 2562971568466
960 2589768418093
961 2578852210221
962 2590347562873
963 2615379260986
964 2609204462811
965 2642056245097
966 2646267859993
967 2625816529513
968 2725343777773
969 2693817963521
970 2692079619841
971 2684410178594
972 2762805283525
973 2719814752854
974 2731172386871
975 2713579363873
976 2763514835414
977 2749193866801
978 2750801569660
979 2754220302401
980 2784104207641
981 2861306072029
982 2830999491649
983 2793670218693
984 2818301844625
985 2888109828577
986 2894849498647
987 2888652798201
988 2911653333901
989 2866108185201
990 2966225146145
991 2884657288024
992 2940357837241
993 2948860457515
994 2977843986664
995 2949351704207
996 2972307983701
997 3073054704907
998 3022575384697
999 2987079240513
1000 2999204399465
