# A216900 (L=6) offset 2, from OEIS b-file
2 207702
3 1102816
4 546645
5 34028500
6 1487484
7 10652864
8 17438409
9 55257336
10 12338379
11 39957792
12 81828216
13 235790724
14 120261375
15 75954970
16 166571505
17 733418352
18 276835725
19 784438752
20 169796925
21 433366956
22 1390393356
23 2502432704
24 984536776
25 5008282776
26 2289422850
27 6380738520
28 758795520
29 1473790956
30 1339777985
31 5221400338
32 5671013656
33 10919254192
34 13489346184
35 19987170840
36 5916083712
37 15130382670
38 9134191920
39 12315507932
40 3509003120
41 12959193346
42 6569109001
43 5041707086
44 6143993680
45 6699155580
46 11317910240
47 7155274642
48 7953561216
49 13775515140
50 11644776100
51 10758801084
52 14931746128
53 13866121396
54 14793436620
55 15686852830
56 17739332800
57 26618939808
58 21136883276
59 26601110992
60 20857663736
61 28041703416
62 35910803620
63 38851832376
64 33393481728
65 41875931110
66 41467841580
67 46003518828
68 35135439105
69 56439174450
70 57309816900
71 57935779474
72 46424233216
73 66562375426
74 64953443661
75 64435168656
76 81400209184
77 86894676946
78 92681915976
79 98773473586
80 104975287128
81 90747347550
82 76713395149
83 126424406626
84 134221391136
85 120420231038
86 150969178504
87 159947759826
88 209756672160
89 157147660152
90 121462387488
91 225329802698
92 217604357368
93 193076083376
94 249759931136
95 204575348340
96 187554424434
97 301041505572
98 286411550880
99 533311368480
100 469913947833
101 174579818644
102 227292949716
103 650080892116
104 305305175880
105 537119543940
106 590067506116
107 463166724646
108 358946834016
109 709302994716
110 344561137200
111 624151211568
112 914882334626
113 608732265826
114 433410536625
115 704581864530
116 672827356048
117 383713823584
118 650071439136
119 1135703833426
120 605796185313
121 961068292118
122 865745497540
123 929618462886
124 939058094352
125 1313589851500
126 599896546144
127 1984875110252
128 872706412270
129 1180099335714
130 1077833586960
131 1351305044866
132 772204136886
133 1458263214576
134 1217595247000
135 1018176046524
136 1082868580560
137 1787959442998
138 1603008303876
139 1921555052174
140 1213774570512
141 1425827779464
142 1849145770020
143 2692732734406
144 1210789200465
145 1125221001268
146 2124630371428
147 2002970021760
148 2274168978576
149 2573088118624
150 1113591776115
151 4162961718504
152 1656123005376
153 2937430434996
154 1277604207000
155 1741105679850
156 1549724650929
157 3150549610918
158 1397430505240
159 2924250542632
160 2987506491456
161 3865704865176
162 2460668465400
163 3801659652376
164 2038492270101
165 2642043458626
166 4036596681348
167 4809473402644
168 1801833659920
169 4829502430740
170 1994355542880
171 2603774118064
172 5576379323096
173 2679404750400
174 3415311519895
175 3053257128000
176 3761707343251
177 5907691516002
178 4039187067201
179 7909594592194
180 2660549810400
181 7194709010378
182 3333648485508
183 7598772466596
184 6961632501264
185 3562518621172
186 3168706666480
187 10916835233436
188 5308965846345
189 4439641645080
190 5027712813585
191 4616877685410
192 3825135832720
193 9106090828066
194 7206776973760
195 3562651337980
196 6088346025300
197 7758281253852
198 4699556269200
199 9648234100296
200 6810510139650
