s0: 0,33,25,90,248,480,105,50,32,16,41,3,1,2,7,14,2 (loops)
s1: 1 (seq 0 offset 13)
s2: 2 (seq 0 offset 14)
s3: 3 (seq 0 offset 12)
s4: 4,3 (seq 0 offset 12)
s5: 5,5 (loops)
s6: 6,8,12,149,2607,23047,21876,361554,403706,1674698,19210577,242653541,1386797891,>10000000001
s7: 7 (seq 0 offset 15)
s8: 8 (seq 6 offset 2)
s9: 9,6 (seq 6 offset 1)
s10: 10,50 (seq 0 offset 8)
s11: 11,95,31,1 (seq 0 offset 13)
s12: 12 (seq 6 offset 3)
s13: 13,111,154,3645,2699,1394,526,613,971,39,44,60,128,149 (seq 6 offset 4)
s14: 14 (seq 0 offset 16)
s15: 15,4 (seq 4 offset 1)
s16: 16 (seq 0 offset 10)
s17: 17,96,181,729,771,626,21,94,59,5 (seq 5 offset 1)
s18: 18,425,822,135,2728,11023,12721,54517,102917,183252,410024,613425,1525497,3426169,3591590,10748112,382276883,3452421232,>10000000001
s19: 19,38,18 (seq 18 offset 1)
s20: 20,54,192,976,1808,26035,43352,93226,3603,9736,10514,54423,140517,1549413,20801035,381690975,356353839,1124906865,>10000000001
s21: 21 (seq 17 offset 7)
s22: 22,136,735,469,387,864,722,2140,8434,9666,4000,14637,85171,3538,5037,37934,62186,6529,37803,68887,5871,22098,172393,591481,14933,51852,5762,7347,11749,12529,61828,268516,657761,531469,1246616,6755774,22119206,83934772,128149562,1679838210,>10000000001
s23: 23,17 (seq 17 offset 1)
s24: 24,293,572,405,596,180,3665,10143,63892,465223,522194,1637321,10980764,184160876,65620598,35543320,97248583,109914084,40782089,48875829,77976212,182755461,114041877,326100812,354143215,994507224,100007651,284887905,1141353432,>10000000001
s25: 25 (seq 0 offset 3)
s26: 26,7 (seq 0 offset 15)
s27: 27,29,187,753,874,1950,23962,48016,67966,47076,21898,147077,1192779,1036501,211708,2865297,1594168,3522272,10123784,33042938,44609516,136505934,2537217701,2771977160,1428524852,>10000000001
s28: 28,34,87,306,116,396,1963,4806,1526,17040,636266,8033073,576357,315530,616666,779542,148320,2157103,594249,431254,2413265,868877,1028602,5896520,28422775,81489634,60964730,33784527,89005816,67995693,1820560,2362204,28278184,41317389,122634983,619794964,790220476,29402291,248513983,2529469235,8788696854,2368859843,6739485706,>10000000001
s29: 29 (seq 27 offset 2)
s30: 30,65,8 (seq 6 offset 2)
s31: 31 (seq 11 offset 3)
s32: 32 (seq 0 offset 9)
s33: 33 (seq 0 offset 2)
s34: 34 (seq 28 offset 2)
s35: 35,10 (seq 10 offset 1)
s36: 36,286,74,57,405 (seq 24 offset 4)
s37: 37,47,120,244,511,395,533,831,237,457,2784,6202,17952,52331,126326,22318,58313,150037,292591,136977,329378,126166,31116,223593,114444,2726510,6652321,10066249,26817181,227113559,4122861781,1565393535,>10000000001
s38: 38 (seq 19 offset 2)
s39: 39 (seq 13 offset 10)
s40: 40,71,40 (loops)
s41: 41 (seq 0 offset 11)
s42: 42,93,15 (seq 15 offset 1)
s43: 43,24 (seq 24 offset 1)
s44: 44 (seq 13 offset 11)
s45: 45,61,220,1911,2903,12580,263263,200756,2259793,12205120,224136872,79464190,16445374,66297822,89727223,91371628,81712868,130790331,474590508,2616749200,88822957,262460271,1403380645,>10000000001
s46: 46,20 (seq 20 offset 1)
s47: 47 (seq 37 offset 2)
s48: 48,88,35 (seq 35 offset 1)
s49: 49,58,11 (seq 11 offset 1)
s50: 50 (seq 0 offset 8)
s51: 51,49 (seq 49 offset 1)
s52: 52,173,429,1230,7146,18396,131904,2094185,6192814,11583125,40531372,44719291,396455453,638759849,380122163,1346951690,237395711,497114158,546544716,25585034,248185117,754834508,1989421966,9524401433,>10000000001
s53: 53,9 (seq 9 offset 1)
s54: 54 (seq 20 offset 2)
s55: 55,131,1097,207,2374,2691,2974,1447,4961,10542,122007,75093,1492,19916,29914,69400,139247,367889,243729,524068,4089210,544400,6346,4024,1368,2546,11761,73918,206697,323657,256278,226194,4645139,30826999,67333873,198751739,215282796,746428333,4822220284,930463619,2368298820,7143148892,>10000000001
s56: 56,211,94 (seq 17 offset 8)
s57: 57 (seq 36 offset 4)
s58: 58 (seq 49 offset 2)
s59: 59 (seq 17 offset 9)
s60: 60 (seq 13 offset 12)
s61: 61 (seq 45 offset 2)
s62: 62,21 (seq 17 offset 7)
s63: 63,313,859,799,459,61 (seq 45 offset 2)
s64: 64,23 (seq 23 offset 1)
s65: 65 (seq 30 offset 2)
s66: 66,118,446,126,2014,3134,11187,386910,929337,1057360,10406197,8074669,4656235,89818,103834,560926,1215574,1616946,3826601,566615,374993,329678,2426829,7701636,8689682,29502045,82467561,105623326,451584614,1153549382,5240275714,>10000000001
s67: 67,99,45 (seq 45 offset 1)
s68: 68,606,311,846,19 (seq 19 offset 1)
s69: 69,42 (seq 42 offset 1)
s70: 70,97,13 (seq 13 offset 1)
s71: 71 (seq 40 offset 2)
s72: 72,140,3251,3147,5744,8474,14972,49092,5378,936,285,1201,244 (seq 37 offset 4)
s73: 73,300,973,784,1796,22556,304506,180464,651125,1673567,108615,7451,2936,4080,8503,837,769,2070,15777,21422,404633,176327,135027,391751,548241,335395,2224718,3746529,12692746,179975450,920902796,1431276794,2767745657,2333563129,>10000000001
s74: 74 (seq 36 offset 3)
s75: 75,48 (seq 48 offset 1)
s76: 76,570,1453,3187,7292,19558,140840,411055,1695944,8804964,7982332,18740667,109277724,318801693,114525693,968853376,46181221,21541618,83534257,82193096,122741464,1907533297,450093245,1758877137,664154031,589085309,1971067561,6004195732,>10000000001
s77: 77,560,617,887,1754,1153,33526,51802,75758,35585,48930,193019,45779,63377,100511,651507,55201,21248,27115,51643,34111,16731,117258,3120240,456455,325798,1373074,12776704,198955400,754273222,170882813,1592889171,4667306385,>10000000001
s78: 78,67 (seq 67 offset 1)
s79: 79,14 (seq 0 offset 16)
s80: 80,85,172,139,526 (seq 13 offset 7)
s81: 81,68 (seq 68 offset 1)
s82: 82,53 (seq 53 offset 1)
s83: 83,27 (seq 27 offset 1)
s84: 84,19 (seq 19 offset 1)
s85: 85 (seq 80 offset 2)
s86: 86,75 (seq 75 offset 1)
s87: 87 (seq 28 offset 3)
s88: 88 (seq 48 offset 2)
s89: 89,12 (seq 6 offset 3)
s90: 90 (seq 0 offset 4)
s91: 91,250,2135,2752,8956,41258,98354,18323,210200,234004,80451,126814,174341,1214820,15470561,255529778,1367701334,9533408384,134840473,798066641,1052891112,1624733999,582305040,569286794,597093583,144147639,22369999,2611325,3789909,4819973,11834349,42321684,89683264,141611671,664626766,1073395411,1876642793,352182705,36546280,121767239,116347274,882922449,264641349,1133717854,>10000000001
s92: 92,6 (seq 6 offset 1)
s93: 93 (seq 42 offset 2)
s94: 94 (seq 17 offset 8)
s95: 95 (seq 11 offset 2)
s96: 96 (seq 17 offset 2)
s97: 97 (seq 70 offset 2)
s98: 98,81 (seq 81 offset 1)
s99: 99 (seq 67 offset 2)
s100: 100,855,1139,1186,1897,7553,13631,197197,1631679,12732250,115168984,520380470,1866098829,348414406,3352530031,>10000000001
