s1: 1,2,7,14,2 (loops)
s2: 2 (seq 1 offset 2)
s3: 3,1 (seq 1 offset 1)
s4: 4,3 (seq 3 offset 1)
s5: 5,5 (loops)
s6: 6,8,12,149,2607,23047,21876,361554,403706,1674698,19210577,242653541,1386797891,11670798241,>100000000000
s7: 7 (seq 1 offset 3)
s8: 8 (seq 6 offset 2)
s9: 9,6 (seq 6 offset 1)
s10: 10,50,32,16,41,3 (seq 3 offset 1)
s11: 11,95,31,1 (seq 1 offset 1)
s12: 12 (seq 6 offset 3)
s13: 13,111,154,3645,2699,1394,526,613,971,39,44,60,128,149 (seq 6 offset 4)
s14: 14 (seq 1 offset 4)
s15: 15,4 (seq 4 offset 1)
s16: 16 (seq 10 offset 4)
s17: 17,96,181,729,771,626,21,94,59,5 (seq 5 offset 1)
s18: 18,425,822,135,2728,11023,12721,54517,102917,183252,410024,613425,1525497,3426169,3591590,10748112,382276883,3452421232,12440277026,61092251817,>100000000000
s19: 19,38,18 (seq 18 offset 1)
s20: 20,54,192,976,1808,26035,43352,93226,3603,9736,10514,54423,140517,1549413,20801035,381690975,356353839,1124906865,19026381100,43509696669,5545996136,2889493313,28904646371,14920403452,51440464180,37601500080,>100000000000
s21: 21 (seq 17 offset 7)
s22: 22,136,735,469,387,864,722,2140,8434,9666,4000,14637,85171,3538,5037,37934,62186,6529,37803,68887,5871,22098,172393,591481,14933,51852,5762,7347,11749,12529,61828,268516,657761,531469,1246616,6755774,22119206,83934772,128149562,1679838210,15551857758,>100000000000
s23: 23,17 (seq 17 offset 1)
s24: 24,293,572,405,596,180,3665,10143,63892,465223,522194,1637321,10980764,184160876,65620598,35543320,97248583,109914084,40782089,48875829,77976212,182755461,114041877,326100812,354143215,994507224,100007651,284887905,1141353432,17968047047,21472393198,>100000000000
s25: 25,90,248,480,105,50 (seq 10 offset 2)
s26: 26,7 (seq 1 offset 3)
s27: 27,29,187,753,874,1950,23962,48016,67966,47076,21898,147077,1192779,1036501,211708,2865297,1594168,3522272,10123784,33042938,44609516,136505934,2537217701,2771977160,1428524852,13948081466,70752903481,43350008041,>100000000000
s28: 28,34,87,306,116,396,1963,4806,1526,17040,636266,8033073,576357,315530,616666,779542,148320,2157103,594249,431254,2413265,868877,1028602,5896520,28422775,81489634,60964730,33784527,89005816,67995693,1820560,2362204,28278184,41317389,122634983,619794964,790220476,29402291,248513983,2529469235,8788696854,2368859843,6739485706,16682736923,>100000000000
s29: 29 (seq 27 offset 2)
s30: 30,65,8 (seq 6 offset 2)
s31: 31 (seq 11 offset 3)
s32: 32 (seq 10 offset 3)
s33: 33,25 (seq 25 offset 1)
s34: 34 (seq 28 offset 2)
s35: 35,10 (seq 10 offset 1)
s36: 36,286,74,57,405 (seq 24 offset 4)
s37: 37,47,120,244,511,395,533,831,237,457,2784,6202,17952,52331,126326,22318,58313,150037,292591,136977,329378,126166,31116,223593,114444,2726510,6652321,10066249,26817181,227113559,4122861781,1565393535,24570192387,18035995766,24494848644,65068212079,>100000000000
s38: 38 (seq 19 offset 2)
s39: 39 (seq 13 offset 10)
s40: 40,71,40 (loops)
s41: 41 (seq 10 offset 5)
s42: 42,93,15 (seq 15 offset 1)
s43: 43,24 (seq 24 offset 1)
s44: 44 (seq 13 offset 11)
s45: 45,61,220,1911,2903,12580,263263,200756,2259793,12205120,224136872,79464190,16445374,66297822,89727223,91371628,81712868,130790331,474590508,2616749200,88822957,262460271,1403380645,33930449278,43887169290,7457508104,9519232772,2214525561,8698866118,4813990442,37106731346,>100000000000
s46: 46,20 (seq 20 offset 1)
s47: 47 (seq 37 offset 2)
s48: 48,88,35 (seq 35 offset 1)
s49: 49,58,11 (seq 11 offset 1)
s50: 50 (seq 10 offset 2)
s51: 51,49 (seq 49 offset 1)
s52: 52,173,429,1230,7146,18396,131904,2094185,6192814,11583125,40531372,44719291,396455453,638759849,380122163,1346951690,237395711,497114158,546544716,25585034,248185117,754834508,1989421966,9524401433,16152060977,>100000000000
s53: 53,9 (seq 9 offset 1)
s54: 54 (seq 20 offset 2)
s55: 55,131,1097,207,2374,2691,2974,1447,4961,10542,122007,75093,1492,19916,29914,69400,139247,367889,243729,524068,4089210,544400,6346,4024,1368,2546,11761,73918,206697,323657,256278,226194,4645139,30826999,67333873,198751739,215282796,746428333,4822220284,930463619,2368298820,7143148892,29730662897,9574650357,539483544,1446528821,27598794543,2363533976,18377050993,68880030939,>100000000000
s56: 56,211,94 (seq 17 offset 8)
s57: 57 (seq 36 offset 4)
s58: 58 (seq 49 offset 2)
s59: 59 (seq 17 offset 9)
s60: 60 (seq 13 offset 12)
s61: 61 (seq 45 offset 2)
s62: 62,21 (seq 17 offset 7)
s63: 63,313,859,799,459,61 (seq 45 offset 2)
s64: 64,23 (seq 23 offset 1)
s65: 65 (seq 30 offset 2)
s66: 66,118,446,126,2014,3134,11187,386910,929337,1057360,10406197,8074669,4656235,89818,103834,560926,1215574,1616946,3826601,566615,374993,329678,2426829,7701636,8689682,29502045,82467561,105623326,451584614,1153549382,5240275714,12049495276,>100000000000
s67: 67,99,45 (seq 45 offset 1)
s68: 68,606,311,846,19 (seq 19 offset 1)
s69: 69,42 (seq 42 offset 1)
s70: 70,97,13 (seq 13 offset 1)
s71: 71 (seq 40 offset 2)
s72: 72,140,3251,3147,5744,8474,14972,49092,5378,936,285,1201,244 (seq 37 offset 4)
s73: 73,300,973,784,1796,22556,304506,180464,651125,1673567,108615,7451,2936,4080,8503,837,769,2070,15777,21422,404633,176327,135027,391751,548241,335395,2224718,3746529,12692746,179975450,920902796,1431276794,2767745657,2333563129,12106944152,21415305484,16770409759,>100000000000
s74: 74 (seq 36 offset 3)
s75: 75,48 (seq 48 offset 1)
s76: 76,570,1453,3187,7292,19558,140840,411055,1695944,8804964,7982332,18740667,109277724,318801693,114525693,968853376,46181221,21541618,83534257,82193096,122741464,1907533297,450093245,1758877137,664154031,589085309,1971067561,6004195732,16899142499,>100000000000
s77: 77,560,617,887,1754,1153,33526,51802,75758,35585,48930,193019,45779,63377,100511,651507,55201,21248,27115,51643,34111,16731,117258,3120240,456455,325798,1373074,12776704,198955400,754273222,170882813,1592889171,4667306385,14696001679,74833015348,24981128735,>100000000000
s78: 78,67 (seq 67 offset 1)
s79: 79,14 (seq 1 offset 4)
s80: 80,85,172,139,526 (seq 13 offset 7)
s81: 81,68 (seq 68 offset 1)
s82: 82,53 (seq 53 offset 1)
s83: 83,27 (seq 27 offset 1)
s84: 84,19 (seq 19 offset 1)
s85: 85 (seq 80 offset 2)
s86: 86,75 (seq 75 offset 1)
s87: 87 (seq 28 offset 3)
s88: 88 (seq 48 offset 2)
s89: 89,12 (seq 6 offset 3)
s90: 90 (seq 25 offset 2)
s91: 91,250,2135,2752,8956,41258,98354,18323,210200,234004,80451,126814,174341,1214820,15470561,255529778,1367701334,9533408384,134840473,798066641,1052891112,1624733999,582305040,569286794,597093583,144147639,22369999,2611325,3789909,4819973,11834349,42321684,89683264,141611671,664626766,1073395411,1876642793,352182705,36546280,121767239,116347274,882922449,264641349,1133717854,10408246591,>100000000000
s92: 92,6 (seq 6 offset 1)
s93: 93 (seq 42 offset 2)
s94: 94 (seq 17 offset 8)
s95: 95 (seq 11 offset 2)
s96: 96 (seq 17 offset 2)
s97: 97 (seq 70 offset 2)
s98: 98,81 (seq 81 offset 1)
s99: 99 (seq 67 offset 2)
s100: 100,855,1139,1186,1897,7553,13631,197197,1631679,12732250,115168984,520380470,1866098829,348414406,3352530031,14568409233,>100000000000
s101: 101,853,678,235,699,1395,6481,2387,3574,3223,7341,30305,66371,81072,16242,109928,429722,1395684,6343570,14090494,66964505,84548661,335997236,32628970,200086308,2040744634,5113355584,4230686273,10731535067,>100000000000
s102: 102,164,69 (seq 69 offset 1)
s103: 103,3487,14475,91483,77395,61162,25375,204729,1654247,120697,360292,1187765,10488683,163546866,298421017,1565178651,8072561466,3855828400,2515793674,3055698721,1841597160,32952922680,39943107626,25890822043,23569763670,>100000000000
s104: 104,270,166,2747,7467,1581,4363,7101,852,172 (seq 80 offset 3)
s105: 105 (seq 25 offset 5)
s106: 106,1012,8618,1443,15152,246911,546237,3647281,20927292,115308352,347197905,420840731,4399873660,3319720454,4586537750,19160853866,46564456922,>100000000000
s107: 107,1488,19468,146139,890281,756260,162803,354136,1680294,4082833,1651501,8022407,3176182,13697296,139797374,489873576,1423398028,1230138127,26369482903,>100000000000
s108: 108,2535,141,2 (seq 1 offset 2)
s109: 109,207 (seq 55 offset 4)
s110: 110,175,1153 (seq 77 offset 6)
s111: 111 (seq 13 offset 2)
s112: 112,710,681,606 (seq 68 offset 2)
s113: 113,363,643,23 (seq 23 offset 1)
s114: 114,2725,1742,20467,3632,7416,5044,7460,17686,196525,1468092,513380,24143,55865,50014,95633,41107,170359,728784,107461,2311990,12804539,100373354,1018965441,5676860412,19400276145,>100000000000
s115: 115,922,687,918,2220,9335,14848,3363,8228,11284,261011,1980559,6683504,21607791,94402294,39866277,99877743,127349413,187211377,208536835,2202524046,20348966572,34325283378,>100000000000
s116: 116 (seq 28 offset 5)
s117: 117,95 (seq 11 offset 2)
s118: 118 (seq 66 offset 2)
s119: 119,495,465,672,1583,16843,64806,1525,11172,6804,1774,21041,28527,23557,43726,138278,230343,405792,1096166,4630900,1154131,246022,991202,629562,1161507,2733365,9113388,188701,923617,526893,258341,797939,738821,408274,1533160,7179483,12927349,13269215,118863855,1422177034,8855052762,7329610518,19683419867,93873906986,59533245401,72054056360,3550964767,1387511029,2139980471,19308381310,>100000000000
s120: 120 (seq 37 offset 3)
s121: 121,711,1185,446 (seq 66 offset 3)
s122: 122,484,2364,1523,2689,13113,32274,129570,723659,140928,493991,470578,778708,3058,3750,37722,55239,142326,566591,121492,304969,806049,1714435,1469153,6456482,14200788,66891333,153676340,1402275294,17548972672,40483223177,>100000000000
s123: 123,1925,1167,3399,18317,33969,216510,1042602,6715939,25612217,86556818,342738479,4895981187,5012201155,2212276693,14394229177,27591742023,23884513423,32765468034,>100000000000
s124: 124,1081,9533,1126,12703,8089,4322,6935,17278,1135,5736,21978,98900,13248,92527,40116,91001,291910,60318,239183,142486,43289,59957,8471,1268,7058,4060,9018,29467,44630,113820,624185,2089882,18992461,111883047,1588875003,9434225565,2702711934,16908953231,13935194239,>100000000000
s125: 125,1351,13848,224218,344567,304928,2095641,7965382,124253,184300,1340418,8550808,8827662,6477122,17228912,81114855,66467542,83128283,71446394,120217739,1144864945,1577192325,219365030,1021597741,45027423813,65728210253,138013519,160697648,1067989886,645548310,138140649,1815479134,22301279645,>100000000000
s126: 126 (seq 66 offset 4)
s127: 127,298,501,1344,4214,12696,89313,15392,196317,371913,299489,203993,1680035,8742988,2210862,11028882,278927688,842676595,1486936630,5528410247,667718740,1379543431,5967912077,28294127250,33185838962,25393386460,5802278744,26950885734,24023305523,97187342349,>100000000000
s128: 128 (seq 13 offset 13)
s129: 129,500,6239,5007,6446,182,1036,6650,10796,234310,379434,1762369,18383699,55484705,44723937,166762509,569986149,119983250,528063310,1296149208,4636691428,16261520143,37863137980,>100000000000
s130: 130,745,157,1658,5778,633,3175,30670,117364,1095988,9606170,12729614,174838962,2704806433,2943175599,14970055691,32317500207,5604650537,4228493178,14867082803,50708693383,>100000000000
s131: 131 (seq 55 offset 2)
s132: 132,111 (seq 13 offset 2)
s133: 133,282,113 (seq 113 offset 1)
s134: 134,628,73 (seq 73 offset 1)
s135: 135 (seq 18 offset 4)
s136: 136 (seq 22 offset 2)
s137: 137,860,522,535,9 (seq 9 offset 1)
s138: 138,382,1355,33189,67239,128851,389688,1738241,2921660,4914019,2411580,60635056,51160922,144844708,74793834,3348993,6577863,9883454,5682510,20351625,282139779,985658814,151870133,311448914,157657582,580495062,1814778028,13900678135,>100000000000
s139: 139 (seq 80 offset 4)
s140: 140 (seq 72 offset 2)
s141: 141 (seq 108 offset 3)
s142: 142,883,1823,11892,51029,23706,179466,203071,2240370,1850789,11185039,159129710,125592703,174547316,204528215,469626779,907797470,511387436,223461254,2239029797,7928554839,26497368584,>100000000000
s143: 143,1697,6194,62003,25410,118964,22447,135693,595527,154844,165027,393354,452352,950525,239906,1040802,9205299,482693,458711,328410,1953036,7163231,21125875,85446187,20664491,210227348,364650325,701055184,3198162830,112086391,596785104,1860851108,7158803202,8493388597,2592736244,15120160744,>100000000000
s144: 144,1639,3517,25492,73670,13294,26416,333204,631306,1807012,457450,1229934,8488198,3658674,40133330,56527693,39831531,152585598,879384403,114169880,512661868,28099577,291653294,245723896,1977187411,7114829408,231157191,964470745,309833862,1954244151,9470969284,5407138836,3185163854,4218653737,1212349506,2163842341,5128878820,8141098608,2751136014,10554743162,>100000000000
s145: 145,251,1714,3540,4883,13975,136692,713972,81984,249381,123384,233014,44688,62593,131180,1830460,19248718,4907316,32259022,38958291,86725206,2530108,4139167,3356548,39662780,60329970,2938636,15811164,207812455,1790964580,20792546355,80836045179,>100000000000
s146: 146,386,2206,30529,147182,250271,1035625,14089990,16386135,106859343,1223172211,5625600426,3321245438,1497874571,12076283915,>100000000000
s147: 147,896,636,1412,296,1060,13737,133453,646539,294342,141273,296 (loops)
s148: 148,104 (seq 104 offset 1)
s149: 149 (seq 6 offset 4)
s150: 150,1115,27054,191349,1658134,10378595,41269644,252559813,155373432,1043917480,278161343,939339913,1441101002,13053918945,>100000000000
s151: 151,394,527,241,1708,31124,97691,21751,4626,20 (seq 20 offset 1)
s152: 152,325,3147 (seq 72 offset 4)
s153: 153,345,1701,20240,122834,1569706,141791,1681027,15686829,5502066,29622405,88650817,4155251,49060,86559,230700,1517731,9570950,8952023,34300663,8293095,7925095,30704522,115380238,326953710,591779388,242075415,149893618,1652425241,15683206912,>100000000000
s154: 154 (seq 13 offset 3)
s155: 155,315,314,1 (seq 1 offset 1)
s156: 156,2328,6550,3016,2184,1738,429 (seq 52 offset 3)
s157: 157 (seq 130 offset 3)
s158: 158,2390,1689,17927,142442,685076,1029999,8921192,2448646,14466335,164374065,433267802,2157638343,2035825962,1995146855,2778755226,24071122466,>100000000000
s159: 159,4 (seq 4 offset 1)
s160: 160,397,2979,4632,6570,20679,128152,1735865,360146,3809106,9136208,8192596,8129861,12640844,84142517,83482525,46763689,83355057,48651271,139152946,1137881831,30181915350,39975783185,96818676253,>100000000000
s161: 161,1611,17083,164414,1292102,386258,254306,3419292,5648810,31265789,31152500,318887964,211408589,271165934,933807978,683918117,520015200,69273464,28075266,60756297,63425246,16741063,42115326,96458413,11527937,275473604,168862448,1306957041,5074720310,11557774022,24732586425,>100000000000
s162: 162,1325,29019,210689,886246,369445,10362,54907,288454,201823,1233535,8759552,10431150,266191622,652072600,1372554409,2433173817,2003897974,145722686,372172220,225478723,2099409680,3734248170,4030721002,1614619791,13070837916,52518637846,85671451166,40641392261,>100000000000
s163: 163,1411,20494,146896,30118,47823,130821,560232,259959,979121,1592837,1699867,35193882,73000061,124581061,586512072,2942790545,4841887331,12125613451,>100000000000
s164: 164 (seq 102 offset 2)
s165: 165,239,1689 (seq 158 offset 3)
s166: 166 (seq 104 offset 3)
s167: 167,1183,9709,8496,23576,47265,4843,9856,7973,15758,43280,84209,134012,814210,2074869,14264329,115823293,575870828,323373204,864235364,1288950403,6148138455,14646812532,>100000000000
s168: 168,1131,20844,3715,13709,16052,290800,863930,475101,374156,1509784,8696704,1900768,4458792,6224793,24635506,90438516,214379022,296288938,849073559,250489778,710065241,1004359583,29199098546,>100000000000
s169: 169,41 (seq 10 offset 5)
s170: 170,96 (seq 17 offset 2)
s171: 171,343,667,2442,44244,184149,26477,25818,90324,84575,34859,170007,1081634,4793654,4794905,20476244,27190595,245838296,103253181,5746954,2521824,9032300,5054895,5078227,5342840,16164281,59539408,10132011,84382278,2181243,14185915,145958107,244814028,13749567,107430390,138655706,370133456,1027432717,7031723184,17656522528,48735583876,>100000000000
s172: 172 (seq 80 offset 3)
s173: 173 (seq 52 offset 2)
s174: 174,156 (seq 156 offset 1)
s175: 175 (seq 110 offset 2)
s176: 176,569,1329,3617,24958,46194,71594,100479,124739,497647,2065645,2383203,5052654,39277080,35957122,157446836,653578423,1829019996,3537500824,9623318143,363218318,1175280518,9223937420,14127624428,>100000000000
s177: 177,890,1143,18451,67396,97504,53657,58004,67783,65767,223823,1353374,14051985,19857840,31323954,130446745,923619094,560862719,14840316,28094746,13950940,236918180,459781931,3633755150,5129411092,9198940399,16091442547,16590714245,>100000000000
s178: 178,647,119 (seq 119 offset 1)
s179: 179,439,2302,7147,14690,100625,1084272,3977992,7006295,12513768,135554952,758651751,1226860525,4710777802,11250434430,429189802,805516108,930718098,2193707925,23765829569,37001926611,30978163860,34568490110,50450128220,61229163271,69217570025,28001799599,34255084042,36059161074,25657774638,17945903374,6779369330,2058061497,5271376398,9342860226,16294707325,>100000000000
s180: 180 (seq 24 offset 6)
s181: 181 (seq 17 offset 3)
s182: 182 (seq 129 offset 6)
s183: 183,491,294,187 (seq 27 offset 3)
s184: 184,588,317,138 (seq 138 offset 1)
s185: 185,447,2709,3668,5067,3423,13173,229424,526448,189340,1327963,2161529,3002292,177581,1085895,2146860,4985500,36615173,20869075,86858680,441306838,461322498,1326120772,2008075992,6118561798,55178243990,2268432873,24464674090,14307702330,74180423888,60687774366,48960076001,86390518784,36375000952,49855065158,47592530771,>100000000000
s186: 186,425 (seq 18 offset 2)
s187: 187 (seq 27 offset 3)
s188: 188,472,1264,9901,11874,32562,25381,104252,322070,79971,14236,19136,33832,25 (seq 25 offset 1)
s189: 189,1716,17655,93283,74402,29662,29045,18235,13209,82152,44884,276075,1419856,2518125,8934083,390784,194318,411484,845546,613288,1111889,2374193,10804915,150201022,2923253098,13344524556,19972594306,34336992391,36370067927,>100000000000
s190: 190,247,537,679,99 (seq 67 offset 2)
s191: 191,1945,13657,4113,5735,1659,27999,209696,68590,189295,1032512,9335815,8725236,465729,2132498,973613,927868,156793,69798,18179,17410,25677,154796,178123,67530,107568,763186,747656,2419328,994973,2497471,94820,30509,36609,141799,710818,32719,18895,399273,452238,171118,421540,900555,406927,1739640,12903990,86573045,722331,1068002,1519143,2288704,27214981,26222209,5494877,873017,434692,813486,597789,2551174,13868370,80717787,379715155,1734132478,7399861431,1987344272,19813423035,58874158464,1796003534,14615472371,75869232214,49658869017,67515716863,13376479428,>100000000000
s192: 192 (seq 20 offset 3)
s193: 193,169 (seq 169 offset 1)
s194: 194,391,1381,6279,30649,15313,60516,128979,878181,691222,965038,202277,1371889,6930781,171026,278274,131174,112271,48480,210816,659522,439835,2433608,5383512,11743974,146909265,431962427,405930521,2041173093,6248342784,9398919625,6131459308,3213545710,1348633611,67645828565,>100000000000
s195: 195,418,728,1584,2390 (seq 158 offset 2)
s196: 196,199,705,561,708,3061,4170,3789,5128,8393,5781,6961,12132,48604,43292,99135,142536,654562,2987007,283321,397095,1341714,30835328,67677473,17362642,10483022,90427507,253235290,688222057,1082085632,10850053867,>100000000000
s197: 197,38 (seq 19 offset 2)
s198: 198,998,80 (seq 80 offset 1)
s199: 199 (seq 196 offset 2)
s200: 200,601,1218,9167,6172,1134,759,413,1076,6137,22813,43795,517538,301248,457464,903360,1234743,20873816,405116453,479905176,1524478948,9092186472,6253889454,40442093888,94718774543,>100000000000
s201: 201,245,303,195 (seq 195 offset 1)
s202: 202,1514,4537,7077,14133,255505,803824,554484,1048131,22774995,26849682,63017022,14022625,693175929,966378465,271719402,3111087,4345589,2806283,27937454,196899723,3131415879,7729198636,5189019700,11129766077,>100000000000
s203: 203,1051,443,2086,9196,14510,349351,2676742,12281948,183640783,408733044,2291175453,1547242054,1938167583,12542597961,19288541422,52745152227,>100000000000
s204: 204,375,47 (seq 37 offset 2)
s205: 205,1327,3795,26356,614,1612,15406,55499,83266,81970,19095,114040,287445,1580687,5719025,8882568,4152646,3357417,654609,151484,364828,694285,1829487,8717296,8320014,4585644,3647291,2822416,21860254,181536541,206602586,915392950,1584183562,13479541462,87948400121,>100000000000
s206: 206,885,473,538,1821,8432,6934,20643,46238,130509,1123723,35143679,260337936,203210605,236377807,28791059,274385985,2805806194,6616087516,17376312669,1670120877,7931807362,1347414724,2179353220,7527990344,6143092806,20668158482,63642173966,67745420740,23835944296,12310023783,>100000000000
s207: 207 (seq 55 offset 4)
s208: 208,77 (seq 77 offset 1)
s209: 209,54 (seq 20 offset 2)
s210: 210,1318,5313,13846,118598,859302,94422,37263,12355,3893,3054,369,1553,17193,20447,43827,214856,777308,258323,613688,5328208,964966,830881,445150,914245,1184083,784830,743443,6249816,11770454,104372558,10807663,20863354,41921391,18355280,3152201,2221943,12488,224659,893540,1989003,1125704,24163371,31939973,18579839,216643492,1909126591,3903935828,19961884434,>100000000000
s211: 211 (seq 56 offset 2)
s212: 212,712,243,1357,4426,11274,14448,6327,1020,9808,28807,46272,145213,131712,459429,2511105,3513796,2448810,14389699,90397602,123836203,135935174,161419809,200660484,1638267911,3071719483,12992002720,2411970381,6992185667,7017144720,10146867821,49428954473,33747284888,>100000000000
s213: 213,281,790,1760,8610,268,966,1331,16020,65225,162385,380337,1713071,31328430,17196184,164146427,1619298307,1402788647,132806924,531343769,2402202558,1404396765,10280131929,39933312049,75645979770,>100000000000
s214: 214,103 (seq 103 offset 1)
s215: 215,3099,746,1159,922 (seq 115 offset 2)
s216: 216,992,1386,2850,1886,42956,169332,2008416,371802,3663,4691,9885,10013,64986,203244,932770,1271559,3519876,153173,395725,378450,264553,10867,19564,90391,219713,77749,98709,243271,593828,667837,1479871,12887714,2587121,3390833,6921985,28863934,219680078,904191367,72887391,98077102,16292661,18814605,239099999,802640793,290860555,701011781,2048582110,1447144585,2605673946,25227249274,>100000000000
s217: 217,547,1407,4248,7190,541,1113,3504,5445,23394,85736,48416,137085,174375,4483819,15043796,219762390,892338306,50293043,216310502,84644979,115044999,1370540027,22352774458,18717520738,5009492608,39580954898,41172632082,>100000000000
s218: 218,424,1110,22898,130873,1197534,5018741,19907023,3223295,16398118,55779619,192495907,319481243,1326145691,10538287835,34790061124,27917200778,>100000000000
s219: 219,717,568,605,750,1146,4679,15477,29633,103850,1153760,3692046,4616004,20696665,62435325,46121070,128967058,355453702,666800522,306607780,912517727,3888294535,22105925809,38823288741,90555769391,44918051279,25550002208,19613410120,28426510305,>100000000000
s220: 220 (seq 45 offset 3)
s221: 221,1737,6198,1237,1925 (seq 123 offset 2)
s222: 222,1736,641,1424,7189,13790,156651,1809177,6453012,1716234,1847213,16682167,147238851,95229048,20568991,30381445,58980470,29561269,32034443,243902196,861969535,1503132821,3624855212,10195025653,>100000000000
s223: 223,136 (seq 22 offset 2)
s224: 224,536,346,262,2038,3769,18217,63720,402105,74379,128692,2186380,2014427,1764539,4263376,5458147,8304062,4108091,17665647,17839828,60258546,101871839,51099174,23395624,63299695,112348366,5874355707,18558514498,38322657679,>100000000000
s225: 225,1071,7694,18463,77015,39504,142130,789336,170591,736104,35122,194247,691092,1770443,2444245,1922679,22001994,6750754,27321197,31854026,133174206,908319853,249486038,508120057,2522683641,12812556516,>100000000000
s226: 226,965,1883,8524,3782,31095,170722,983389,532528,1092097,2970959,2108121,17660807,123182072,1129955974,10194289860,>100000000000
s227: 227,485,255,1169,6193,843,1681,17201,408075,1640578,5276409,7464019,1275073,10602223,32262223,2989653,8735640,13699350,294180121,2276746608,15875661040,>100000000000
s228: 228,2528,9467,1241,8620,75 (seq 75 offset 1)
s229: 229,186 (seq 186 offset 1)
s230: 230,64 (seq 64 offset 1)
s231: 231,137 (seq 137 offset 1)
s232: 232,1784,6292,23797,427225,1521091,2930374,10020121,109335952,247714175,4295206625,7592259796,7505311473,3568256782,959645898,319766519,347666680,1029706788,234124176,981626343,151068768,1682127936,3877609529,16021629761,50381010238,>100000000000
s233: 233,230 (seq 230 offset 1)
s234: 234,261,436,349,761,3548,2462,10921,51084,58770,27644,11234,116361,2148056,7200121,7658603,11915432,48232902,253385410,156844620,1027493571,16381089248,64263924596,12486830176,>100000000000
s235: 235 (seq 101 offset 4)
s236: 236,1523 (seq 122 offset 4)
s237: 237 (seq 37 offset 9)
s238: 238,17 (seq 17 offset 1)
s239: 239 (seq 165 offset 2)
s240: 240,1197,2905,30005,269407,1875106,12792433,103478550,1592464727,12255971055,>100000000000
s241: 241 (seq 151 offset 4)
s242: 242,1109,3254,14760,198997,556178,775816,296453,1126355,130079,760222,62918,70540,22488,216646,2644508,7568551,1498241,3384081,4927609,12295373,53800632,131611384,279755897,2613149279,12418286715,>100000000000
s243: 243 (seq 212 offset 3)
s244: 244 (seq 37 offset 4)
s245: 245 (seq 201 offset 2)
s246: 246,2247,536 (seq 224 offset 2)
s247: 247 (seq 190 offset 2)
s248: 248 (seq 25 offset 3)
s249: 249,293 (seq 24 offset 2)
s250: 250 (seq 91 offset 2)
s251: 251 (seq 145 offset 2)
s252: 252,823,114 (seq 114 offset 1)
s253: 253,90 (seq 25 offset 2)
s254: 254,338,25 (seq 25 offset 1)
s255: 255 (seq 227 offset 3)
s256: 256,1751,4627,19652,1882,28327,50235,4874,15146,257532,945199,4582833,8002881,11223686,266590830,19116253,29085491,34010514,53941870,229310255,1809047011,6624557978,6081473278,25230108303,>100000000000
s257: 257,1007,4076,8053,957,947,2056,1327 (seq 205 offset 2)
s258: 258,695,388,931,441,727,406,71 (seq 40 offset 2)
s259: 259,355,1362,735 (seq 22 offset 3)
s260: 260,290,714,610,269,1394 (seq 13 offset 6)
s261: 261 (seq 234 offset 2)
s262: 262 (seq 224 offset 4)
s263: 263,614 (seq 205 offset 5)
s264: 264,22 (seq 22 offset 1)
s265: 265,7 (seq 1 offset 3)
s266: 266,276,3797,1259,23663,155077,818566,538202,666402,1323768,7668393,23539114,60430521,50012447,15573427,24605326,306527266,1507122583,17303027422,>100000000000
s267: 267,2052,2040,17678,140793,14322,38827,23602,332741,2100893,19686014,296475268,219380983,314306749,937823577,556669962,2276746789,8605701792,23752163872,>100000000000
s268: 268 (seq 213 offset 6)
s269: 269 (seq 260 offset 5)
s270: 270 (seq 104 offset 2)
s271: 271,242 (seq 242 offset 1)
s272: 272,478,1408,8435,14142,52639,30571,40317,4777,4575,8236,7538,5538,6763,5430,28068,5085,6408,11578,132801,245166,116266,56913,128762,244204,512245,570668,532871,570094,116926,3142221,11958095,244141331,708474246,877505473,1492687012,27992525748,>100000000000
s273: 273,299,2644,17003,88162,48883,293085,125046,2712978,15957465,22199019,52357848,81423512,78557296,35708285,436679228,339604927,809430312,720016043,1128275569,3073683960,6082596057,10979799809,1346207383,9445987617,27592489873,>100000000000
s274: 274,463,531,2871,3437,13126,87402,214209,89008,332297,866907,747816,3970422,20739207,16245797,86429939,97651849,252557431,62795611,43427992,5749748,8027501,18059441,65480735,78613044,4851341,9110173,3945874,3429130,6336610,167801,85814,14394,153134,265909,1129236,22216389,105313797,1646648720,11712267492,10446598208,>100000000000
s275: 275,631,313 (seq 63 offset 2)
s276: 276 (seq 266 offset 2)
s277: 277,559,179 (seq 179 offset 1)
s278: 278,978,773,1067,19613,23761,11738,428,203 (seq 203 offset 1)
s279: 279,29 (seq 27 offset 2)
s280: 280,84 (seq 84 offset 1)
s281: 281 (seq 213 offset 2)
s282: 282 (seq 133 offset 2)
s283: 283,1091,6124,11119,55717,31738,61494,66538,6508,3557,43727,38488,47659,56192,182224,1436304,4147127,9695762,17685541,77423097,16628799,150008567,1567487673,19267233847,>100000000000
s284: 284,150 (seq 150 offset 1)
s285: 285 (seq 72 offset 11)
s286: 286 (seq 36 offset 2)
s287: 287,912,483,8554,17764,49685,110695,778045,1527538,18350202,202393779,1630319173,25566930905,>100000000000
s288: 288,34 (seq 28 offset 2)
s289: 289,1311,4507,5448,15204,27566,260419,411480,489587,461012,9952,2911,34310,24694,175762,277331,255932,353017,281626,233699,776543,976610,269804,374756,510192,3030305,16386984,280320583,104503584,174499467,394846154,4521919415,14480657240,79686954946,>100000000000
s290: 290 (seq 260 offset 2)
s291: 291,3369,8093,3803,24500,57713,625,1569,2328 (seq 156 offset 2)
s292: 292,336,504,1921,1619,15175,229089,829663,1230308,7465709,10181098,105677369,2020478508,2946849669,938053157,1606347071,3578767338,9350397624,5651054217,11918395336,98475022982,69199611254,33532360085,25467678025,1837078475,3094829644,9831003599,518832489,2855224659,8764851879,6516961686,30172810210,12662382429,62036950576,22058741691,>100000000000
s293: 293 (seq 24 offset 2)
s294: 294 (seq 183 offset 3)
s295: 295,1125,1350,12199,1426,2972,6167,14654,671,1184,13357,32974,69729,130400,3078225,17113368,109039855,534615838,1015492499,2375593767,14912116650,>100000000000
s296: 296 (seq 147 offset 5)
s297: 297,738,430,519,390,1188,847,223 (seq 223 offset 1)
s298: 298 (seq 127 offset 2)
s299: 299 (seq 273 offset 2)
s300: 300 (seq 73 offset 2)
s301: 301,493,193 (seq 193 offset 1)
s302: 302,818,490,908,815,324,2495,663,1551,6433,23 (seq 23 offset 1)
s303: 303 (seq 201 offset 3)
s304: 304,4461,218 (seq 218 offset 1)
s305: 305,366,3746,1158,36289,14867,36540,40416,46589,7386,8791,34262,252152,829867,2065727,7653246,20504522,53690139,10992107,58434267,9722283,7916360,4480686,3217958,5563925,7959079,21796444,34315495,25779984,115289586,243927524,473786033,1368740440,5042721107,14196318428,67852822574,21184143641,17271407806,85305618251,83899763197,20647216211,>100000000000
s306: 306 (seq 28 offset 4)
s307: 307,65 (seq 30 offset 2)
s308: 308,520,326,275 (seq 275 offset 1)
s309: 309,421,93 (seq 42 offset 2)
s310: 310,442,202 (seq 202 offset 1)
s311: 311 (seq 68 offset 3)
s312: 312,2632,6367,34187,341610,1124621,22901715,102517380,400607049,538231412,186482923,988847810,155796484,248039393,2056620152,1113725429,6618537865,21576418841,50440781973,24996483735,73661805184,>100000000000
s313: 313 (seq 63 offset 2)
s314: 314 (seq 155 offset 3)
s315: 315 (seq 155 offset 2)
s316: 316,238 (seq 238 offset 1)
s317: 317 (seq 184 offset 3)
s318: 318,797,1260,20243,166679,307286,4489519,8277718,4618322,10938773,377696322,827067873,3559795782,6760103321,19295238528,22999106635,65517131804,>100000000000
s319: 319,1166,3994,4465,15966,40257,167953,648940,926410,1784042,1336078,149397,195397,380194,1442953,2295628,3346272,17760749,110016020,3867516903,10648536784,571497419,319284274,865559728,663455344,320942689,1483523865,30497027701,13003034449,>100000000000
s320: 320,600,360,286 (seq 36 offset 2)
s321: 321,960,637,644,182 (seq 129 offset 6)
s322: 322,3434,8126,11767,102885,21104,73957,61163,2458,303 (seq 201 offset 3)
s323: 323,16 (seq 10 offset 4)
s324: 324 (seq 302 offset 6)
s325: 325 (seq 152 offset 2)
s326: 326 (seq 308 offset 3)
s327: 327,28 (seq 28 offset 1)
s328: 328,112 (seq 112 offset 1)
s329: 329,3333,28468,2193,7606,2505,9048,4551,9501,4826,2063,15878,130138,1828026,12201795,90546583,6026821,2704048,6725128,8628696,11444436,26154820,67893372,50794753,2017003,458886,806806,1156116,4959222,5202965,3663838,274438,529080,655941,255076,1233111,4838774,18176687,48557523,216760139,2900424218,6564601234,3040870696,4577645936,940621057,1929143665,5580500059,13219646000,77605225108,>100000000000
s330: 330,365,410,163 (seq 163 offset 1)
s331: 331,1128,14719,15921,83422,56772,107458,913922,845975,4563444,10961982,31812680,69467989,31739762,104063813,848364740,27855137,36659688,6799485,8013106,11287700,717610,210176,756288,344338,2011260,10778685,54722980,43838267,107849657,130040615,725557838,1070479204,10856023880,42098198949,10346947313,14599887845,>100000000000
s332: 332,876,980,1555,7245,302 (seq 302 offset 1)
s333: 333,1699,7758,12663,176410,1811927,24997892,64676010,34536427,178595455,47181123,15645417,52544122,30921052,114743393,275197708,2507512070,9671030744,21648937372,17604642288,>100000000000
s334: 334,216 (seq 216 offset 1)
s335: 335,3720,5544,6778,6174,17817,92981,101709,607785,837466,305532,716869,976840,1712039,13619536,164132565,80976688,10412870,27728109,102980424,493831952,1854758938,2322316666,7520773187,3367583433,934366320,79137279,41258735,11033208,139292794,2443818839,20399441671,88419543145,53945699565,54403321519,>100000000000
s336: 336 (seq 292 offset 2)
s337: 337,231 (seq 231 offset 1)
s338: 338 (seq 254 offset 2)
s339: 339,283 (seq 283 offset 1)
s340: 340,3162,5302,12780,165456,238990,294482,455165,1665466,33707213,35476999,45768499,26093986,175767428,1899292910,8617630871,1756945741,1012400917,3741805730,5750414442,4720682680,1653036876,44865598619,31485337047,>100000000000
s341: 341,1418,24229,5057,21453,190155,303563,652259,980167,1100568,35358401,328705060,2315285779,23012205232,90290021207,>100000000000
s342: 342,92 (seq 92 offset 1)
s343: 343 (seq 171 offset 2)
s344: 344,217 (seq 217 offset 1)
s345: 345 (seq 153 offset 2)
s346: 346 (seq 224 offset 3)
s347: 347,1093,14027,72197,77748,54058,380971,1942733,18411203,4595351,3323319,985592,71551,6432,18410,267624,946899,1260741,1293992,1895992,3979282,7055935,1292680,12858370,293336581,3274180317,10095331646,22413948778,49092784340,>100000000000
s348: 348,87 (seq 28 offset 3)
s349: 349 (seq 234 offset 4)
s350: 350,1634,6019,5385,6510,8616,14312,154490,199375,498411,405184,26656,250921,2064466,10220663,437754963,576520963,598814999,77371786,308253836,1276445297,8780986567,1206746726,6164326154,11820605197,8680864144,45484072862,42983486064,77029257418,3258329453,9707126467,4137010619,7505878919,6965822258,41725632200,26179245463,71780327937,35325625881,97557578542,67502180490,10244462461,26704472913,>100000000000
s351: 351,470,120 (seq 37 offset 3)
s352: 352,840,2365,14978,20868,429837,879632,5504856,23772955,59689531,131855090,1404457618,2853099357,3452057866,2522374221,2459894953,29475670985,22125478442,33174238010,42591310654,25782422074,25877400992,29176565170,>100000000000
s353: 353,935,1347,15970,76245,78903,27154,52851,13521,262086,622531,107353,226042,2471763,3164006,11511423,69282778,51605329,83504260,140936976,848852204,93968150,255211,831548,1152869,14678918,192923531,398280778,88652293,81248727,32256253,242428225,1164403282,3470101600,1736500433,1728616868,2716331879,25289727882,>100000000000
s354: 354,700,307 (seq 307 offset 1)
s355: 355 (seq 259 offset 2)
s356: 356,616,1206,3259,3739,42254,47131,70676,89736,35120,139940,1684857,3265689,8616287,14236157,78584894,446340455,962004675,1141450932,672547918,735638312,159094312,441014450,3428297211,6521630522,34538514108,>100000000000
s357: 357,2733,6916,7421,6795,4336,4689,28960,87248,116483,1947753,1841284,8025169,5512604,12923025,17626686,188214166,1639494489,20946029178,21066629353,>100000000000
s358: 358,10 (seq 10 offset 1)
s359: 359,143 (seq 143 offset 1)
s360: 360 (seq 320 offset 3)
s361: 361,1029,8197,12787,156205,7974435,2721177,8950941,5416501,2535417,6174349,12729732,130368003,675605538,214402632,360477088,771459808,871432080,739718648,3781861012,5567487050,32214569824,53439858212,>100000000000
s362: 362,509,1147,5553,19812,191682,229099,3974090,1763505,16741489,54985009,19701264,53208718,82753029,10223073,72505375,114951374,27122917,148814357,371918817,3963813612,3706908161,774636687,1924303398,24364047334,30724072721,27236841037,29955179507,34606500287,69823458703,>100000000000
s363: 363 (seq 113 offset 2)
s364: 364,347 (seq 347 offset 1)
s365: 365 (seq 330 offset 2)
s366: 366 (seq 305 offset 2)
s367: 367,350 (seq 350 offset 1)
s368: 368,2547,4010,17767,12830,62506,94373,13062,44858,57233,45474,65920,134118,807181,960729,1737592,743250,694202,29695,166114,3061949,13719778,164493699,929158857,256657649,3160568031,24563259485,41483493534,32521898562,>100000000000
s369: 369 (seq 210 offset 12)
s370: 370,556,1726,52159,40149,14614,34525,160672,46592,44671,26533,227457,363353,711546,958497,5364837,6162910,441137,11237,9657,3450,6406,70 (seq 70 offset 1)
s371: 371,540,339 (seq 339 offset 1)
s372: 372,301 (seq 301 offset 1)
s373: 373,5230,4854,4588,1468,652,240 (seq 240 offset 1)
s374: 374,1158 (seq 305 offset 4)
s375: 375 (seq 204 offset 2)
s376: 376,3040,19631,186944,1099982,1944663,13231697,112818849,338042225,789965655,2722001353,3041415894,4395019578,10463627324,36347787907,>100000000000
s377: 377,3057,403,724,302 (seq 302 offset 1)
s378: 378,232 (seq 232 offset 1)
s379: 379,458,304 (seq 304 offset 1)
s380: 380,1002,6740,25524,68768,32920,266865,442008,1254138,1120879,17723832,85030817,16780938,6602945,7370980,8884807,7968314,20086599,310929999,269388286,274851840,253891687,1866024987,49594790553,61119538179,96666938276,>100000000000
s381: 381,197 (seq 197 offset 1)
s382: 382 (seq 138 offset 2)
s383: 383,26 (seq 26 offset 1)
s384: 384,18 (seq 18 offset 1)
s385: 385,171 (seq 171 offset 1)
s386: 386 (seq 146 offset 2)
s387: 387 (seq 22 offset 5)
s388: 388 (seq 258 offset 3)
s389: 389,1078,12884,121756,522403,599352,934797,753960,989080,1117195,8141836,248112,1105601,1871645,6270030,32523444,144987784,525721589,3788023091,2728614326,19861715405,>100000000000
s390: 390 (seq 297 offset 5)
s391: 391 (seq 194 offset 2)
s392: 392,564,226 (seq 226 offset 1)
s393: 393,284 (seq 284 offset 1)
s394: 394 (seq 151 offset 2)
s395: 395 (seq 37 offset 6)
s396: 396 (seq 28 offset 6)
s397: 397 (seq 160 offset 2)
s398: 398,2021,4352,8604,8865,869,1473,896 (seq 147 offset 2)
s399: 399,44 (seq 13 offset 11)
s400: 400,1175,35023,4873,4662,11636,117424,1248572,7275675,29861150,352194964,73930644,101375996,1266669357,13389164285,33303642525,4877074718,3713249431,13483688888,28089258902,39026886087,17543486450,12126500753,>100000000000
s401: 401,1198,1535,5984,7589,3778,3057 (seq 377 offset 2)
s402: 402,1368 (seq 55 offset 25)
s403: 403 (seq 377 offset 3)
s404: 404,1273,298 (seq 127 offset 2)
s405: 405 (seq 24 offset 4)
s406: 406 (seq 258 offset 7)
s407: 407,2008,11652,144644,139630,615606,231350,2938414,3815494,4802578,14685844,237526270,337086136,321904665,953833049,238962563,2279459,16010122,11969391,39546038,73370781,7158652,8272219,38342455,175816715,242595444,3221401877,424933571,514816698,206703420,367134087,204747697,1015599919,5267457681,20906791533,689050013,189792819,7517836,9986743,7130948,13726187,153054660,1465166985,800333318,1916589215,16460188177,>100000000000
s408: 408,146 (seq 146 offset 1)
s409: 409,340 (seq 340 offset 1)
s410: 410 (seq 330 offset 3)
s411: 411,2497,1082,29995,57415,27190,303561,33624,508,1122,12018,102688,512938,4810101,643992,32402,18134,5511,16140,87381,44338,190224,1304761,7699745,12836500,9385075,23951069,17684429,227034672,1950569983,3231611878,7004759753,21538478108,8813725860,15455017577,46175276457,>100000000000
s412: 412,297 (seq 297 offset 1)
s413: 413 (seq 200 offset 8)
s414: 414,385 (seq 385 offset 1)
s415: 415,3 (seq 3 offset 1)
s416: 416,1709,11458,150034,2085360,11040418,18626809,40044741,39801870,69376161,72841734,133904701,2148417103,13337749847,21170518775,>100000000000
s417: 417,1419,1383,5700,5684,14179,254251,936214,37677,40790,6104,269 (seq 260 offset 5)
s418: 418 (seq 195 offset 2)
s419: 419,37 (seq 37 offset 1)
s420: 420,702,545,4339,22951,57705,27390,10503,106128,83446,15354,29475,108030,3802152,7490127,1429741,26347183,188857061,434953672,678533899,2223837040,4616364863,23029011395,51834381919,4568021736,33778913754,55098929728,4809625189,7774200134,5073438663,2086938660,3924012909,4955683233,5145479009,240534892,1342804899,848382714,2555497127,4036662851,1818391134,2689232340,41038925666,>100000000000
s421: 421 (seq 309 offset 2)
s422: 422,1840,7640,1366,16724,32103,304758,1303207,6821393,3619323,24745527,55544311,31194169,83471434,26816037,116093278,286896217,434743460,201109159,2664788509,12120672939,93225601983,>100000000000
s423: 423,2995,8804,2656,4706,1605,9473,13292,325936,1081548,5955384,2628750,41069047,60825891,98848685,77728762,16218247,71573688,37697773,111515320,790975672,631335372,494055142,401998029,1132344689,10893495921,78368806962,83350235771,66040775083,85453465457,69194808807,>100000000000
s424: 424 (seq 218 offset 2)
s425: 425 (seq 18 offset 2)
s426: 426,1393,6714,15230,44886,88470,178443,421133,1163355,559147,1314548,10201045,131632502,952861262,627321613,355107171,1295996738,28228853259,62546092137,3877235933,15652007182,20866330547,7290720309,6780243644,73967426,13645038,37900325,446801,331073,1170840,9732561,595548,4291628,7899259,4266098,6417415,54015012,129661942,326649053,2801313110,19195384333,11258503783,2049605442,2853071604,3466457756,807606073,1428320881,21048581539,>100000000000
s427: 427,630,1900,4792,24746,162185,662955,1247768,11816076,49009555,385856824,1548965081,33342565799,>100000000000
s428: 428 (seq 278 offset 8)
s429: 429 (seq 52 offset 3)
s430: 430 (seq 297 offset 3)
s431: 431,2120,5361,6749,1456,251 (seq 145 offset 2)
s432: 432,274 (seq 274 offset 1)
s433: 433,24 (seq 24 offset 1)
s434: 434,3161,22286,188051,1034368,16222984,191225564,965866169,2188180646,7330896227,26448430119,43565743023,40419131865,>100000000000
s435: 435,2333,28467,108091,148539,2091090,1157933,12536296,335822760,289230084,81800853,152212405,262559202,585847927,1279962242,23438507401,>100000000000
s436: 436 (seq 234 offset 3)
s437: 437,555,178 (seq 178 offset 1)
s438: 438,1682,2641,22741,608954,1712129,10120855,172951044,205406408,89662400,265385271,1927327802,10220747052,>100000000000
s439: 439 (seq 179 offset 2)
s440: 440,512,1843,6436,348 (seq 348 offset 1)
s441: 441 (seq 258 offset 5)
s442: 442 (seq 310 offset 2)
s443: 443 (seq 203 offset 3)
s444: 444,2708,4292,38613,23690,82600,76951,21334,1666,5403,2788,1022,6400,5092,23397,189333,543929,604759,154866,1460709,9106782,28201506,192894576,362574583,152560481,1436448869,6494865670,24681069295,>100000000000
s445: 445,60 (seq 13 offset 12)
s446: 446 (seq 66 offset 3)
s447: 447 (seq 185 offset 2)
s448: 448,1253,1351 (seq 125 offset 2)
s449: 449,1250,6559,8056,33656,20471,73829,321659,198191,457385,345767,153894,3034279,5935173,1510125,20974895,122194743,92747011,17510015,242488645,395138859,95763643,298156272,973585022,649804740,3578274315,2746030305,7327199041,5471008530,20599725508,>100000000000
s450: 450,158 (seq 158 offset 1)
s451: 451,2108,3457,11544,16880,74410,36840,33431,208353,1600236,12681445,27025788,72732274,411225714,202948461,426842471,245043719,386488339,397343192,659717692,435549210,1638873341,4111416147,899490978,764302227,1404555797,4020513252,7284554297,5564268706,11445431285,78926767227,80002396199,43948328768,>100000000000
s452: 452,612,220 (seq 45 offset 3)
s453: 453,2870,4542,2701,166 (seq 104 offset 3)
s454: 454,272 (seq 272 offset 1)
s455: 455,809,1003,12292,334502,2374184,11941088,226560097,1475459782,3455085707,8595476081,8803554174,13210378881,>100000000000
s456: 456,252 (seq 252 offset 1)
s457: 457 (seq 37 offset 10)
s458: 458 (seq 379 offset 2)
s459: 459 (seq 63 offset 5)
s460: 460,127 (seq 127 offset 1)
s461: 461,219 (seq 219 offset 1)
s462: 462,20 (seq 20 offset 1)
s463: 463 (seq 274 offset 2)
s464: 464,1160,396 (seq 28 offset 6)
s465: 465 (seq 119 offset 3)
s466: 466,377 (seq 377 offset 1)
s467: 467,583,1203,60873,23514,79667,133024,689507,258309,1495928,5241246,2793349,10719724,63993823,82987387,1644818,8748925,320454,395844,882551,3632056,6501487,211711,649552,537675,36283,217072,151236,1097345,4522837,2722727,2310574,9101642,306918,438717,871123,6546,15900,71151,128831,412663,740660,602871,215095,9353584,17517582,193389812,778641537,2309439819,34555441561,20219970427,4352957583,644655181,346510540,854701872,166170607,109305890,325119094,858977286,650576816,135916262,172643980,293409214,2696464186,9335251154,873129009,663719632,1411721909,1568149082,51770486,69390058,185637565,3550552528,9852596423,8615594017,7465816172,6126121849,25061032217,3201764192,7834474288,1981585600,25459157978,>100000000000
s468: 468,653,8 (seq 6 offset 2)
s469: 469 (seq 22 offset 4)
s470: 470 (seq 351 offset 2)
s471: 471,1222,17882,137747,263214,160510,901009,729798,847937,867961,769069,237143,897182,2760443,12634905,107025644,3082846256,3084891843,2482813073,11080401683,59240688207,>100000000000
s472: 472 (seq 188 offset 2)
s473: 473 (seq 206 offset 3)
s474: 474,1371,13708,68635,94760,65278,48699,187546,1675108,2463882,3755131,34308840,93235110,23285885,95926706,134086805,2022462454,7951783367,1763589702,5233181335,3763390101,9326298632,4331910252,6962905992,6747153414,42263834677,54270872757,95621928496,29768870526,>100000000000
s475: 475,224 (seq 224 offset 1)
s476: 476,2069,18991,37453,167271,485820,36756,176120,822420,425142,46277,46569,71131,23590,20308,215872,1196386,968699,987153,1390159,391301,2629316,4485421,8334685,17509348,17946752,144567140,1235946206,15152369318,79842189841,84548720751,>100000000000
s477: 477,742,1558,315 (seq 155 offset 2)
s478: 478 (seq 272 offset 2)
s479: 479,1094,4556,8723,7133,22064,204969,1858719,16065603,2072361,33134,47398,49368,8978,70406,75844,201114,300230,240823,1734642,31130305,54512527,14859086,62990543,102596668,488270503,6890766,3921869,7876254,3109148,377074,2332112,1754431,4156482,20767659,52161873,15285887,23818232,63474239,1322656,4590174,2184126,19384364,51085995,198366118,245475011,321340594,3919878433,4502254373,2762480632,7674098776,4622984956,82413959,215417009,1556085234,2268716675,4945707795,10926798574,39934371633,79944909125,41971548542,>100000000000
s480: 480 (seq 25 offset 4)
s481: 481,152 (seq 152 offset 1)
s482: 482,88 (seq 48 offset 2)
s483: 483 (seq 287 offset 3)
s484: 484 (seq 122 offset 2)
s485: 485 (seq 227 offset 2)
s486: 486,267 (seq 267 offset 1)
s487: 487,2649,36317,119094,127182,60981,471651,5178,4430,27406,41153,112089,82641,266798,870863,75245,97774,68738,15092,134194,710565,35141,76048,94462,57140,122035,221050,3152631,243300,554294,1480040,5864717,6100301,257493,508523,580799,2104910,9946419,16096152,57944086,67830774,17544132,85563779,16040653,168457987,409449782,2273614308,105610733,696677226,9738714,11331522,127008650,4455188451,12615378142,>100000000000
s488: 488,322 (seq 322 offset 1)
s489: 489,189 (seq 189 offset 1)
s490: 490 (seq 302 offset 3)
s491: 491 (seq 183 offset 2)
s492: 492,3117,8608,1791,4095,14182,64641,95829,188697,179355,656518,2995987,4337338,6850734,12849006,38352920,32469794,228747252,118626936,1150694330,2179163638,9112822358,3513062530,8996560218,22579740036,14484418077,29946380488,32151397612,>100000000000
s493: 493 (seq 301 offset 2)
s494: 494,58 (seq 49 offset 2)
s495: 495 (seq 119 offset 2)
s496: 496,1373,10887,32730,98668,178420,914295,1023690,11501501,27026822,173957703,326562901,1812575491,8076515689,16714370476,>100000000000
s497: 497,1083,3458,16761,43276,75620,53813,142271,1880127,24022957,55364104,18337927,214778802,136992217,92574579,65974631,95141879,126504778,1565023402,21927254915,27487568016,34974230529,>100000000000
s498: 498,1458,4495,3906,2817,13582,75332,874 (seq 27 offset 5)
s499: 499,762,570 (seq 76 offset 2)
s500: 500 (seq 129 offset 2)
s501: 501 (seq 127 offset 3)
s502: 502,32 (seq 10 offset 3)
s503: 503,838,863,929,1854,447 (seq 185 offset 2)
s504: 504 (seq 292 offset 3)
s505: 505,132 (seq 132 offset 1)
s506: 506,1116,3993,44 (seq 13 offset 11)
s507: 507,684,654,673,468 (seq 468 offset 1)
s508: 508 (seq 411 offset 9)
s509: 509 (seq 362 offset 2)
s510: 510,49 (seq 49 offset 1)
s511: 511 (seq 37 offset 5)
s512: 512 (seq 440 offset 2)
s513: 513,110 (seq 110 offset 1)
s514: 514,2118,4782,2057,9783,22578,11743,131187,527012,853172,432105,2176693,27252425,42856155,32898151,28573703,212784594,158802891,259573525,880585262,669996557,415004967,195437989,554122092,606688200,1072454950,22956944896,30366970284,68391637340,87844237443,>100000000000
s515: 515,1100,3848,25280,17646,194191,1967877,2998966,1481335,20491297,38244114,145558427,199080975,1339255905,1171860792,8155276297,5040805280,1877564879,5743319345,18647808528,12461819647,36362704112,25994733867,>100000000000
s516: 516,3516,16076,24472,107360,2758070,1724332,40868737,11760154,238121144,107049361,510323934,998913565,10053879,61118271,102343730,792470140,572777315,707593970,2542180812,2224089898,9017322249,3965158352,14887953149,30248890680,>100000000000
s517: 517,2109,9919,6039,3997,15273,22437,115992,492807,2187864,5937143,15331923,361685,395189,1414413,18597747,67953731,16536069,14675907,31425241,71404414,53755560,10849950,30210784,81956926,139458526,813912492,655689020,899972713,129829155,158359859,1366834062,2768985105,9128514670,9240339451,6289490159,29887589185,>100000000000
s518: 518,471 (seq 471 offset 1)
s519: 519 (seq 297 offset 4)
s520: 520 (seq 308 offset 2)
s521: 521,173 (seq 52 offset 2)
s522: 522 (seq 137 offset 3)
s523: 523,579,3193,6661,13595,18794,36226,62148,244867,1478218,8227251,13969200,225498450,71249399,125416378,224991821,359247193,932423620,923971150,69374760,54500758,138515444,1174673835,10588061817,>100000000000
s524: 524,1615,8203,2098,5826,32905,85231,101247,2668544,6704914,5314735,3259546,9169604,4497716,41444272,84632489,91119816,11815455,19360275,76808431,144873333,1333196226,1207118774,10701094461,>100000000000
s525: 525,1006,3481,31340,58752,49128,153814,383660,781752,2410830,13326684,13116194,37486027,20349,2099,1729,8043,3264,1977,5240,6014,2066,7843,1796 (seq 73 offset 5)
s526: 526 (seq 13 offset 7)
s527: 527 (seq 151 offset 3)
s528: 528,867,234 (seq 234 offset 1)
s529: 529,1059,781,67 (seq 67 offset 1)
s530: 530,368 (seq 368 offset 1)
s531: 531 (seq 274 offset 3)
s532: 532,959,415 (seq 415 offset 1)
s533: 533 (seq 37 offset 7)
s534: 534,91 (seq 91 offset 1)
s535: 535 (seq 137 offset 4)
s536: 536 (seq 224 offset 2)
s537: 537 (seq 190 offset 3)
s538: 538 (seq 206 offset 4)
s539: 539,563,1211,50289,27491,88575,473 (seq 206 offset 3)
s540: 540 (seq 371 offset 2)
s541: 541 (seq 217 offset 6)
s542: 542,701,167 (seq 167 offset 1)
s543: 543,273 (seq 273 offset 1)
s544: 544,2928,3334,1699 (seq 333 offset 2)
s545: 545 (seq 420 offset 3)
s546: 546,916,3370,19375,191803,365160,256145,4374091,1453033,7792366,5433099,33340549,326161852,1323662660,13473638290,4928208538,33033861664,>100000000000
s547: 547 (seq 217 offset 2)
s548: 548,371 (seq 371 offset 1)
s549: 549,192 (seq 20 offset 3)
s550: 550,131 (seq 55 offset 2)
s551: 551,1571,4598,2253,8423,11428,257610,49346,11693,41186,59497,93902,130974,705723,3128190,2983480,12638898,24275460,32673803,51139538,33113512,293331266,840445299,168610215,182831214,52623638,18073939,258846001,420210913,1295453094,14939665858,>100000000000
s552: 552,1664,4743,7411,11815,11915,8846,15939,62671,41081,124016,1318160,2672986,15934037,13234147,233429706,1124746321,14213487186,>100000000000
s553: 553,810,206 (seq 206 offset 1)
s554: 554,915,1315,1097 (seq 55 offset 3)
s555: 555 (seq 437 offset 2)
s556: 556 (seq 370 offset 2)
s557: 557,1102,12721 (seq 18 offset 7)
s558: 558,316 (seq 316 offset 1)
s559: 559 (seq 277 offset 2)
s560: 560 (seq 77 offset 2)
s561: 561 (seq 196 offset 4)
s562: 562,926,6 (seq 6 offset 1)
s563: 563 (seq 539 offset 2)
s564: 564 (seq 392 offset 2)
s565: 565,2454,1111,12701,98149,171919,3333475,9443097,4356986,2607160,40610131,94118858,274031338,2842839018,1276292470,3395827866,10347300504,>100000000000
s566: 566,211 (seq 56 offset 2)
s567: 567,467 (seq 467 offset 1)
s568: 568 (seq 219 offset 3)
s569: 569 (seq 176 offset 2)
s570: 570 (seq 76 offset 2)
s571: 571,2848,150 (seq 150 offset 1)
s572: 572 (seq 24 offset 3)
s573: 573,1659 (seq 191 offset 6)
s574: 574,1103,3494,9015,19835,136187,737483,473355,2210381,11215887,5329791,32914702,68195796,50700700,116700186,208328380,516810251,90711121,41204662,220528005,418941830,2135027781,8530517084,26589648648,93949083702,74238499488,>100000000000
s575: 575,412 (seq 412 offset 1)
s576: 576,2005,33383,59765,55084,157092,1637119,552671,210992,995351,225793,229685,55242,68769,73430,8854,12558,37133,48363,119521,679458,651843,62635,39815,43858,57752,48778,96308,12802,220906,45682,79903,36016,28714,154598,251771,1328380,1814096,1910836,669794,335455,495859,227440,1409147,2159237,9518639,9953224,778811,592226,119300,729643,526901,2540630,4672064,3859383,25370430,5406845,13420948,61954844,87445935,305233739,484628658,3637157718,5739444973,7158746764,18273696183,29128641202,>100000000000
s577: 577,625 (seq 291 offset 7)
s578: 578,1795,17412,67031,22493,62213,245351,160407,56246,157707,803154,74374,132151,271006,275056,141509,243358,359462,1025905,4401791,7966584,4001958,4870149,3724920,2583536,992031,636781,421752,1392423,7623705,3013658,1068246,6333086,27345672,122330822,444429949,1611682166,2045088015,46151707215,>100000000000
s579: 579 (seq 523 offset 2)
s580: 580,1338,14094,14797,56789,10817,9533 (seq 124 offset 3)
s581: 581,1984,3359,14849,12145,44135,138156,441620,1164797,1938566,14800078,34121714,7938959,13421982,11890852,78427462,53617765,47172169,44198668,93525866,8053564,6888206,17342163,127190162,559609248,441579348,147755972,195295992,985994155,741037392,2903433275,8501074449,20545648912,>100000000000
s582: 582,52 (seq 52 offset 1)
s583: 583 (seq 467 offset 2)
s584: 584,2266,11501,87798,89242,13282,111 (seq 13 offset 2)
s585: 585,677,1307,5592,2223,14669,19306,6041,3755,9032,13929,161499,674913,472332,1081185,1686091,4579202,9080189,11250639,170845515,6898811448,14296375110,38046231639,>100000000000
s586: 586,1018,1224,661,970,3246,28080,29621,4472,26396,62522,81533,276966,531711,809196,1224996,6913632,6768384,6234554,2203672,5925571,7462886,10094371,333565444,2391409720,14447577521,1635121601,6077210099,4613802026,5341006208,6967091806,10331254309,>100000000000
s587: 587,305 (seq 305 offset 1)
s588: 588 (seq 184 offset 2)
s589: 589,11 (seq 11 offset 1)
s590: 590,356 (seq 356 offset 1)
s591: 591,416 (seq 416 offset 1)
s592: 592,5 (seq 5 offset 1)
s593: 593,214 (seq 214 offset 1)
s594: 594,144 (seq 144 offset 1)
s595: 595,414 (seq 414 offset 1)
s596: 596 (seq 24 offset 5)
s597: 597,783,236 (seq 236 offset 1)
s598: 598,732,788,1023,6771,3278,1021,2750,6370,1212,711 (seq 121 offset 2)
s599: 599,1073,4476,22567,46282,44881,68399,181579,224944,1251981,1209532,226880,1634547,11573095,384872278,163156186,281377651,1289293893,5351065445,7317865000,9281430562,11801273912,48736874132,64035169847,69198626548,587563338,78504734,139542897,313601014,510167287,46219710,111869394,448344377,169632897,1850957390,4809185367,3465495941,2485675208,13101524629,81336161661,26560621328,>100000000000
s600: 600 (seq 320 offset 2)
s601: 601 (seq 200 offset 2)
s602: 602,291 (seq 291 offset 1)
s603: 603,264 (seq 264 offset 1)
s604: 604,1173,428 (seq 278 offset 8)
s605: 605 (seq 219 offset 4)
s606: 606 (seq 68 offset 2)
s607: 607,287 (seq 287 offset 1)
s608: 608,618,1444,3476,8130,40871,75237,115935,31490,29079,71706,125745,173189,4027198,6261021,14127455,50762701,11515715,10247291,74702643,50283101,34762641,222050066,26636059,76697484,200358202,2187041778,3833032697,13660186459,>100000000000
s609: 609,128 (seq 13 offset 13)
s610: 610 (seq 260 offset 4)
s611: 611,427 (seq 427 offset 1)
s612: 612 (seq 452 offset 2)
s613: 613 (seq 13 offset 8)
s614: 614 (seq 205 offset 5)
s615: 615,1030,20819,59979,143093,904504,1971267,3045287,2163168,3873335,307645,493179,292865,3735265,36601041,137801328,718079528,922522927,4102655948,8111200433,402570052,1127110844,30826958977,60520221217,20362750039,58309040504,>100000000000
s616: 616 (seq 356 offset 2)
s617: 617 (seq 77 offset 3)
s618: 618 (seq 608 offset 2)
s619: 619,843 (seq 227 offset 6)
s620: 620,76 (seq 76 offset 1)
s621: 621,2820,19770,86735,221255,1084624,6240558,2484381,33662647,30658974,248477364,72151978,188178933,2169782384,4602555478,7236006933,11651837490,20810563540,73784550820,85316349204,760816796,1052489434,7606563950,3092145097,1121034914,12477000258,>100000000000
s622: 622,185 (seq 185 offset 1)
s623: 623,456 (seq 456 offset 1)
s624: 624,510 (seq 510 offset 1)
s625: 625 (seq 291 offset 7)
s626: 626 (seq 17 offset 6)
s627: 627,462 (seq 462 offset 1)
s628: 628 (seq 134 offset 2)
s629: 629,571 (seq 571 offset 1)
s630: 630 (seq 427 offset 2)
s631: 631 (seq 275 offset 2)
s632: 632,1020 (seq 212 offset 9)
s633: 633 (seq 130 offset 6)
s634: 634,2486,13918,365788,1113238,9583980,3053825,3632863,8154604,3394935,7173805,5490078,4029457,2088393,398522,289163,764916,416967,918094,1542093,7496779,1920254,714290,190675,966578,164019,58907,94753,456076,93836,57430,51322,125242,274558,327551,2126617,30350132,251386949,123391535,619364853,46343827,111658555,169256828,1167165348,32181099935,14577554697,>100000000000
s635: 635,615 (seq 615 offset 1)
s636: 636 (seq 147 offset 3)
s637: 637 (seq 321 offset 3)
s638: 638,930,194 (seq 194 offset 1)
s639: 639,532 (seq 532 offset 1)
s640: 640,70 (seq 70 offset 1)
s641: 641 (seq 222 offset 3)
s642: 642,821,102 (seq 102 offset 1)
s643: 643 (seq 113 offset 3)
s644: 644 (seq 321 offset 4)
s645: 645,1979,2906,24234,20216,221868,281251,939186,1128719,16778519,83816377,65185249,38105517,363894,1156153,7679579,6385815,22297869,7473215,975935,1547490,26097243,25265891,42427714,40120278,217557799,67550781,324481053,2424328247,21268726955,42194401549,17956836613,>100000000000
s646: 646,1280,6282,333 (seq 333 offset 1)
s647: 647 (seq 178 offset 2)
s648: 648,227 (seq 227 offset 1)
s649: 649,1161,7764,1954,6030,7790,6789,351 (seq 351 offset 1)
s650: 650,3557 (seq 283 offset 10)
s651: 651,109 (seq 109 offset 1)
s652: 652 (seq 373 offset 6)
s653: 653 (seq 468 offset 2)
s654: 654 (seq 507 offset 3)
s655: 655,2622,4374,2087,2583,15310,103929,769036,2428163,24174256,65875766,61368914,38882534,51633383,45172968,56520109,70777395,41985153,236722015,177635924,2227420346,1587723373,4165501808,1894208613,16470742045,2609738926,5722528061,2506386455,37775886022,23712685891,10286145666,>100000000000
s656: 656,515 (seq 515 offset 1)
s657: 657,411 (seq 411 offset 1)
s658: 658,871,2778,621 (seq 621 offset 1)
s659: 659,213 (seq 213 offset 1)
s660: 660,310 (seq 310 offset 1)
s661: 661 (seq 586 offset 4)
s662: 662,4067,4334,3918,6718,28381,174022,147217,602561,283347,120400,790662,492613,932150,967660,108242,306607,404065,130501,108956,555852,249790,934678,1743127,814446,595582,235194,1803228,9891841,7787670,1699097,8738997,872438,2260910,1001496,10098833,557271544,841018112,1319962598,29719847763,52887343073,>100000000000
s663: 663 (seq 302 offset 8)
s664: 664,118 (seq 66 offset 2)
s665: 665,212 (seq 212 offset 1)
s666: 666,2441,2309,4400,6348,7749,12331,49810,23258,46177,122546,378239,694419,287689,336000,1981886,97919,46692,33875,17370,38894,44270,61366,16723,249583,396018,33007,202960,808481,1406265,14306868,55803880,37748915,314579259,135261479,371915657,541690858,3323425995,542960576,1453135,6777757,3654909,183955,614445,9444,9384,123 (seq 123 offset 1)
s667: 667 (seq 171 offset 3)
s668: 668,1288,20336,251189,310703,302148,191973,536628,394197,637057,2298528,31906014,12588443,15051663,22405196,47865154,22313036,55476954,26514538,13199901,343690261,1658619099,14482681541,86169727964,90806646243,8075630356,19630644938,32227847385,>100000000000
s669: 669,258 (seq 258 offset 1)
s670: 670,4888,4751,20416,157990,205103,295075,2136220,16437461,113285016,386514023,245811887,522580753,2272646588,8024954136,8614838118,213227766,607605678,646474153,2514957664,1913740855,7275741890,4030607457,3158224360,14442097393,68319941721,21030974558,>100000000000
s671: 671 (seq 295 offset 9)
s672: 672 (seq 119 offset 4)
s673: 673 (seq 507 offset 4)
s674: 674,584 (seq 584 offset 1)
s675: 675,577 (seq 577 offset 1)
s676: 676,591 (seq 591 offset 1)
s677: 677 (seq 585 offset 2)
s678: 678 (seq 101 offset 3)
s679: 679 (seq 190 offset 4)
s680: 680,967,1401,3251 (seq 72 offset 3)
s681: 681 (seq 112 offset 3)
s682: 682,1041,7803,11569,107521,843571,658285,1383731,750949,86023,315939,336409,1259224,14487757,206344788,1918547590,9700961975,1135112235,44136411181,84341029823,9854306505,18668356918,39265411269,>100000000000
s683: 683,2019,245 (seq 201 offset 2)
s684: 684 (seq 507 offset 2)
s685: 685,836,1204,11885,64687,60157,124200,1848735,3609466,2117134,2066452,5057847,12628601,36445689,5030877,14226138,4711653,300343,1990076,10402403,114988,2267195,37426140,83793295,57910298,330703914,548712824,2263858823,1412031516,10213222282,81601398233,>100000000000
s686: 686,1132,23116,282000,698596,1288050,7504231,9751530,7213817,2189551,17183483,23176726,87466382,226935853,1552383995,10514998680,>100000000000
s687: 687 (seq 115 offset 3)
s688: 688,1753,2188,34563,320692,769192,108600,862282,778775,155227,1358507,2686639,11558635,59726886,91825055,204042234,1067383417,11276510266,48305785557,>100000000000
s689: 689,692,259 (seq 259 offset 1)
s690: 690,814,882,373 (seq 373 offset 1)
s691: 691,894,1240,22032,87575,49293,3853,4715,4388,2298,6937,21569,5000,13390,1986,4532,5350,23162,295415,362902,377101,1307923,28088813,377224936,1662940266,17741350035,16622001212,85067258056,429629679,1125433616,14386978717,>100000000000
s692: 692 (seq 689 offset 2)
s693: 693,42 (seq 42 offset 1)
s694: 694,594 (seq 594 offset 1)
s695: 695 (seq 258 offset 2)
s696: 696,1330,364 (seq 364 offset 1)
s697: 697,3069,19789,17318,208669,384110,462967,205860,113165,4961878,12838510,86798985,124961498,237037195,57083634,32542896,21073011,20636812,96357840,267879226,728678688,27652942,16691576,26853807,49115473,149075215,243160383,1492117343,2595406998,8518938233,83972114,19561300,30489681,158840229,1280927391,8556706624,2418540792,43623823692,>100000000000
s698: 698,1554,23953,232881,1548302,12940211,164944910,122538272,647838260,778724192,3699687859,4601938238,664377472,1830067891,9052077778,938036343,2147204753,4617829590,16131504859,>100000000000
s699: 699 (seq 101 offset 5)
s700: 700 (seq 354 offset 2)
s701: 701 (seq 542 offset 2)
s702: 702 (seq 420 offset 2)
s703: 703,408 (seq 408 offset 1)
s704: 704,2670,8888,4752,1321,16564,130174,2395849,4514512,11535573,3633079,3681712,6131485,14375150,86802823,158839997,447896184,515309868,226745181,2730506224,7089807077,24779378995,85158017842,37599796405,>100000000000
s705: 705 (seq 196 offset 3)
s706: 706,97 (seq 70 offset 2)
s707: 707,755,914,250 (seq 91 offset 2)
s708: 708 (seq 196 offset 5)
s709: 709,121 (seq 121 offset 1)
s710: 710 (seq 112 offset 2)
s711: 711 (seq 121 offset 2)
s712: 712 (seq 212 offset 2)
s713: 713,627 (seq 627 offset 1)
s714: 714 (seq 260 offset 3)
s715: 715,344 (seq 344 offset 1)
s716: 716,40 (seq 40 offset 1)
s717: 717 (seq 219 offset 2)
s718: 718,2776,7296,8044,11441,22368,146863,1274258,14391391,42544131,219101410,3376029882,6566677954,6195138326,7774514387,8876569415,16032811152,6356431432,7544922550,6117371259,36285648386,57163999770,22854610538,18840703699,>100000000000
s719: 719,541 (seq 217 offset 6)
s720: 720,1009,1817,17410 (seq 191 offset 21)
s721: 721,650 (seq 650 offset 1)
s722: 722 (seq 22 offset 7)
s723: 723,1632,9193,6040,1173 (seq 604 offset 2)
s724: 724 (seq 377 offset 4)
s725: 725,140 (seq 72 offset 2)
s726: 726,289 (seq 289 offset 1)
s727: 727 (seq 258 offset 6)
s728: 728 (seq 195 offset 3)
s729: 729 (seq 17 offset 4)
s730: 730,898,1312,21692,123265,3197174,17689574,78201074,142601679,541237895,1139682754,28001590201,25645175131,>100000000000
s731: 731,785,623 (seq 623 offset 1)
s732: 732 (seq 598 offset 2)
s733: 733,507 (seq 507 offset 1)
s734: 734,3076,9377,3056,16211,32911,319981,576962,1582033,16860075,71045368,36426247,39635678,15949587,75434294,68009650,71076101,109940552,90830212,148874192,362469099,1166527423,430052621,2162092742,3265034575,21495876710,678347184,62148839,25470300,18848851,5861075,9206915,7379047,11552573,7389573,3067289,11867034,79248768,21940411,52279454,365923745,511852197,588130550,718540797,1049782670,2550298307,876652475,1097140641,11931296746,21025112367,12673471471,91791664050,13106762625,1446081386,470010418,1203769721,28328501486,>100000000000
s735: 735 (seq 22 offset 3)
s736: 736,642 (seq 642 offset 1)
s737: 737,300 (seq 73 offset 2)
s738: 738 (seq 297 offset 2)
s739: 739,1693,41 (seq 10 offset 5)
s740: 740,4333,1698,25319,13841,382 (seq 138 offset 2)
s741: 741,1673,5034,4107,3939,15396,26400,12272,141377,433534,2439957,16469948,93827454,4822293,13124238,24239789,31680277,12730998,248223743,462760,683536,1165014,19509320,86850521,138258455,1906459697,5037453446,29176052658,25281507665,70944312169,>100000000000
s742: 742 (seq 477 offset 2)
s743: 743,2493,2595,2026,3119,29708,27098,3668 (seq 185 offset 4)
s744: 744,453 (seq 453 offset 1)
s745: 745 (seq 130 offset 2)
s746: 746 (seq 215 offset 3)
s747: 747,741 (seq 741 offset 1)
s748: 748,321 (seq 321 offset 1)
s749: 749,57 (seq 36 offset 4)
s750: 750 (seq 219 offset 5)
s751: 751,48 (seq 48 offset 1)
s752: 752,476 (seq 476 offset 1)
s753: 753 (seq 27 offset 4)
s754: 754,1154,16880 (seq 451 offset 5)
s755: 755 (seq 707 offset 2)
s756: 756,210 (seq 210 offset 1)
s757: 757,632 (seq 632 offset 1)
s758: 758,3778 (seq 401 offset 6)
s759: 759 (seq 200 offset 7)
s760: 760,2505 (seq 329 offset 6)
s761: 761 (seq 234 offset 5)
s762: 762 (seq 499 offset 2)
s763: 763,3308,2569,7419,19239,42661,98110,345938,1115691,5633353,13742193,14859116,208269337,452174820,1675042502,11723505323,63668470021,33552171979,>100000000000
s764: 764,1366 (seq 422 offset 4)
s765: 765,2786,1566,4829,5844,2706,3383,25 (seq 25 offset 1)
s766: 766,592 (seq 592 offset 1)
s767: 767,576 (seq 576 offset 1)
s768: 768,3910,2954,10189,57401,225858,91344,4213,28670,165994,790004,357676,266707,1858237,2177530,108017,1270309,9214692,31002185,60366468,1252480,2551914,15945602,73709118,136516809,250384050,24397940,5006558,317844,370030,985147,546820,490670,305218,3102277,1643686,7575876,20815625,16243099,46238142,44430011,129697709,1438429802,797405810,586482716,35804830,52720726,14569371,162041880,436386432,46603041,78103679,228466177,354088722,122301277,617097128,112533694,902778935,42552475,82480555,88115913,42822829,16492308,55144371,111215926,722053384,212082213,1250133898,4629631793,24778413356,23747117559,1532870618,19855100215,40308209156,20414883661,>100000000000
s769: 769 (seq 73 offset 17)
s770: 770,560 (seq 77 offset 2)
s771: 771 (seq 17 offset 5)
s772: 772,1592,4 (seq 4 offset 1)
s773: 773 (seq 278 offset 3)
s774: 774,740 (seq 740 offset 1)
s775: 775,1088,23296,43531,38658,31947,36794,20368,106287,358608,997892,4030103,37364050,152786245,104322606,303015135,812295434,749024238,836777565,322970203,3538374155,5649749829,1473654436,13476611328,30603493697,94999667007,14850910936,28158070033,7829538377,1944741758,318856714,554019312,197973204,1261509625,9736350391,1469817683,8260311972,15487437372,20145824123,65594905923,38417854828,>100000000000
s776: 776,891,482 (seq 482 offset 1)
s777: 777,1590,4867,8536,13795,81154,16879,21252,55743,255315,1900598,21846841,1536228,23407809,97442032,81044255,305384316,326308777,208253143,287143501,37246129,10778566,37385626,18861214,24320793,141872756,756831185,1426366696,23516669021,10105113260,72214077114,>100000000000
s778: 778,622 (seq 622 offset 1)
s779: 779,4442,3477,11750,157631,297314,1328090,4420069,10134072,104812131,138065302,2985577410,23458554924,>100000000000
s780: 780,774 (seq 774 offset 1)
s781: 781 (seq 529 offset 3)
s782: 782,1403,6054,3122,30417,35430,120384,1130368,6591233,19144867,38238331,91017238,62315138,141453042,3007767275,21559972069,52895952910,>100000000000
s783: 783 (seq 597 offset 2)
s784: 784 (seq 73 offset 4)
s785: 785 (seq 731 offset 2)
s786: 786,233 (seq 233 offset 1)
s787: 787,648 (seq 648 offset 1)
s788: 788 (seq 598 offset 3)
s789: 789,352 (seq 352 offset 1)
s790: 790 (seq 213 offset 3)
s791: 791,1095,7377,4964,1373 (seq 496 offset 2)
s792: 792,686 (seq 686 offset 1)
s793: 793,14 (seq 1 offset 4)
s794: 794,2511,12526,55744,19347,35881,140607,1979118,24330453,68287902,85981869,21767331,178741603,1532329990,446965256,465644688,267420927,3333926436,21738379785,84754917143,>100000000000
s795: 795,30 (seq 30 offset 1)
s796: 796,690 (seq 690 offset 1)
s797: 797 (seq 318 offset 2)
s798: 798,100 (seq 100 offset 1)
s799: 799 (seq 63 offset 4)
s800: 800,1598,731 (seq 731 offset 1)
s801: 801,3418,5282,18601,241398,1229067,13847477,184181062,97135398,73393922,14566953,185267266,1871180278,20793658638,92758282918,16162928136,52788197249,32219967030,87366648117,50330363729,73683698029,>100000000000
s802: 802,1993,36606,207145,81575,59881,57419,29911,7150,8451,24409,154080,1408841,12624107,33214881,48766594,32033614,135474097,2079566274,24142537006,>100000000000
s803: 803,85 (seq 80 offset 2)
s804: 804,775 (seq 775 offset 1)
s805: 805,957 (seq 257 offset 5)
s806: 806,968,691 (seq 691 offset 1)
s807: 807,451 (seq 451 offset 1)
s808: 808,106 (seq 106 offset 1)
s809: 809 (seq 455 offset 2)
s810: 810 (seq 553 offset 2)
s811: 811,153 (seq 153 offset 1)
s812: 812,148 (seq 148 offset 1)
s813: 813,734 (seq 734 offset 1)
s814: 814 (seq 690 offset 2)
s815: 815 (seq 302 offset 5)
s816: 816,68 (seq 68 offset 1)
s817: 817,319 (seq 319 offset 1)
s818: 818 (seq 302 offset 2)
s819: 819,198 (seq 198 offset 1)
s820: 820,53 (seq 53 offset 1)
s821: 821 (seq 642 offset 2)
s822: 822 (seq 18 offset 3)
s823: 823 (seq 252 offset 2)
s824: 824,1196,4805,13106,13735,347752,1766345,4042407,48599194,25552854,130201918,1896433797,22405586091,5435435746,4749130565,38427243254,>100000000000
s825: 825,89 (seq 89 offset 1)
s826: 826,2059,6734,8853,30635,6439,5933,214 (seq 214 offset 1)
s827: 827,620 (seq 620 offset 1)
s828: 828,2381,14000,57261,22810,19481,138363,15906,4867 (seq 777 offset 3)
s829: 829,335 (seq 335 offset 1)
s830: 830,492 (seq 492 offset 1)
s831: 831 (seq 37 offset 8)
s832: 832,27 (seq 27 offset 1)
s833: 833,503 (seq 503 offset 1)
s834: 834,1092,9920,11199,140161,214565,549992,1733475,2583630,1125314,14046516,49775823,128857875,179298873,1674117269,2779464200,24348272582,>100000000000
s835: 835,1719,20447 (seq 210 offset 15)
s836: 836 (seq 685 offset 2)
s837: 837 (seq 73 offset 16)
s838: 838 (seq 503 offset 2)
s839: 839,2020,7286,20595,6734 (seq 826 offset 3)
s840: 840 (seq 352 offset 2)
s841: 841,36 (seq 36 offset 1)
s842: 842,1290,713 (seq 713 offset 1)
s843: 843 (seq 227 offset 6)
s844: 844,125 (seq 125 offset 1)
s845: 845,2252,3020,3830,6496,3182,12599,23663 (seq 266 offset 5)
s846: 846 (seq 68 offset 4)
s847: 847 (seq 297 offset 7)
s848: 848,151 (seq 151 offset 1)
s849: 849,1676,11097,3254 (seq 242 offset 3)
s850: 850,837 (seq 73 offset 16)
s851: 851,3515,3552,3895,3880,13667,78141,371126,355393,618152,1454141,2510491,4672886,655142,1975198,4014545,26362206,104717135,167035852,1058768732,800142192,868680696,2402750999,407876362,420928933,2787747897,4961251701,4613417994,1263850906,31927132506,>100000000000
s852: 852 (seq 104 offset 9)
s853: 853 (seq 101 offset 2)
s854: 854,448 (seq 448 offset 1)
s855: 855 (seq 100 offset 2)
s856: 856,256 (seq 256 offset 1)
s857: 857,474 (seq 474 offset 1)
s858: 858,1017,8041,56099,55089,205847,103996,244595,2129373,12527374,21403547,175026671,1538432023,2088259609,31822251,66602366,313321082,39419907,58263427,46409478,68938280,153570657,241373071,2934500613,324146820,482466604,2580331538,6729060336,951786258,179146045,76697977,3947435,9122055,2688708,7044450,3285881,2953828,27808241,72263749,330049717,291853989,233674052,1494104421,1728550857,17002160073,3312977624,8874844617,5908601079,3230790106,13439564473,39894538499,19175317631,38383338111,>100000000000
s859: 859 (seq 63 offset 3)
s860: 860 (seq 137 offset 2)
s861: 861,268 (seq 213 offset 6)
s862: 862,75 (seq 75 offset 1)
s863: 863 (seq 503 offset 3)
s864: 864 (seq 22 offset 6)
s865: 865,108 (seq 108 offset 1)
s866: 866,3151,1098,3406,30922,44225,17643,92940,18538,97472,55704,23105,20573,15079,68867,123807,403783,1512938,21260396,29723622,108910705,317768727,1304039242,32493213817,>100000000000
s867: 867 (seq 528 offset 2)
s868: 868,2203,1911 (seq 45 offset 4)
s869: 869 (seq 398 offset 6)
s870: 870,306 (seq 28 offset 4)
s871: 871 (seq 658 offset 2)
s872: 872,649 (seq 649 offset 1)
s873: 873,919,417 (seq 417 offset 1)
s874: 874 (seq 27 offset 5)
s875: 875,865 (seq 865 offset 1)
s876: 876 (seq 332 offset 2)
s877: 877,4143,1696,2143,23787,4205,4229,4797,1543,9431,2236,5143,2118 (seq 514 offset 2)
s878: 878,4309,3676,36006,22081,153877,2622288,10539415,66841358,27642196,28297579,3258444,2390475,2606229,1475344,818758,3088778,9556508,5368024,11433471,160337906,4288854212,8602384196,2459913714,12831965642,23696204745,>100000000000
s879: 879,2531,13841 (seq 740 offset 5)
s880: 880,2656 (seq 423 offset 4)
s881: 881,205 (seq 205 offset 1)
s882: 882 (seq 690 offset 3)
s883: 883 (seq 142 offset 2)
s884: 884,35 (seq 35 offset 1)
s885: 885 (seq 206 offset 2)
s886: 886,869 (seq 398 offset 6)
s887: 887 (seq 77 offset 4)
s888: 888,4752 (seq 704 offset 4)
s889: 889,1142,27686,90475,128567,6398998,16856408,440491799,3327668283,3451489432,7118731298,18959831946,13113485832,19469971030,>100000000000
s890: 890 (seq 177 offset 2)
s891: 891 (seq 776 offset 2)
s892: 892,353 (seq 353 offset 1)
s893: 893,1000,855 (seq 100 offset 2)
s894: 894 (seq 691 offset 2)
s895: 895,190 (seq 190 offset 1)
s896: 896 (seq 147 offset 2)
s897: 897,12 (seq 6 offset 3)
s898: 898 (seq 730 offset 2)
s899: 899,79 (seq 79 offset 1)
s900: 900,1189,22447 (seq 143 offset 7)
s901: 901,659 (seq 659 offset 1)
s902: 902,715 (seq 715 offset 1)
s903: 903,357 (seq 357 offset 1)
s904: 904,909,248 (seq 25 offset 3)
s905: 905,3191,2872,14600,255233,342373,1363315,14773017,82066600,70788361,5131884,2362895,949738,225884,2313807,899617,272794,1282894,4689910,1341737,37650561,178784683,151502324,848974195,199670045,169057111,2855998458,6634689299,2297185058,27356764549,12226663594,>100000000000
s906: 906,1294,15646,240224,723111,615490,1003966,9220068,10823576,120325624,1174317599,4229273026,67970152690,76518153900,>100000000000
s907: 907,543 (seq 543 offset 1)
s908: 908 (seq 302 offset 4)
s909: 909 (seq 904 offset 2)
s910: 910,2874,1949,496 (seq 496 offset 1)
s911: 911,1534,16696,60240,1333,7651,7896,635 (seq 635 offset 1)
s912: 912 (seq 287 offset 2)
s913: 913,1096,2515,2500,13375,4814,3647,28472,4770,12109,63082,87277,7294,5049,4915,7011,17355,88250,207497,475425,415424,122141,489696,353497,1798269,6635167,1631960,9491607,1317292,3534339,2784981,18966543,46347718,99416894,81101890,17904494,13748125,122555071,1107013257,15231950152,31318768170,>100000000000
s914: 914 (seq 707 offset 3)
s915: 915 (seq 554 offset 2)
s916: 916 (seq 546 offset 2)
s917: 917,342 (seq 342 offset 1)
s918: 918 (seq 115 offset 4)
s919: 919 (seq 873 offset 2)
s920: 920,329 (seq 329 offset 1)
s921: 921,423 (seq 423 offset 1)
s922: 922 (seq 115 offset 2)
s923: 923,63 (seq 63 offset 1)
s924: 924,1430,39175,140705,3258094,3849663,4326534,2123657,2015277,6324586,3368138,15238965,179322735,1888908592,13942363441,31203722423,>100000000000
s925: 925,337 (seq 337 offset 1)
s926: 926 (seq 562 offset 2)
s927: 927,977,739 (seq 739 offset 1)
s928: 928,2192,1733,11214,54245,115046,304262,2088559,21528808,287342273,832852471,689479075,703109112,992318164,378621702,312746552,12291463,73939547,100462312,1324192885,10004137527,83914136182,3990821809,1350739738,9771796460,12614077093,91145364083,20038681318,>100000000000
s929: 929 (seq 503 offset 4)
s930: 930 (seq 638 offset 2)
s931: 931 (seq 258 offset 4)
s932: 932,15 (seq 15 offset 1)
s933: 933,215 (seq 215 offset 1)
s934: 934,1417,23768,49234,23928,50969,16811,97236,84396,115178,547803,525942,187060,806233,1026924,112743,802025,2459129,7135068,470375,111066,61215,50026,179954,373714,3176004,5934631,1808371,18741815,29980000,483981390,2276539841,6125798743,2102518443,930881217,319236837,889589440,484873098,1164744595,1149348078,457176611,3664328349,259048954,303994818,1297287740,4523954043,10666807155,37432072548,4452140650,1300878637,44123242034,28549598122,36147900664,10850420348,8935739091,11388823957,34697597851,>100000000000
s935: 935 (seq 353 offset 2)
s936: 936 (seq 72 offset 10)
s937: 937,46 (seq 46 offset 1)
s938: 938,123 (seq 123 offset 1)
s939: 939,43 (seq 43 offset 1)
s940: 940,145 (seq 145 offset 1)
s941: 941,392 (seq 392 offset 1)
s942: 942,1229,30418,54879,114653,495314,1103775,3762758,21566148,45209071,55246146,87579019,131206205,1806191385,28186465392,56918968302,>100000000000
s943: 943,400 (seq 400 offset 1)
s944: 944,59 (seq 17 offset 9)
s945: 945,808 (seq 808 offset 1)
s946: 946,530 (seq 530 offset 1)
s947: 947 (seq 257 offset 6)
s948: 948,188 (seq 188 offset 1)
s949: 949,497 (seq 497 offset 1)
s950: 950,31 (seq 11 offset 3)
s951: 951,389 (seq 389 offset 1)
s952: 952,534 (seq 534 offset 1)
s953: 953,419 (seq 419 offset 1)
s954: 954,191 (seq 191 offset 1)
s955: 955,130 (seq 130 offset 1)
s956: 956,466 (seq 466 offset 1)
s957: 957 (seq 257 offset 5)
s958: 958,676 (seq 676 offset 1)
s959: 959 (seq 532 offset 2)
s960: 960 (seq 321 offset 2)
s961: 961,1236,10973,83008,11954,193003,1571940,29257673,96854456,128714714,954151003,959654637,86808064,159839311,827077657,2059195479,8449445979,4644181028,4706293907,26938624863,14757010804,>100000000000
s962: 962,332 (seq 332 offset 1)
s963: 963,795 (seq 795 offset 1)
s964: 964,181 (seq 17 offset 3)
s965: 965 (seq 226 offset 2)
s966: 966 (seq 213 offset 7)
s967: 967 (seq 680 offset 2)
s968: 968 (seq 806 offset 2)
s969: 969,2756,17860,1789,13044,111541,663110,778042,498532,1325321,6393884,126910,226373,1076832,1923484,3192056,51417216,18733081,33089562,177237518,1934363824,3788111604,11817998026,17692605844,84167332463,9631094626,4266889286,9699817282,3000976546,4697900044,6847551630,15437426552,31565010607,>100000000000
s970: 970 (seq 586 offset 5)
s971: 971 (seq 13 offset 9)
s972: 972,1084,15928,117931,438 (seq 438 offset 1)
s973: 973 (seq 73 offset 3)
s974: 974,56 (seq 56 offset 1)
s975: 975,209 (seq 209 offset 1)
s976: 976 (seq 20 offset 4)
s977: 977 (seq 927 offset 2)
s978: 978 (seq 278 offset 2)
s979: 979,13 (seq 13 offset 1)
s980: 980 (seq 332 offset 3)
s981: 981,733 (seq 733 offset 1)
s982: 982,101 (seq 101 offset 1)
s983: 983,502 (seq 502 offset 1)
s984: 984,1192,16529,76627,36489,191370,518451,142278,416565,18552,213747,904575,400363,780584,2606663,1039227,8524310,5698645,2043373,3276996,5315718,658992,1698440,24034216,32983700,128473916,1226910549,7878972468,23876891930,5970534178,8040569083,370476855,120612320,840075006,2168886536,17518115665,12173619464,39481555418,80880156250,66140040075,>100000000000
s985: 985,2155,19370,68235,104089,1600980,1457612,7571821,957026,216377,1677784,16954516,86422780,48742547,128056259,4126475491,19056083664,>100000000000
s986: 986,81 (seq 81 offset 1)
s987: 987,1511,394 (seq 151 offset 2)
s988: 988,1537,14003,47819,37892,71491,145828,555646,118766,752682,862379,1586030,4126978,1479341,8714610,14706828,3348533,3208988,312472,638256,1953553,5524449,4118986,7690357,154631,752470,1729850,3645725,10392858,89948836,44180303,35262925,91920251,5809939,13723422,5318560,24658088,140334822,1135484404,6578899651,18606437673,>100000000000
s989: 989,999,763 (seq 763 offset 1)
s990: 990,2072,2374 (seq 55 offset 5)
s991: 991,1533,1031,3495,20425,149652,2015928,762212,621267,403424,1754890,6663064,368120,39373,23476,27761,86865,102701,164 (seq 102 offset 2)
s992: 992 (seq 216 offset 2)
s993: 993,45 (seq 45 offset 1)
s994: 994,1074,22112,99642,147093,491005,1184774,4264471,25674998,14782344,29287659,18226088,71006151,125618944,2308197561,68187626832,11720513034,6307416119,4788846728,15952141763,26883930709,54795512337,46690819031,>100000000000
s995: 995,706 (seq 706 offset 1)
s996: 996,460 (seq 460 offset 1)
s997: 997,2242,5839,5780,11568,117411,651088,1659642,25738025,21297563,179070133,1635538817,35467189963,32174571697,712747793,19732703,28238793,45026153,54228318,64262031,125449494,272149084,922115907,1207549700,13491548498,>100000000000
s998: 998 (seq 198 offset 2)
s999: 999 (seq 989 offset 2)
s1000: 1000 (seq 893 offset 2)

--- summary: seeds 1-1000 (1000 sequences) ---
looping (or joins a looping sequence): 166
unbounded (no end within 100000000000 digits): 834
  unique unbounded (hit end of file themselves): 202
  joined another unbounded sequence: 632
