# A171702: The first number that is (at least) n-fold intrinsically 3-palindromic.
# a(1)-a(38) Hiroaki Yamanouchi; a(39)-a(100) Giovanni Resta (Apr 22 2016);
# a(101)-a(223) Jeff Sponaugle (2026): exhaustive sieve of every 3-digit palindrome
# in every base for 13967553601 <= v < 10^12 (multipal.c).
1 5
2 26
3 121
4 300
5 1009
6 1477
7 4591
8 15049
9 35101
10 35101
11 83161
12 176401
13 291721
14 291721
15 720721
16 1081081
17 1496881
18 2106721
19 3341521
20 3341521
21 5654881
22 7207201
23 8648641
24 10810801
25 13693681
26 15135121
27 21621601
28 28274401
29 28274401
30 41081041
31 41081041
32 41081041
33 61261201
34 73513441
35 73513441
36 97297201
37 97297201
38 97297201
39 122522401
40 122522401
41 164324161
42 205405201
43 205405201
44 205405201
45 281801521
46 302702401
47 367567201
48 367567201
49 367567201
50 497296801
51 497296801
52 698377681
53 735134401
54 735134401
55 735134401
56 1029188161
57 1029188161
58 1163962801
59 1163962801
60 1396755361
61 1396755361
62 1396755361
63 1396755361
64 1396755361
65 1396755361
66 2205403201
67 2205403201
68 2327925601
69 2327925601
70 2572970401
71 2793510721
72 2793510721
73 3491888401
74 3491888401
75 3491888401
76 3491888401
77 3491888401
78 4227022801
79 5072427361
80 5587021441
81 6983776801
82 6983776801
83 6983776801
84 6983776801
85 6983776801
86 6983776801
87 6983776801
88 6983776801
89 6983776801
90 6983776801
91 8454045601
92 8454045601
93 8454045601
94 8454045601
95 8454045601
96 8454045601
97 13967553601
98 13967553601
99 13967553601
100 13967553601
101 16908091201
102 19554575041
103 20951330401
104 20951330401
105 20951330401
106 20951330401
107 20951330401
108 27935107201
109 27935107201
110 27935107201
111 27935107201
112 27935107201
113 27935107201
114 27935107201
115 27935107201
116 27935107201
117 27935107201
118 41902660801
119 41902660801
120 41902660801
121 41902660801
122 48886437601
123 48886437601
124 48886437601
125 48886437601
126 48886437601
127 64250746561
128 64250746561
129 69837768001
130 69837768001
131 80313433201
132 80313433201
133 80313433201
134 80313433201
135 80313433201
136 80313433201
137 97772875201
138 97772875201
139 97772875201
140 97772875201
141 97772875201
142 97772875201
143 97772875201
144 97772875201
145 139675536001
146 139675536001
147 139675536001
148 146659312801
149 146659312801
150 146659312801
151 160626866401
152 160626866401
153 160626866401
154 160626866401
155 160626866401
156 160626866401
157 160626866401
158 160626866401
159 195545750401
160 195545750401
161 195545750401
162 195545750401
163 195545750401
164 195545750401
165 195545750401
166 240940299601
167 240940299601
168 293318625601
169 293318625601
170 293318625601
171 293318625601
172 293318625601
173 293318625601
174 293318625601
175 293318625601
176 293318625601
177 293318625601
178 321253732801
179 321253732801
180 321253732801
181 321253732801
182 321253732801
183 321253732801
184 321253732801
185 481880599201
186 481880599201
187 481880599201
188 481880599201
189 481880599201
190 481880599201
191 481880599201
192 481880599201
193 562194032401
194 562194032401
195 642507465601
196 642507465601
197 642507465601
198 642507465601
199 642507465601
200 642507465601
201 642507465601
202 642507465601
203 642507465601
204 642507465601
205 642507465601
206 963761198401
207 963761198401
208 963761198401
209 963761198401
210 963761198401
211 963761198401
212 963761198401
213 963761198401
214 963761198401
215 963761198401
216 963761198401
217 963761198401
218 963761198401
219 963761198401
220 963761198401
221 963761198401
222 963761198401
223 963761198401
