   1 0
   2 1
   3 4
   4 9
   5 121
   6 484
   7 676
   8 10201
   9 12321
  10 14641
  11 40804
  12 44944
  13 69696
  14 94249
  15 698896
  16 1002001
  17 1234321
  18 4008004
  19 5221225
  20 6948496
  21 100020001
  22 102030201
  23 104060401
  24 121242121
  25 123454321
  26 125686521
  27 400080004
  28 404090404
  29 522808225
  30 617323716
  31 942060249
  32 10000200001
  33 10221412201
  34 12102420121
  35 12345654321
  36 40000800004
  37 637832238736
  38 1000002000001
  39 1002003002001
  40 1004006004001
  41 1020304030201
  42 1022325232201
  43 1024348434201
  44 1086078706801
  45 1210024200121
  46 1212225222121
  47 1214428244121
  48 1230127210321
  49 1232346432321
  50 1234567654321
  51 1615108015161
  52 4000008000004
  53 4004009004004
  54 4051154511504
  55 5265533355625
  56 9420645460249
  57 100000020000001
  58 100220141022001
  59 102012040210201
  60 102234363432201
  61 121000242000121
  62 121242363242121
  63 123212464212321
  64 123456787654321
  65 123862676268321
  66 144678292876441
  67 165551171155561
  68 400000080000004
  69 900075181570009
  70 4099923883299904
  71 10000000200000001
  72 10002000300020001
  73 10004000600040001
  74 10020210401202001
  75 10022212521222001
  76 10024214841242001
  77 10201020402010201
  78 10203040504030201
  79 10205060806050201
  80 10221432623412201
  81 10223454745432201
  82 12100002420000121
  83 12102202520220121
  84 12104402820440121
  85 12120030703002121
  86 12122232623222121
  87 12124434743442121
  88 12321024642012321
  89 12323244744232321
  90 12341234943214321
  91 12343456865434321
  92 12345678987654321
  93 40000000800000004
  94 40004000900040004
  95 94206450305460249
  96 1000000002000000001
  97 1000220014100220001
  98 1002003004003002001
  99 1002223236323222001
 100 1020100204020010201
 101 1020322416142230201
 102 1022123226223212201
 103 1022345658565432201
 104 1210000024200000121
 105 1210242036302420121
 106 1212203226223022121
 107 1212445458545442121
 108 1232100246420012321
 109 1232344458544432321
 110 1234323468643234321
 111 4000000008000000004
 112 4253436912196343524
 113 6158453974793548516
 114 100000000020000000001
 115 100002000030000200001
 116 100004000060000400001
 117 100020201040102020001
 118 100022201252102220001
 119 100024201484102420001
 120 100200120040021002001
 121 100202122050221202001
 122 100204124080421402001
 123 100220341262143022001
 124 100222343474343222001
 125 102010002040200010201
 126 102012022050220210201
 127 102014042080240410201
 128 102030405060504030201
 129 102032425272524230201
 130 102132537636735231201
 131 102210100272001012201
 132 102212122262221212201
 133 102214144272441412201
 134 102230523292325032201
 135 102232545484545232201
 136 102234567696765432201
 137 104190107303701091401
 138 121000000242000000121
 139 121002200252002200121
 140 121004400282004400121
 141 121020021070120020121
 142 121022221262122220121
 143 121024421474124420121
 144 121220122262221022121
 145 121222324272423222121
 146 121240161292161042121
 147 121242363484363242121
 148 121244565696565442121
 149 123210002464200012321
 150 123212222474222212321
 151 123230205292502032321
 152 123232425484524232321
 153 123234645696546432321
 154 123432124686421234321
 155 123434346696643434321
 156 184398883818388893481
 157 400000000080000000004
 158 400004000090000400004
 159 522815090696090518225
 160 906086675171576680609
 161 942064503484305460249
 162 6916103777337773016196
 163 10000000000200000000001
 164 10000220001410002200001
 165 10002002100400120020001
 166 10002222123632122220001
 167 10020010200400201002001
 168 10020230421612403202001
 169 10022014302620341022001
 170 10022234545854543222001
 171 10201000020402000010201
 172 10201222221612222210201
 173 10203022140604122030201
 174 10203244363836344230201
 175 10221210222622201212201
 176 10221432643834623412201
 177 10223234344844343232201
 178 10224609234443290642201
 179 12100000002420000000121
 180 12100242003630024200121
 181 12102202302620320220121
 182 12102444325852344420121
 183 12122010222622201022121
 184 12122252443834425222121
 185 12124214524842541242121
 186 12321000024642000012321
 187 12321244225852244212321
 188 12323222344844322232321
 189 12343210246864201234321
 190 12384043938083934048321
 191 12599536942224963599521
 192 16593841302620314839561
 193 40000000000800000000004
 194 1000000000002000000000001
 195 1000002000003000002000001
 196 1000004000006000004000001
 197 1000020200104010020200001
 198 1000022200125210022200001
 199 1000024200148410024200001
 200 1000200030004000300020001
 201 1000202030205020302020001
 202 1000204030408040304020001
 203 1000220232126212320220001
 204 1000222232347432322220001
 205 1002001002004002001002001
 206 1002003004005004003002001
 207 1002005006008006005002001
 208 1002021222306032221202001
 209 1002023224327234223202001
 210 1002201232026202321022001
 211 1002203234227224323022001
 212 1002221454348434541222001
 213 1002223456569656543222001
 214 1020100000204020000010201
 215 1020102020205020202010201
 216 1020104040208020404010201
 217 1020120402306032040210201
 218 1020122422327232242210201
 219 1020300010207020100030201
 220 1020302030406040302030201
 221 1020304050607060504030201
 222 1020320414309034140230201
 223 1020322434528254342230201
 224 1020324454749474544230201
 225 1022121002226222001212201
 226 1022123024227224203212201
 227 1022141424528254241412201
 228 1022143446549456443412201
 229 1022321210249420121232201
 230 1022323232448442323232201
 231 1022325254649464525232201
 232 1210000000024200000000121
 233 1210002200025200022000121
 234 1210004400028200044000121
 235 1210020020107010200200121
 236 1210022220126210222200121
 237 1210024420147410244200121
 238 1210220032026202300220121
 239 1210222232227222322220121
 240 1210242254148414522420121
 241 1210244454369634544420121
 242 1212201002226222001022121
 243 1212203204227224023022121
 244 1212221040509050401222121
 245 1212223242528252423222121
 246 1212225444549454445222121
 247 1212421234248424321242121
 248 1212423436449446343242121
 249 1232100000246420000012321
 250 1232102220247420222012321
 251 1232120202329232020212321
 252 1232122422348432242212321
 253 1232124642369632464212321
 254 1232322032448442302232321
 255 1232324252649462524232321
 256 1234321002468642001234321
 257 1234323224469644223234321
 258 1821056104269624016501281
 259 4000000000008000000000004
 260 4000004000009000004000004
 261 4618627222542452227268164
 262 6942236477330337746322496
 263 9420645034800084305460249
 264 40460195511188111559106404
 265 100000000000020000000000001
 266 100000220000141000022000001
 267 100002002010040010200200001
 268 100002222012363210222200001
 269 100020001200040002100020001
 270 100020221222161222122020001
 271 100022003410262014300220001
 272 100022223434585434322220001
 273 100200100020040020001002001
 274 100200320240161042023002001
 275 100202104032060230401202001
 276 100202324254383452423202001
 277 100220121220262022121022001
 278 100220341462383264143022001
 279 100222125432484234521222001
 280 102010000002040200000010201
 281 102010222202161202222010201
 282 102012022032060230220210201
 283 102012244234383432442210201
 284 102030201204060402102030201
 285 102030423426181624324030201
 286 102032223434282434322230201
 287 102212100022262220001212201
 288 102212322442383244223212201
 289 102214124054282450421412201
 290 102232321224484422123232201
 291 121000000000242000000000121
 292 121000242000363000242000121
 293 121002202210262012202200121
 294 121002444212585212444200121
 295 121022001220262022100220121
 296 121022243242383242342220121
 297 121024203630484036302420121
 298 121220100022262220001022121
 299 121220342242383242243022121
 300 121222304234282432403222121
 301 121242121242484242121242121
 302 123210000002464200000012321
 303 123210244202585202442012321
 304 123212222232484232222212321
 305 123232201224484422102232321
 306 123432100024686420001234321
 307 400000000000080000000000004
 308 923860899791363197998068329
 309 4872133543202112023453312784
 310 9658137819052882509187318569
 311 10000000000000200000000000001
 312 10000002000000300000020000001
 313 10000004000000600000040000001
 314 10000020200010401000202000001
 315 10000022200012521000222000001
 316 10000024200014841000242000001
 317 10000200021000400012000200001
 318 10000202021020502012020200001
 319 10000204021040804012040200001
 320 10000220221212621212202200001
 321 10000222221234743212222200001
 322 10002000102000400020100020001
 323 10002002102200500220120020001
 324 10002004102400800420140020001
 325 10002020304030603040302020001
 326 10002022304232723240322020001
 327 10002200143002620034100220001
 328 10002202143222722234120220001
 329 10002220345234843254302220001
 330 10002222345456965454322220001
 331 10020010000200400200001002001
 332 10020012002200500220021002001
 333 10020014004200800240041002001
 334 10020030220410601402203002001
 335 10020032222412721422223002001
 336 10020210221220602212201202001
 337 10020212223240704232221202001
 338 10020230441632823614403202001
 339 10020232443654945634423202001
 340 10022010100002720000101022001
 341 10022012102202620220121022001
 342 10022014104402720440141022001
 343 10022030322230903222303022001
 344 10022032324432823442323022001
 345 10022034326634943662343022001
 346 10022210341004940014301222001
 347 10022212343224842234321222001
 348 10022214345444944454341222001
 349 10201000000020402000000010201
 350 10201002020020502002020010201
 351 10201004040020802004040010201
 352 10201020402030603020402010201
 353 10201022422032723022422010201
 354 10201200001200700210000210201
 355 10201202021220602212020210201
 356 10201204041240704214040210201
 357 10201220403410901430402210201
 358 10201222423432823432422210201
 359 10201224443454945434442210201
 360 10203020102040604020102030201
 361 10203022122240704222122030201
 362 10203040506070807060504030201
 363 10203042526272927262524030201
 364 10203220123022922032102230201
 365 10203222143242824234122230201
 366 10203224163462926436142230201
 367 10221210000222622200001212201
 368 10221212022222722222021212201
 369 10221230422432823422403212201
 370 10221232444434943444423212201
 371 10221412221442824412221412201
 372 10221414243462926434241412201
 373 10223232102244844220123232201
 374 10223234124444944442143232201
 375 12100000000002420000000000121
 376 12100002200002520000220000121
 377 12100004400002820000440000121
 378 12100020020010701002002000121
 379 12100022220012621002222000121
 380 12100024420014741002442000121
 381 12100220023002620032002200121
 382 12100222223022722032222200121
 383 12100242243214841234224200121
 384 12100244443236963234444200121
 385 12102200102202620220100220121
 386 12102202302402720420320220121
 387 12102220124030903042102220121
 388 12102222324232823242322220121
 389 12102224524434943442542220121
 390 12102420145204840254102420121
 391 12102422345424942454322420121
 392 12122010000222622200001022121
 393 12122012202222722220221022121
 394 12122032240432823404223022121
 395 12122034442434943424443022121
 396 12122230223242824232203222121
 397 12122232425262926252423222121
 398 12124212102424842420121242121
 399 12124214304624942640341242121
 400 12321000000024642000000012321
 401 12321002220024742002220012321
 402 12321020202032923020202012321
 403 12321022422034843022422012321
 404 12321024642036963024642012321
 405 12321222023224842232022212321
 406 12321224243244944234242212321
 407 12323220102244844220102232321
 408 12323222322444944422322232321
 409 12343210000246864200001234321
 410 12343212222246964222221234321
 411 16799008923862526832980099761
 412 40000000000000800000000000004
 413 40000004000000900000040000004
 414 44431002775280908257720013444
 415 98693567900935453900976539689
 416 1000000000000002000000000000001
 417 1000000220000014100000220000001
 418 1000002002001004001002002000001
 419 1000002222001236321002222000001
 420 1000020000300004000030000200001
 421 1000020220302216122030220200001
 422 1000022002321026201232002200001
 423 1000022222323458543232222200001
 424 1000200010020004000200100020001
 425 1000200230042016102400320020001
 426 1000202012221206021222102020001
 427 1000202232243438343422322020001
 428 1000220012320026200232100220001
 429 1000220232344238324432320220001
 430 1000222014541248421454102220001
 431 1002001000002004002000001002001
 432 1002001220222016102220221002001
 433 1002003004005006005004003002001
 434 1002003224225238325224223002001
 435 1002021020302206022030201202001
 436 1002021240524418144250421202001
 437 1002023024325228225234203202001
 438 1002201210022026202200121022001
 439 1002201430264038304620341022001
 440 1002203214225228225224123022001
 441 1002221232322248422232321222001
 442 1020100000000204020000000010201
 443 1020100222200216120022220010201
 444 1020102022021206021202202010201
 445 1020102244221438341224422010201
 446 1020120200302206022030020210201
 447 1020120422504418144052240210201
 448 1020122222343228223432222210201
 449 1020302010020406040200102030201
 450 1020302232242418142422322030201
 451 1020304032241608061422304030201
 452 1020322212322428242232122230201
 453 1022121000002226222000001212201
 454 1022121222422238322242221212201
 455 1022123024025228225204203212201
 456 1022141220304428244030221412201
 457 1022323210022448442200123232201
 458 1210000000000024200000000000121
 459 1210000242000036300002420000121
 460 1210002202201026201022022000121
 461 1210002444201258521024442000121
 462 1210022000320026200230002200121
 463 1210022242322238322232422200121
 464 1210024202541048401452024200121
 465 1210220010022026202200100220121
 466 1210220252044038304402520220121
 467 1210222212423228223242122220121
 468 1210242012342048402432102420121
 469 1212201000002226222000001022121
 470 1212201242222238322222421022121
 471 1212203204205228225024023022121
 472 1212223020322428242230203222121
 473 1212421210024248424200121242121
 474 1232100000000246420000000012321
 475 1232100244200258520024420012321
 476 1232102222221248421222222012321
 477 1232122200322248422230022212321
 478 1232322010022448442200102232321
 479 1234321000002468642000001234321
 480 4000000000000008000000000000004
 481 4844486878939076709398786844484
 482 6574372239019762679109322734756
 483 9403095533541415141453355903049
 484 9659504223792743472973224059569
 485 9848294822582726272852284928489
 486 46501623417708833880771432610564
 487 100000000000000020000000000000001
 488 100000002000000030000000200000001
 489 100000004000000060000000400000001
 490 100000020200001040100002020000001
 491 100000022200001252100002220000001
 492 100000024200001484100002420000001
 493 100000200020100040001020002000001
 494 100000202020102050201020202000001
 495 100000204020104080401020402000001
 496 100000220220121262121022022000001
 497 100000222220123474321022222000001
 498 100002000012000040000210000200001
 499 100002002012020050020210200200001
 500 100002004012040080040210400200001
 501 100002020212203060302212020200001
 502 100002022212223272322212220200001
 503 100002200034100262001430002200001
 504 100002202034122272221430202200001
 505 100002220234323484323432022200001
 506 100002222234345696543432222200001
 507 100020001000200040002000100020001
 508 100020003000400050004000300020001
 509 100020005000600080006000500020001
 510 100020021202221060122202120020001
 511 100020023202421272124202320020001
 512 100020201040302060203040102020001
 513 100020203040504070405040302020001
 514 100020221242343282343242122020001
 515 100020223242545494545242322020001
 516 100022001212200262002212100220001
 517 100022003212420272024212300220001
 518 100022021414423282324414120220001
 519 100022023414643494346414320220001
 520 100022201254302484203452102220001
 521 100022203254524494425452302220001
 522 100200100000020040020000001002001
 523 100200102002020050020200201002001
 524 100200104004020080020400401002001
 525 100200120220221060122022021002001
 526 100200122222221272122222221002001
 527 100200300220140060041022003002001
 528 100200302222142070241222203002001
 529 100200320440361282163044023002001
 530 100200322442363494363244223002001
 531 100202100010002070200010001202001
 532 100202102012022060220210201202001
 533 100202104014042070240410401202001
 534 100202122232425080524232221202001
 535 100202124234445292544432421202001
 536 100202300232120292021232003202001
 537 100202302234142282241432203202001
 538 100202304236164292461632403202001
 539 100220121000220262022000121022001
 540 100220123002420272024200321022001
 541 100220141222441282144222141022001
 542 100220143224641494146422341022001
 543 100220321240342282243042123022001
 544 100220323242544292445242323022001
 545 100222121210002494200012121222001
 546 100222123212222484222212321222001
 547 100222125214442494244412521222001
 548 102010000000002040200000000010201
 549 102010002020002050200020200010201
 550 102010004040002080200040400010201
 551 102010020402003060300204020010201
 552 102010022422003272300224220010201
 553 102010200000300070003000002010201
 554 102010202020302060203020202010201
 555 102010204040304070403040402010201
 556 102010220402321090123204022010201
 557 102010222422323282323224222010201
 558 102010224442325494523244422010201
 559 102012020012022060220210020210201
 560 102012022032042070240230220210201
 561 102012040414225080522414040210201
 562 102012042434245292542434240210201
 563 102012220014300292003410022210201
 564 102012222034322282223430222210201
 565 102012224054344292443450422210201
 566 102030201000204060402000102030201
 567 102030203020404070404020302030201
 568 102030221404225080522404122030201
 569 102030223424425292524424322030201
 570 102030401020304090403020104030201
 571 102030403040506080605040304030201
 572 102030405060708090807060504030201
 573 102032221212224282422212122230201
 574 102032223232444292444232322230201
 575 102212100000022262220000001212201
 576 102212102022022272220220201212201
 577 102212120422223282322224021212201
 578 102212122444223494322444221212201
 579 102212302220342282243022203212201
 580 102212304242344292443242403212201
 581 102214122012044282440210221412201
 582 102214124034064292460430421412201
 583 102232321000224484422000123232201
 584 102232323022424494424220323232201
 585 121000000000000242000000000000121
 586 121000002200000252000002200000121
 587 121000004400000282000004400000121
 588 121000020020001070100020020000121
 589 121000022220001262100022220000121
 590 121000024420001474100024420000121
 591 121000220022100262001220022000121
 592 121000222222102272201222222000121
 593 121000242242121484121242242000121
 594 121000244442123696321244442000121
 595 121002200012200262002210002200121
 596 121002202212220272022212202200121
 597 121002222232403282304232222200121
 598 121002224432423494324234422200121
 599 121002420036300484003630024200121
 600 121002422236322494223632224200121
 601 121022001000220262022000100220121
 602 121022003200420272024002300220121
 603 121022021022041090140220120220121
 604 121022023222241282142222320220121
 605 121022025422441494144224520220121
 606 121022221042322282223240122220121
 607 121022223242524292425242322220121
 608 121024201212420484024212102420121
 609 121024203412640494046214302420121
 610 121220100000022262220000001022121
 611 121220102202022272220202201022121
 612 121220122240223282322042221022121
 613 121220124442223494322244421022121
 614 121220320222142282241222023022121
 615 121220322424144292441424223022121
 616 121222302012224282422210203222121
 617 121222304214244292442412403222121
 618 121242121000242484242000121242121
 619 121242123202442494244202321242121
 620 123210000000002464200000000012321
 621 123210002220002474200022200012321
 622 123210020202003292300202020012321
 623 123210022422003484300224220012321
 624 123210024642003696300246420012321
 625 123210222022302484203220222012321
 626 123210224242304494403242422012321
 627 123212220012222484222210022212321
 628 123212222232242494242232222212321
 629 123232201000224484422000102232321
 630 123232203220424494424022302232321
 631 123432100000024686420000001234321
 632 123432102222024696420222201234321
 633 140261185279083838380972581162041
 634 140749570599060595060995075947041
 635 163778399915520777025519993877361
 636 184782439134503767305431934287481
 637 186627875420278656872024578726681
 638 400000000000000080000000000000004
 639 400000004000000090000000400000004
 640 1635977102407987117897042017795361
 641 10000000000000000200000000000000001
 642 10000000220000001410000002200000001
 643 10000002002000100400100020020000001
 644 10000002222000123632100022220000001
 645 10000020000210000400001200002000001
 646 10000020220210221612201202202000001
 647 10000022002212102620121220022000001
 648 10000022222212345854321222222000001
 649 10000200001020000400002010000200001
 650 10000200221022201610222012200200001
 651 10000202003040120602104030020200001
 652 10000202223042343834324032220200001
 653 10000220001430002620003410002200001
 654 10000220221432423832423412202200001
 655 10000222003452124842125430022200001
 656 10002000100002000400020000100020001
 657 10002000320024001610042002300020001
 658 10002002102202300600320220120020001
 659 10002002322224323832342222320020001
 660 10002020102212020602021220102020001
 661 10002020322234241814243222302020001
 662 10002022104414322822341440122020001
 663 10002200121022002620022012100220001
 664 10002200341046203830264014300220001
 665 10002202123242322822324232120220001
 666 10002220123432024842023432102220001
 667 10020010000000200400200000001002001
 668 10020010220220201610202202201002001
 669 10020012004002300600320040021002001
 670 10020012224222323832322242221002001
 671 10020030020210400600401202003002001
 672 10020030240430621812603404203002001
 673 10020032024214502820541242023002001
 674 10020210201020220602202010201202001
 675 10020210421242421812424212401202001
 676 10020212205042340804324050221202001
 677 10020230221430422822403412203202001
 678 10022012100002202620220000121022001
 679 10022012320244203830244202321022001
 680 10022014104204502820540240141022001
 681 10022032122212422822421222123022001
 682 10022212321022224842222012321222001
 683 10201000000000020402000000000010201
 684 10201000222200021612000222200010201
 685 10201002022020120602102022020010201
 686 10201002244220143834102244220010201
 687 10201020200212020602021200202010201
 688 10201020422412241814221422402010201
 689 10201022222234122822143222222010201
 690 10201202001020220602202010020210201
 691 10201202223222421812422232220210201
 692 10201204023060340804306032040210201
 693 10201222201432222822223410222210201
 694 10203020100002040604020000102030201
 695 10203020322224041814042222302030201
 696 10203022122222340804322222122030201
 697 10203040302214060806041220304030201
 698 10203222121022242824222012122230201
 699 10221210000000222622200000001212201
 700 10221210222420223832202422201212201
 701 10221212024022322822322042021212201
 702 10221230220212422822421202203212201
 703 10221412201020442824402010221412201
 704 10223232100002244844220000123232201
 705 12100000000000002420000000000000121
 706 12100000242000003630000024200000121
 707 12100002202200102620100220220000121
 708 12100002444200125852100244420000121
 709 12100022000230002620003200022000121
 710 12100022242230223832203224222000121
 711 12100024202432104840123420242000121
 712 12100220001022002620022010002200121
 713 12100220243024203830242034202200121
 714 12100222203242122822124230222200121
 715 12100242001452004840025410024200121
 716 12102200100002202620220000100220121
 717 12102200342024203830242024300220121
 718 12102202302402502820520420320220121
 719 12102222102232222822223220122220121
 720 12102420121024204840242012102420121
 721 12122010000000222622200000001022121
 722 12122010242220223832202224201022121
 723 12122012204202322822320240221022121
 724 12122032020230422822403202023022121
 725 12122230201022242824222010203222121
 726 12124212100002424842420000121242121
 727 12321000000000024642000000000012321
 728 12321000244200025852000244200012321
 729 12321002222220124842102222220012321
 730 12321022200232024842023200222012321
 731 12321222001022224842222010022212321
 732 12323220100002244844220000102232321
 733 12343210000000246864200000001234321
 734 18434129467955011411055976492143481
 735 40000000000000000800000000000000004
 736 42954411581674911011947618511445924
 737 52047371142611077177011624117374025
 738 94218360372347802120874327306381249
 739 163296619873968186681869378916692361
 740 401773619857093475574390758916377104
 741 632914544142271449944172241445419236
 742 1000000000000000002000000000000000001
 743 1000000002000000003000000002000000001
 744 1000000004000000006000000004000000001
 745 1000000020200000104010000020200000001
 746 1000000022200000125210000022200000001
 747 1000000024200000148410000024200000001
 748 1000000200020010004000100200020000001
 749 1000000202020010205020100202020000001
 750 1000000204020010408040100204020000001
 751 1000000220220012126212100220220000001
 752 1000000222220012347432100222220000001
 753 1000002000003000004000003000002000001
 754 1000002002003002005002003002002000001
 755 1000002004003004008004003004002000001
 756 1000002020203020306030203020202000001
 757 1000002022203022327232203022202000001
 758 1000002200023210026200123200022000001
 759 1000002202023212227222123202022000001
 760 1000002220223232348432323220222000001
 761 1000002222223234569654323222222000001
 762 1000020000100200004000020010000200001
 763 1000020002100220005000220012000200001
 764 1000020004100240008000420014000200001
 765 1000020020300402106012040030200200001
 766 1000020022300422127212240032200200001
 767 1000020200122210206020122210020200001
 768 1000020202122230407040322212020200001
 769 1000020220322414328234142230220200001
 770 1000020222322434549454342232220200001
 771 1000022000123200026200023210002200001
 772 1000022002123222027202223212002200001
 773 1000022020323422328232243230202200001
 774 1000022022323444349434443232202200001
 775 1000022200145410248420145410022200001
 776 1000022202145432449442345412022200001
 777 1000200010000020004000200000100020001
 778 1000200012000220005000220002100020001
 779 1000200014000420008000240004100020001
 780 1000200030202040106010402020300020001
 781 1000200032202240127210422022300020001
 782 1000200210040032006002300400120020001
 783 1000200212040232207022320402120020001
 784 1000200230242054128214502420320020001
 785 1000200232242254349434522422320020001
 786 1000202010203020206020203020102020001
 787 1000202012203222207022223022102020001
 788 1000202030405060508050605040302020001
 789 1000202032405262529252625042302020001
 790 1000202210243232228222323420122020001
 791 1000202212243434429244343422122020001
 792 1000220010100000027200000010100220001
 793 1000220012100220026200220012100220001
 794 1000220014100440027200440014100220001
 795 1000220030302222109012222030300220001
 796 1000220032302442128212442032300220001
 797 1000220034302662149412662034300220001
 798 1000220210142012029202102410120220001
 799 1000220212142232228222322412120220001
 800 1000220214142452429242542414120220001
 801 1000222012323220248420223232102220001
 802 1000222014323442249422443234102220001
 803 1002001000000002004002000000001002001
 804 1002001002002002005002002002001002001
 805 1002001004004002008002004004001002001
 806 1002001020220202106012020220201002001
 807 1002001022222202127212022222201002001
 808 1002001200220032006002300220021002001
 809 1002001202222032207022302222021002001
 810 1002001220440234128214320440221002001
 811 1002001222442234349434322442221002001
 812 1002003000001002007002001000003002001
 813 1002003002003004006004003002003002001
 814 1002003004005006007006005004003002001
 815 1002003022223224308034223222203002001
 816 1002003024225226329236225224203002001
 817 1002003202223234028204323222023002001
 818 1002003204225236229226325224023002001
 819 1002021020100202206022020010201202001
 820 1002021022102222207022222012201202001
 821 1002021040320604308034060230401202001
 822 1002021042322624329234262232401202001
 823 1002021220322232408042322230221202001
 824 1002021222324252609062524232221202001
 825 1002023022123204228224023212203202001
 826 1002023024125226229226225214203202001
 827 1002201210000022026202200000121022001
 828 1002201212002222027202222002121022001
 829 1002201230222242128212422220321022001
 830 1002201232224442149412444222321022001
 831 1002201410240054028204500420141022001
 832 1002201412242254229224522422141022001
 833 1002203212203024228224203022123022001
 834 1002203214205226229226225024123022001
 835 1002221232100222248422220012321222001
 836 1002221234102442249422442014321222001
 837 1020100000000000204020000000000010201
 838 1020100002020000205020000202000010201
 839 1020100004040000208020000404000010201
 840 1020100020402000306030002040200010201
 841 1020100022422000327230002242200010201
 842 1020100200000210007000120000020010201
 843 1020100202020210206020120202020010201
 844 1020100204040210407040120404020010201
 845 1020100220402212109012122040220010201
 846 1020100222422212328232122242220010201
 847 1020100224442212549452122444220010201
 848 1020102020003020206020203000202010201
 849 1020102022023022207022203202202010201
 850 1020102040405040508050405040402010201
 851 1020102042425042529252405242402010201
 852 1020102222023430228220343202222010201
 853 1020102224043432429242343404222010201
 854 1020120200100202206022020010020210201
 855 1020120202120222207022220212020210201
 856 1020120220502404308034042050220210201
 857 1020120222522424329234242252220210201
 858 1020120402122412408042142212040210201
 859 1020120404142432609062342414040210201
 860 1020122220123222228222223210222210201
 861 1020122222143244229224423412222210201
 862 1020302010000020406040200000102030201
 863 1020302012020220407040220202102030201
 864 1020302030404040508050404040302030201
 865 1020302032424240529250424242302030201
 866 1020302210020032209022300200122030201
 867 1020302212040232408042320402122030201
 868 1020302214060432609062340604122030201
 869 1020304030203040608060403020304030201
 870 1020304032223242609062423222304030201
 871 1020322212100222428242220012122230201
 872 1020322214120442429242440214122230201
 873 1022121000000002226222000000001212201
 874 1022121002022002227222002202001212201
 875 1022121020422202328232022240201212201
 876 1022121022444202349432024442201212201
 877 1022121202220232228222320222021212201
 878 1022121204242232429242322424021212201
 879 1022123022003024228224203002203212201
 880 1022123024025026229226205204203212201
 881 1022141220100204428244020010221412201
 882 1022141222122224429244222212221412201
 883 1022323210000022448442200000123232201
 884 1022323212022222449442222202123232201
 885 1210000000000000024200000000000000121
 886 1210000002200000025200000022000000121
 887 1210000004400000028200000044000000121
 888 1210000020020000107010000200200000121
 889 1210000022220000126210000222200000121
 890 1210000024420000147410000244200000121
 891 1210000220022010026200102200220000121
 892 1210000222222010227220102222220000121
 893 1210000242242012148412102422420000121
 894 1210000244442012369632102444420000121
 895 1210002200003200026200023000022000121
 896 1210002202203202027202023022022000121
 897 1210002222223220328230223222222000121
 898 1210002224423222349432223244222000121
 899 1210002420025410048400145200242000121
 900 1210002422225412249422145222242000121
 901 1210022000100220026200220010002200121
 902 1210022002300240027200420032002200121
 903 1210022020120402109012040210202200121
 904 1210022022320422128212240232202200121
 905 1210022024520442149412440254202200121
 906 1210022220124230228220324210222200121
 907 1210022222324250429240524232222200121
 908 1210024200123420048400243210024200121
 909 1210024202323442049402443232024200121
 910 1210220010000022026202200000100220121
 911 1210220012200222027202220022100220121
 912 1210220032222042128212402222300220121
 913 1210220034422242149412422244300220121
 914 1210220230042034028204302400320220121
 915 1210220232242234229224322422320220121
 916 1210222210203222228222223020122220121
 917 1210222212403424229224243042122220121
 918 1210242012100242048402420012102420121
 919 1210242014300462049402640034102420121
 920 1212201000000002226222000000001022121
 921 1212201002202002227222002022001022121
 922 1212201022240202328232020422201022121
 923 1212201024442202349432022444201022121
 924 1212201220222032228222302220221022121
 925 1212201222424032429242304242221022121
 926 1212203202003204228224023002023022121
 927 1212203204205206229226025024023022121
 928 1212223020100222428242220010203222121
 929 1212223022302242429242422032203222121
 930 1212421210000024248424200000121242121
 931 1212421212202224249424222022121242121
 932 1232100000000000246420000000000012321
 933 1232100002220000247420000222000012321
 934 1232100020202000329230002020200012321
 935 1232100022422000348430002242200012321
 936 1232100024642000369630002464200012321
 937 1232100222022210248420122202220012321
 938 1232100224242210449440122424220012321
 939 1232102220003220248420223000222012321
 940 1232102222223222249422223222222012321
 941 1232122200100222248422220010022212321
 942 1232122202320242249422420232022212321
 943 1232322010000022448442200000102232321
 944 1232322012220222449442220222102232321
 945 1234321000000002468642000000001234321
 946 1234321002222002469642002222001234321
 947 1860111945229755699965579225491110681
 948 4000000000000000008000000000000000004
 949 4000000004000000009000000004000000004
 950 5208490560653668833388663560650948025
 951 100000000000000000020000000000000000001
 952 100000000220000000141000000022000000001
 953 100000002002000010040010000200200000001
 954 100000002222000012363210000222200000001
 955 100000020000201000040000102000020000001
 956 100000020220201022161220102022020000001
 957 100000022002201210262012102200220000001
 958 100000022222201234585432102222220000001
 959 100000200000120000040000021000002000001
 960 100000200220120220161022021022002000001
 961 100000202002122012060210221200202000001
 962 100000202222122234383432221222202000001
 963 100000220000341000262000143000022000001
 964 100000220220341242383242143022022000001
 965 100000222002343212484212343200222000001
 966 100002000010002000040000200010000200001
 967 100002000230004200161002400032000200001
 968 100002002012022030060030220210200200001
 969 100002002232024232383232420232200200001
 970 100002020010403002060200304010020200001
 971 100002020230405224181422504032020200001
 972 100002022012423232282232324210220200001
 973 100002200012122000262000221210002200001
 974 100002200232124420383024421232002200001
 975 100002202014144032282230441410202200001
 976 100002220012543002484200345210022200001
 977 100020001000000200040002000000100020001
 978 100020001220022200161002220022100020001
 979 100020003002200410060014002200300020001
 980 100020003222222412383214222222300020001
 981 100020021002201220060022102200120020001
 982 100020021222223242181242322222120020001
 983 100020023004401630282036104400320020001
 984 100020201020120202060202021020102020001
 985 100020201240142422181224241042102020001
 986 100020203022322414080414223220302020001
 987 100020221022341222282222143220122020001
 988 100022001210002200262002200012100220001
 989 100022001430026400383004620034100220001
 990 100022003212222430282034222212300220001
 991 100022021212403222282222304212120220001
 992 100022201232122202484202221232102220001
 993 100200100000000020040020000000001002001
 994 100200100220220020161020022022001002001
 995 100200102004002030060030200400201002001
 996 100200102224222032383230222422201002001
 997 100200120020201220060022102020021002001
 998 100200120240421242181242124042021002001
 999 100200122024203430282034302420221002001
1000 100200300200120040060040021002003002001
1001 100200300420340260181062043024003002001
1002 100200302204124052080250421402203002001
1003 100200320220341240282042143022023002001
1004 100202102010002022060220200010201202001
1005 100202102230224222181222422032201202001
1006 100202104014024052080250420410401202001
1007 100202122030403224080422304030221202001
1008 100202302212122042282240221212203202001
1009 100220121000000220262022000000121022001
1010 100220121220242220383022242022121022001
1011 100220123004202430282034202400321022001
1012 100220141022201440282044102220141022001
1013 100220321220120242282242021022123022001
1014 100222123210002222484222200012321222001
1015 102010000000000002040200000000000010201
1016 102010000222200002161200002222000010201
1017 102010002022020012060210020220200010201
1018 102010002244220014383410022442200010201
1019 102010020200203002060200302002020010201
1020 102010020422403024181420304224020010201
1021 102010022222223212282212322222220010201
1022 102010202000120202060202021000202010201
1023 102010202222320422181224023222202010201
1024 102010204022142214080412241220402010201
1025 102010222200343202282202343002222010201
1026 102012020010002022060220200010020210201
1027 102012020232204222181222402232020210201
1028 102012022032042052080250240230220210201
1029 102012040210405024080420504012040210201
1030 102012222012122222282222221210222210201
1031 102030201000000204060402000000102030201
1032 102030201222222204181402222222102030201
1033 102030203022220414080414022220302030201
1034 102030221202203224080422302202122030201
1035 102030403020120406080604021020304030201
1036 102032221210002224282422200012122230201
1037 102212100000000022262220000000001212201
1038 102212100222420022383220024222001212201
1039 102212102024022032282230220420201212201
1040 102212120220203222282222302022021212201
1041 102212302200120242282242021002203212201
1042 102214122010002044282440200010221412201
1043 102232321000000224484422000000123232201
1044 121000000000000000242000000000000000121
1045 121000000242000000363000000242000000121
1046 121000002202200010262010002202200000121
1047 121000002444200012585210002444200000121
1048 121000022000221000262000122000220000121
1049 121000022242221022383220122242220000121
1050 121000024202421210484012124202420000121
1051 121000220000122000262000221000022000121
1052 121000220242122220383022221242022000121
1053 121000222202324012282210423202222000121
1054 121000242000363000484000363000242000121
1055 121002200010002200262002200010002200121
1056 121002200252004400383004400252002200121
1057 121002202212222230282032222212202200121
1058 121002222010423202282202324010222200121
1059 121002420012124200484002421210024200121
1060 121022001000000220262022000000100220121
1061 121022001242022220383022220242100220121
1062 121022003202400430282034004202300220121
1063 121022023002221240282042122200320220121
1064 121022221020122222282222221020122220121
1065 121024201210002420484024200012102420121
1066 121220100000000022262220000000001022121
1067 121220100242220022383220022242001022121
1068 121220102204202032282230202402201022121
1069 121220122020221222282222122020221022121
1070 121220320200122042282240221002023022121
1071 121222302010002224282422200010203222121
1072 121242121000000242484242000000121242121
1073 123210000000000002464200000000000012321
1074 123210000244200002585200002442000012321
1075 123210002222220012484210022222200012321
1076 123210022200223002484200322002220012321
1077 123210222000122202484202221000222012321
1078 123212220010002222484222200010022212321
1079 123232201000000224484422000000102232321
1080 123432100000000024686420000000001234321
1081 400000000000000000080000000000000000004
1082 659778968558387244939442783855869877956
1083 10000000000000000000200000000000000000001
1084 10000000002000000000300000000020000000001
1085 10000000004000000000600000000040000000001
1086 10000000020200000010401000000202000000001
1087 10000000022200000012521000000222000000001
1088 10000000024200000014841000000242000000001
1089 10000000200020001000400010002000200000001
1090 10000000202020001020502010002020200000001
1091 10000000204020001040804010002040200000001
1092 10000000220220001212621210002202200000001
1093 10000000222220001234743210002222200000001
1094 10000002000002100000400000120000020000001
1095 10000002002002100200500200120020020000001
1096 10000002004002100400800400120040020000001
1097 10000002020202102030603020120202020000001
1098 10000002022202102232723220120222020000001
1099 10000002200022121002620012122000220000001
1100 10000002202022121222722212122020220000001
1101 10000002220222123234843232122202220000001
1102 10000002222222123456965432122222220000001
1103 10000020000010200000400000201000002000001
1104 10000020002010202000500020201020002000001
1105 10000020004010204000800040201040002000001
1106 10000020020210220210601202201202002000001
1107 10000020022210222212721222201222002000001
1108 10000020200030401020602010403000202000001
1109 10000020202030403040704030403020202000001
1110 10000020220230421432823412403202202000001
1111 10000020222230423454945432403222202000001
1112 10000022000014300002620000341000022000001
1113 10000022002014302202720220341020022000001
1114 10000022020214322232823222341202022000001
1115 10000022022214324434943442341222022000001
1116 10000022200034521024842012543000222000001
1117 10000022202034523244944232543020222000001
1118 10000200001000020000400002000010000200001
1119 10000200003000040000500004000030000200001
1120 10000200005000060000800006000050000200001
1121 10000200021200222010601022200212000200001
1122 10000200023200242012721024200232000200001
1123 10000200201022021200600212022010200200001
1124 10000200203022041220702214022030200200001
1125 10000200221222223412821432222212200200001
1126 10000200223222243434943434222232200200001
1127 10000202001022120020602002122010020200001
1128 10000202003022140220702204122030020200001
1129 10000202021222324050805042322212020200001
1130 10000202023222344252925244322232020200001
1131 10000202201044141222822214144010220200001
1132 10000202203044161442924416144030220200001
1133 10000220001210220002620002201210002200001
1134 10000220003210242002720024201230002200001
1135 10000220021410442212821224401412002200001
1136 10000220023410464214941246401432002200001
1137 10000220201232421222822212423210202200001
1138 10000220203232443242924234423230202200001
1139 10000222001234320024842002343210022200001
1140 10000222003234342224942224343230022200001
1141 10002000100000002000400020000000100020001
1142 10002000102000202000500020200020100020001
1143 10002000104000402000800020400040100020001
1144 10002000120202022010601022020202100020001
1145 10002000122202222012721022220222100020001
1146 10002000300040005000600050004000300020001
1147 10002000302040205020702050204020300020001
1148 10002000320242025212821252024202300020001
1149 10002000322242225234943252224222300020001
1150 10002002100202102200600220120200120020001
1151 10002002102202302400700420320220120020001
1152 10002002120404124230803242140402120020001
1153 10002002122404324432923442340422120020001
1154 10002002300242125202820252124200320020001
1155 10002002302242325422922452324220320020001
1156 10002020100010000020702000001000102020001
1157 10002020102010202020602020201020102020001
1158 10002020104010404020702040401040102020001
1159 10002020122212242230803224221222102020001
1160 10002020124212444232923244421242102020001
1161 10002020300050203020902030205000302020001
1162 10002020302050405040804050405020302020001
1163 10002020304050607060906070605040302020001
1164 10002022100214100022922000141200122020001
1165 10002022102214302222822220341220122020001
1166 10002022104214504422922440541240122020001
1167 10002200121000022002620022000012100220001
1168 10002200123000242002720024200032100220001
1169 10002200141202244012821044220214100220001
1170 10002200143202464014941046420234100220001
1171 10002200321042025202820252024012300220001
1172 10002200323042245222922254224032300220001
1173 10002202121222122222822222122212120220001
1174 10002202123222342422922424322232120220001
1175 10002220121210000024942000001212102220001
1176 10002220123210222024842022201232102220001
1177 10002220125210444024942044401252102220001
1178 10020010000000000200400200000000001002001
1179 10020010002002000200500200020020001002001
1180 10020010004004000200800200040040001002001
1181 10020010020220200210601200202202001002001
1182 10020010022222200212721200222222001002001
1183 10020010200220021200600212002200201002001
1184 10020010202222021220702212022220201002001
1185 10020010220440221412821412204402201002001
1186 10020010222442221434943412224422201002001
1187 10020012000000102000700020100000021002001
1188 10020012002002102200600220120020021002001
1189 10020012004004102400700420140040021002001
1190 10020012022222304230803240322222021002001
1191 10020012024224304432923440342242021002001
1192 10020012202222143202820234122220221002001
1193 10020012204224143422922434142240221002001
1194 10020030020010200400600400201002003002001
1195 10020030022012202400700420221022003002001
1196 10020030040230420610801602403204003002001
1197 10020030042232422612921622423224003002001
1198 10020030220230421420802412403202203002001
1199 10020030222232423440904432423222203002001
1200 10020032020012300202920200321002023002001
1201 10020032022014302402820420341022023002001
1202 10020032024016304602920640361042023002001
1203 10020210201000020220602202000010201202001
1204 10020210203002040220702204020030201202001
1205 10020210221220422230803222402212201202001
1206 10020210223222442232923224422232201202001
1207 10020210401222041420802414022210401202001
1208 10020210403224061440904416042230401202001
1209 10020212201020102040904020102010221202001
1210 10020212203022122240804222122030221202001
1211 10020212205024142440904424142050221202001
1212 10020230221210220422822402201212203202001
1213 10020230223212242422922424221232203202001
1214 10022012100000002202620220000000121022001
1215 10022012102002202202720220220020121022001
1216 10022012120222222212821222222202121022001
1217 10022012122224422214941222442222121022001
1218 10022012300240025202820252004200321022001
1219 10022012302242225222922252224220321022001
1220 10022014102202104402820440120220141022001
1221 10022014104204304602920640340240141022001
1222 10022032122010202422822420201022123022001
1223 10022032124012404422922440421042123022001
1224 10022212321000022224842222000012321222001
1225 10022212323002242224942224220032321222001
1226 10201000000000000020402000000000000010201
1227 10201000002020000020502000002020000010201
1228 10201000004040000020802000004040000010201
1229 10201000020402000030603000020402000010201
1230 10201000022422000032723000022422000010201
1231 10201000200000201000700010200000200010201
1232 10201000202020201020602010202020200010201
1233 10201000204040201040704010204040200010201
1234 10201000220402201210901210220402200010201
1235 10201000222422201232823210222422200010201
1236 10201000224442201254945210224442200010201
1237 10201002020002120020602002120002020010201
1238 10201002022022120220702202122022020010201
1239 10201002040404122050805022140404020010201
1240 10201002042424122252925222142424020010201
1241 10201002222022341022822014322022220010201
1242 10201002224042341242924214324042220010201
1243 10201020200010202020602020201000202010201
1244 10201020202030204020702040203020202010201
1245 10201020220412222230803222221402202010201
1246 10201020222432224232923242223422202010201
1247 10201020400010601020902010601000402010201
1248 10201020402030603040804030603020402010201
1249 10201020404050605060906050605040402010201
1250 10201022220014322022822022341002222010201
1251 10201022222034324222922242343022222010201
1252 10201202001000020220602202000010020210201
1253 10201202003020040220702204002030020210201
1254 10201202021402222230803222220412020210201
1255 10201202023422242232923224222432020210201
1256 10201202201002201400900410220010220210201
1257 10201202203022221420802412222030220210201
1258 10201202205042241440904414224050220210201
1259 10201204021022140240804204122012040210201
1260 10201204023042160440904406124032040210201
1261 10201222201210222222822222201210222210201
1262 10201222203230244222922244203230222210201
1263 10203020100000002040604020000000102030201
1264 10203020102020202040704020202020102030201
1265 10203020120404022050805022040402102030201
1266 10203020122424222052925022242422102030201
1267 10203020300020005020902050002000302030201
1268 10203020302040205040804050204020302030201
1269 10203020304060405060906050406040302030201
1270 10203022120202122240804222120202122030201
1271 10203022122222322440904422322222122030201
1272 10203040302010204060806040201020304030201
1273 10203040304030406060906060403040304030201
1274 10203222121000022242824222000012122230201
1275 10203222123020242242924224202032122230201
1276 10221210000000000222622200000000001212201
1277 10221210002022000222722200022020001212201
1278 10221210020422200232823200222402001212201
1279 10221210022444200234943200244422001212201
1280 10221210202220221222822212202220201212201
1281 10221210204242221242924212224240201212201
1282 10221212022002122222822222120022021212201
1283 10221212024024122422922422142042021212201
1284 10221230220010202422822420201002203212201
1285 10221230222032204422922440223022203212201
1286 10221412201000020442824402000010221412201
1287 10221412203022040442924404022030221412201
1288 10223232100000002244844220000000123232201
1289 10223232102022202244944220222020123232201
1290 12100000000000000002420000000000000000121
1291 12100000002200000002520000000220000000121
1292 12100000004400000002820000000440000000121
1293 12100000020020000010701000002002000000121
1294 12100000022220000012621000002222000000121
1295 12100000024420000014741000002442000000121
1296 12100000220022001002620010022002200000121
1297 12100000222222001022722010022222200000121
1298 12100000242242001214841210024224200000121
1299 12100000244442001236963210024444200000121
1300 12100002200002300002620000320000220000121
1301 12100002202202300202720200320220220000121
1302 12100002222222302032823020322222220000121
1303 12100002224422302234943220322442220000121
1304 12100002420024321004840012342002420000121
1305 12100002422224321224942212342222420000121
1306 12100022000010220002620002201000022000121
1307 12100022002210222002720022201220022000121
1308 12100022022230240212821204203222022000121
1309 12100022024430242214941224203442022000121
1310 12100022220032421022822012423002222000121
1311 12100022222232423042924032423222222000121
1312 12100024200014520004840002541000242000121
1313 12100024202214522204940222541220242000121
1314 12100220001000022002620022000010002200121
1315 12100220003200042002720024000230002200121
1316 12100220021020204010901040202012002200121
1317 12100220023220224012821042202232002200121
1318 12100220025420244014941044202452002200121
1319 12100220221024023202820232042012202200121
1320 12100220223224043222922234042232202200121
1321 12100222201022322022822022322010222200121
1322 12100222203222342222922224322230222200121
1323 12100242001210242004840024201210024200121
1324 12100242003410264004940046201430024200121
1325 12102200100000002202620220000000100220121
1326 12102200102200202202720220200220100220121
1327 12102200122222022212821222022222100220121
1328 12102200124422222214941222222442100220121
1329 12102200320042005202820250024002300220121
1330 12102200322242205222922250224222300220121
1331 12102202300202302402820420320200320220121
1332 12102202302402502602920620520420320220121
1333 12102222102010222222822222201020122220121
1334 12102222104210424222922242401240122220121
1335 12102420121000024204840242000012102420121
1336 12102420123200244204940244200232102420121
1337 12122010000000000222622200000000001022121
1338 12122010002202000222722200020220001022121
1339 12122010022240200232823200204222001022121
1340 12122010024442200234943200224442001022121
1341 12122010220222021222822212022202201022121
1342 12122010222424021242924212042422201022121
1343 12122012202002302222822220320020221022121
1344 12122012204204302422922420340240221022121
1345 12122032020010220422822402201002023022121
1346 12122032022212222422922422221222023022121
1347 12122230201000022242824222000010203222121
1348 12122230203202042242924224020230203222121
1349 12124212100000002424842420000000121242121
1350 12124212102202202424942420220220121242121
1351 12321000000000000024642000000000000012321
1352 12321000002220000024742000002220000012321
1353 12321000020202000032923000020202000012321
1354 12321000022422000034843000022422000012321
1355 12321000024642000036963000024642000012321
1356 12321000222022201024842010222022200012321
1357 12321000224242201044944010224242200012321
1358 12321002220002320024842002320002220012321
1359 12321002222222320224942202322222220012321
1360 12321022200010222024842022201000222012321
1361 12321022202230224024942042203220222012321
1362 12321222001000022224842222000010022212321
1363 12321222003220042224942224002230022212321
1364 12323220100000002244844220000000102232321
1365 12323220102220202244944220202220102232321
1366 12343210000000000246864200000000001234321
1367 12343210002222000246964200022220001234321
1368 16512545612123429216861292432121654521561
1369 40000000000000000000800000000000000000004
1370 40000000004000000000900000000040000000004
1371 52605909706925833964246933852960790950625
1372 67646185993742928767376782924739958164676
1373 69378052522669882013031028896622525087396
1374 406181866696179837389983738971696668181604
1375 1000000000000000000002000000000000000000001
1376 1000000000220000000014100000000220000000001
1377 1000000002002000001004001000002002000000001
1378 1000000002222000001236321000002222000000001
1379 1000000020000200100004000010020000200000001
1380 1000000020220200102216122010020220200000001
1381 1000000022002200121026201210022002200000001
1382 1000000022222200123458543210022222200000001
1383 1000000200000030000004000000300000020000001
1384 1000000200220030022016102200300220020000001
1385 1000000202002030201206021020302002020000001
1386 1000000202222030223438343220302222020000001
1387 1000000220000232100026200012320000220000001
1388 1000000220220232124238324212320220220000001
1389 1000000222002232321248421232322002220000001
1390 1000002000001002000004000002001000002000001
1391 1000002000221002220016100222001220002000001
1392 1000002002003004003006003004003002002000001
1393 1000002002223004223238323224003222002000001
1394 1000002020001222100206020012221000202000001
1395 1000002020221222322418142232221220202000001
1396 1000002022003224123228223214223002202000001
1397 1000002200001232000026200002321000022000001
1398 1000002200221232242038302422321220022000001
1399 1000002202003234203228223024323002022000001
1400 1000002220001454100248420014541000222000001
1401 1000020000100000200004000020000010000200001
1402 1000020000320002400016100042000230000200001
1403 1000020002102020221006001220202012000200001
1404 1000020002322022421238321242202232000200001
1405 1000020020100400302006002030040010200200001
1406 1000020020320402504218124052040230200200001
1407 1000020022102420343028203430242012200200001
1408 1000020200102030200206020020302010020200001
1409 1000020200322032422218122242302230020200001
1410 1000020202104050421408041240504012020200001
1411 1000020220102432302228222032342010220200001
1412 1000022000121002200026200022001210002200001
1413 1000022000341004620038300264001430002200001
1414 1000022002123024223028203224203212002200001
1415 1000022020121422302228222032241210202200001
1416 1000022200123232200248420022323210022200001
1417 1000200010000000020004000200000000100020001
1418 1000200010220022020016100202200220100020001
1419 1000200012002200221006001220022002100020001
1420 1000200012222222221238321222222222100020001
1421 1000200030002200140006000410022000300020001
1422 1000200030222222142218122412222220300020001
1423 1000200032004400361028201630044002300020001
1424 1000200210020030022006002200300200120020001
1425 1000200210240052044018104402500420120020001
1426 1000200212022230423208023240322202120020001
1427 1000200230022232142028202412322200320020001
1428 1000202010201002020206020202001020102020001
1429 1000202010421024240218120424201240102020001
1430 1000202012203204223208023224023022102020001
1431 1000202030203222140408040412223020302020001
1432 1000202210221232022228222202321220122020001
1433 1000220012100000220026200220000012100220001
1434 1000220012320024420038300244200232100220001
1435 1000220014102220441028201440222014100220001
1436 1000220032102400342028202430042012300220001
1437 1000220212122030222228222220302212120220001
1438 1000222012321002220248420222001232102220001
1439 1002001000000000002004002000000000001002001
1440 1002001000220220002016102000220220001002001
1441 1002001002004002003006003002004002001002001
1442 1002001002224222003238323002224222001002001
1443 1002001020020200302006002030020200201002001
1444 1002001020240420304218124030240420201002001
1445 1002001022024202323028203232024202201002001
1446 1002001200200030022006002200300020021002001
1447 1002001200420250044018104400520240021002001
1448 1002001202204032223208023222304022021002001
1449 1002001220220232322028202232320220221002001
1450 1002003002001002004006004002001002003002001
1451 1002003002221222224018104222221222003002001
1452 1002003004005006007008007006005004003002001
1453 1002003022021222304208024032221202203002001
1454 1002003202201232024028204202321022023002001
1455 1002021020100000202206022020000010201202001
1456 1002021020320222402218122042220230201202001
1457 1002021022104022223208023222204012201202001
1458 1002021040120400504208024050040210401202001
1459 1002021220302030222408042220302030221202001
1460 1002023022121002204228224022001212203202001
1461 1002201210000000022026202200000000121022001
1462 1002201210220242022038302202420220121022001
1463 1002201212004202223028203222024002121022001
1464 1002201230022200342028202430022200321022001
1465 1002201410220030044028204400300220141022001
1466 1002203212201002024228224202001022123022001
1467 1002221232100000222248422220000012321222001
1468 1020100000000000000204020000000000000010201
1469 1020100000222200000216120000022220000010201
1470 1020100002022020001206021000202202000010201
1471 1020100002244220001438341000224422000010201
1472 1020100020200202100206020012020020200010201
1473 1020100020422402102418142012042240200010201
1474 1020100022222222121228221212222222200010201
1475 1020100202000030200206020020300002020010201
1476 1020100202222230222218122220322222020010201
1477 1020100204022050401408041040502204020010201
1478 1020100222200234300228220034320022220010201
1479 1020102020001002020206020202001000202010201
1480 1020102020223202240218120422023220202010201
1481 1020102022023024023208023204203202202010201
1482 1020102040201224120408040214221020402010201
1483 1020102222001232220228220222321002222010201
1484 1020120200100000202206022020000010020210201
1485 1020120200322202402218122042022230020210201
1486 1020120202122040223208023220402212020210201
1487 1020120220300402304208024032040030220210201
1488 1020120402102030402408042040302012040210201
1489 1020122220121002222228222222001210222210201
1490 1020302010000000020406040200000000102030201
1491 1020302010222222020418140202222220102030201
1492 1020302012022220221408041220222202102030201
1493 1020302030202202140408040412022020302030201
1494 1020302212020030222408042220300202122030201
1495 1020304030201002040608060402001020304030201
1496 1020322212100000222428242220000012122230201
1497 1022121000000000002226222000000000001212201
1498 1022121000222420002238322000242220001212201
1499 1022121002024022003228223002204202001212201
1500 1022121020220202302228222032020220201212201
1501 1022121202200030222228222220300022021212201
1502 1022123022001002024228224202001002203212201
1503 1022141220100000204428244020000010221412201
1504 1022323210000000022448442200000000123232201
1505 1210000000000000000024200000000000000000121
1506 1210000000242000000036300000002420000000121
1507 1210000002202200001026201000022022000000121
1508 1210000002444200001258521000024442000000121
1509 1210000022000220100026200010220002200000121
1510 1210000022242220102238322010222422200000121
1511 1210000024202420121048401210242024200000121
1512 1210000220000032000026200002300000220000121
1513 1210000220242032022038302202302420220000121
1514 1210000222202232201228221022322022220000121
1515 1210000242000254100048400014520002420000121
1516 1210002200001002200026200022001000022000121
1517 1210002200243002420038300242003420022000121
1518 1210002202203204203028203024023022022000121
1519 1210002222001242300228220032421002222000121
1520 1210002420001234200048400024321000242000121
1521 1210022000100000220026200220000010002200121
1522 1210022000342002420038300242002430002200121
1523 1210022002302220241028201420222032002200121
1524 1210022022100420322028202230240012202200121
1525 1210022220102032220228220222302010222200121
1526 1210024200121002420048400242001210024200121
1527 1210220010000000022026202200000000100220121
1528 1210220010242022022038302202202420100220121
1529 1210220012202400223028203220042022100220121
1530 1210220032002220142028202410222002300220121
1531 1210220230020032024028204202300200320220121
1532 1210222210201002222228222222001020122220121
1533 1210242012100000242048402420000012102420121
1534 1212201000000000002226222000000000001022121
1535 1212201000242220002238322000222420001022121
1536 1212201002204202003228223002024022001022121
1537 1212201022020220302228222030220202201022121
1538 1212201220200032022228222202300020221022121
1539 1212203202001002204228224022001002023022121
1540 1212223020100000222428242220000010203222121
1541 1212421210000000024248424200000000121242121
1542 1232100000000000000246420000000000000012321
1543 1232100000244200000258520000024420000012321
1544 1232100002222220001248421000222222000012321
1545 1232100022200222100248420012220022200012321
1546 1232100222000032200248420022300002220012321
1547 1232102220001002220248420222001000222012321
1548 1232122200100000222248422220000010022212321
1549 1232322010000000022448442200000000102232321
1550 1234321000000000002468642000000000001234321
1551 1258034080473435562012102655343740804308521
1552 4000000000000000000008000000000000000000004
1553 4065032235068578387346437838758605322305604
1554 4888555961810720288016108820270181695558884
1555 9218713598451835185192915815381548953178129
1556 14616683207510408440555504480401570238661641
1557 100000000000000000000020000000000000000000001
1558 100000000002000000000030000000000200000000001
1559 100000000004000000000060000000000400000000001
1560 100000000020200000001040100000002020000000001
1561 100000000022200000001252100000002220000000001
1562 100000000024200000001484100000002420000000001
1563 100000000200020000100040001000020002000000001
1564 100000000202020000102050201000020202000000001
1565 100000000204020000104080401000020402000000001
1566 100000000220220000121262121000022022000000001
1567 100000000222220000123474321000022222000000001
1568 100000002000002010000040000010200000200000001
1569 100000002002002010020050020010200200200000001
1570 100000002004002010040080040010200400200000001
1571 100000002020202010203060302010202020200000001
1572 100000002022202010223272322010202220200000001
1573 100000002200022012100262001210220002200000001
1574 100000002202022012122272221210220202200000001
1575 100000002220222012323484323210222022200000001
1576 100000002222222012345696543210222222200000001
1577 100000020000001200000040000002100000020000001
1578 100000020002001200200050002002100200020000001
1579 100000020004001200400080004002100400020000001
1580 100000020020201202021060120202102020020000001
1581 100000020022201202221272122202102220020000001
1582 100000020200021220102060201022120002020000001
1583 100000020202021220304070403022120202020000001
1584 100000020220221222143282341222122022020000001
1585 100000020222221222345494543222122222020000001
1586 100000022000003410000262000014300000220000001
1587 100000022002003410220272022014300200220000001
1588 100000022020203412223282322214302020220000001
1589 100000022022203412443494344214302220220000001
1590 100000022200023432102484201234320002220000001
1591 100000022202023432324494423234320202220000001
1592 100000200000100020000040000020001000002000001
1593 100000200002100022000050000220001200002000001
1594 100000200004100024000080000420001400002000001
1595 100000200020300040201060102040003020002000001
1596 100000200022300042201272102240003220002000001
1597 100000200200120220120060021022021002002000001
1598 100000200202120222122070221222021202002000001
1599 100000200220320240341282143042023022002000001
1600 100000200222320242343494343242023222002000001
1601 100000202000104030002060200030401000202000001
1602 100000202002104032022070220230401200202000001
1603 100000202020304050405080504050403020202000001
1604 100000202022304052425292524250403220202000001
1605 100000202200124232122282221232421002202000001
1606 100000202202124234144292441432421202202000001
1607 100000220000121220000262000022121000022000001
1608 100000220002121222200272002222121200022000001
1609 100000220020321242221282122242123020022000001
1610 100000220022321244421494124442123220022000001
1611 100000220200141440122282221044141002022000001
1612 100000220202141442324292423244141202022000001
1613 100000222000125430002484200034521000222000001
1614 100000222002125432222494222234521200222000001
1615 100002000010000002000040000200000010000200001
1616 100002000012000022000050000220000210000200001
1617 100002000014000042000080000240000410000200001
1618 100002000030200204001060100402002030000200001
1619 100002000032200224001272100422002230000200001
1620 100002000210022002300060003200220012000200001
1621 100002000212022022302070203220220212000200001
1622 100002000230222204321282123402222032000200001
1623 100002000232222224323494323422222232000200001
1624 100002002010022012020060020210220010200200001
1625 100002002012022032040070040230220210200200001
1626 100002002030222214223080322412222030200200001
1627 100002002032222234243292342432222230200200001
1628 100002002210044014320282023410440012200200001
1629 100002002212044034342292243430440212200200001
1630 100002020010201202002060200202102010020200001
1631 100002020012201222202070202222102210020200001
1632 100002020030401406023080320604104030020200001
1633 100002020032401426223292322624104230020200001
1634 100002020210223222304080403222322012020200001
1635 100002020212223242506090605242322212020200001
1636 100002022010223412022282220214322010220200001
1637 100002022012223432242292242234322210220200001
1638 100002200010100000000272000000001010002200001
1639 100002200012100022000262000220001210002200001
1640 100002200014100044000272000440001410002200001
1641 100002200030300222201090102222003030002200001
1642 100002200032300244201282102442003230002200001
1643 100002200034300266201494102662003430002200001
1644 100002200212122222320282023222221212002200001
1645 100002200214122244322292223442221412002200001
1646 100002202010124010002292200010421010202200001
1647 100002202012124032022282220230421210202200001
1648 100002202014124054042292240450421410202200001
1649 100002220012321222002484200222123210022200001
1650 100002220014321244202494202442123410022200001
1651 100020001000000000200040002000000000100020001
1652 100020001002000200200050002002000200100020001
1653 100020001004000400200080002004000400100020001
1654 100020001020202020201060102020202020100020001
1655 100020001022202220201272102022202220100020001
1656 100020001200040002300060003200040002100020001
1657 100020001202040202302070203202040202100020001
1658 100020001220242022321282123220242022100020001
1659 100020001222242222323494323222242222100020001
1660 100020003000202010400060004010202000300020001
1661 100020003002202210420070024012202200300020001
1662 100020003020404030603080306030404020300020001
1663 100020003022404230623292326032404220300020001
1664 100020003200242014500282005410242002300020001
1665 100020003202242214522292225412242202300020001
1666 100020021000001000020070020000100000120020001
1667 100020021002001200220060022002100200120020001
1668 100020021004001400420070024004100400120020001
1669 100020021022203222241080142222302220120020001
1670 100020021024203422441292144224302420120020001
1671 100020021200041022120090021220140002120020001
1672 100020021202041222322080223222140202120020001
1673 100020021204041422524090425224140402120020001
1674 100020023000203210200292002012302000320020001
1675 100020023002203410420282024014302200320020001
1676 100020023004203610640292046016302400320020001
1677 100020201020100020202060202020001020102020001
1678 100020201022100222202070202222001220102020001
1679 100020201040302060403080304060203040102020001
1680 100020201042302262403292304262203240102020001
1681 100020201220140222322080223222041022102020001
1682 100020201222140424324090423424041222102020001
1683 100020203020304030404080404030403020302020001
1684 100020203022304232424090424232403220302020001
1685 100020221022121220222282222022121220122020001
1686 100020221024121422422292224224121420122020001
1687 100022001210000002200262002200000012100220001
1688 100022001212000222200272002222000212100220001
1689 100022001230202224201282102422202032100220001
1690 100022001232202444201494102444202232100220001
1691 100022001410042004500282005400240014100220001
1692 100022001412042224502292205422240214100220001
1693 100022003210222012420282024210222012300220001
1694 100022003212222232440292044232222212300220001
1695 100022021212201202222282222202102212120220001
1696 100022021214201422422292224224102412120220001
1697 100022201232100022202484202220001232102220001
1698 100022201234100244202494202442001432102220001
1699 100200100000000000020040020000000000001002001
1700 100200100002002000020050020000200200001002001
1701 100200100004004000020080020000400400001002001
1702 100200100020220200021060120002022020001002001
1703 100200100022222200021272120002222220001002001
1704 100200100200220020120060021020022002001002001
1705 100200100202222020122070221020222202001002001
1706 100200100220440220141282141022044022001002001
1707 100200100222442220143494341022244222001002001
1708 100200102000000012000070000210000000201002001
1709 100200102002002012020060020210200200201002001
1710 100200102004004012040070040210400400201002001
1711 100200102022222212223080322212222220201002001
1712 100200102024224212243292342212422420201002001
1713 100200102202222034120282021430222202201002001
1714 100200102204224034142292241430422402201002001
1715 100200120020001200220060022002100020021002001
1716 100200120022003200420070024002300220021002001
1717 100200120040221402241080142204122040021002001
1718 100200120042223402441292144204322240021002001
1719 100200120220221240322080223042122022021002001
1720 100200120222223240524090425042322222021002001
1721 100200122020001412000292000214100020221002001
1722 100200122022003412220282022214300220221002001
1723 100200122024005412440292044214500420221002001
1724 100200300200100020040060040020001002003002001
1725 100200300202102022040070040220201202003002001
1726 100200300220320240241080142042023022003002001
1727 100200300222322242241292142242223222003002001
1728 100200300400320240160080061042023004003002001
1729 100200300402322242162090261242223204003002001
1730 100200302200102030022090220030201002203002001
1731 100200302202104032042080240230401202203002001
1732 100200302204106034062090260430601402203002001
1733 100200320220121220240282042022121022023002001
1734 100200320222123222440292044222321222023002001
1735 100202102010000002022060220200000010201202001
1736 100202102012002022022070220220200210201202001
1737 100202102030220404023080320404022030201202001
1738 100202102032222424023292320424222230201202001
1739 100202102210222022322080223220222012201202001
1740 100202102212224042324090423240422212201202001
1741 100202104012022014042080240410220210401202001
1742 100202104014024034062090260430420410401202001
1743 100202122030201202224080422202102030221202001
1744 100202122032203222424090424222302230221202001
1745 100202302212100022042282240220001212203202001
1746 100202302214102044042292240440201412203202001
1747 100220121000000000220262022000000000121022001
1748 100220121002002200220272022002200200121022001
1749 100220121020222220221282122022222020121022001
1750 100220121022224420221494122024422220121022001
1751 100220121200240022320282023220042002121022001
1752 100220121202242222322292223222242202121022001
1753 100220123002202012420282024210202200321022001
1754 100220123004204212440292044212402400321022001
1755 100220141022001200440282044002100220141022001
1756 100220141024003400640292046004300420141022001
1757 100220321220100020242282242020001022123022001
1758 100220321222102222242292242222201222123022001
1759 100222123210000002222484222200000012321222001
1760 100222123212002222222494222222200212321222001
1761 102010000000000000002040200000000000000010201
1762 102010000002020000002050200000020200000010201
1763 102010000004040000002080200000040400000010201
1764 102010000020402000003060300000204020000010201
1765 102010000022422000003272300000224220000010201
1766 102010000200000200100070001002000002000010201
1767 102010000202020200102060201002020202000010201
1768 102010000204040200104070401002040402000010201
1769 102010000220402200121090121002204022000010201
1770 102010000222422200123282321002224222000010201
1771 102010000224442200125494521002244422000010201
1772 102010002020002030002060200030200020200010201
1773 102010002022022030022070220030220220200010201
1774 102010002040404030205080502030404040200010201
1775 102010002042424030225292522030424240200010201
1776 102010002222022232102282201232220222200010201
1777 102010002224042232124292421232240422200010201
1778 102010020200001202002060200202100002020010201
1779 102010020202021202202070202202120202020010201
1780 102010020220403204023080320402304022020010201
1781 102010020222423204223292322402324222020010201
1782 102010020402021422104080401224120204020010201
1783 102010020404041422306090603224140404020010201
1784 102010022220003432002282200234300022220010201
1785 102010022222023432222292222234320222220010201
1786 102010202000100020202060202020001000202010201
1787 102010202002120022202070202220021200202010201
1788 102010202020502040403080304040205020202010201
1789 102010202022522042403292304240225220202010201
1790 102010202202120420322080223024021202202010201
1791 102010202204140422324090423224041402202010201
1792 102010204020104050204080402050401020402010201
1793 102010204022124052224090422250421220402010201
1794 102010222200121222202282202222121002222010201
1795 102010222202141224402292204422141202222010201
1796 102012020010000002022060220200000010020210201
1797 102012020012020022022070220220020210020210201
1798 102012020030402204023080320402204030020210201
1799 102012020032422224023292320422224230020210201
1800 102012020212022202322080223202220212020210201
1801 102012020214042222324090423222240412020210201
1802 102012022030022032042080240230220030220210201
1803 102012022032042052062090260250240230220210201
1804 102012040210201204024080420402102012040210201
1805 102012040212221224224090422422122212040210201
1806 102012222012100022222282222220001210222210201
1807 102012222014120044222292222440021410222210201
1808 102030201000000000204060402000000000102030201
1809 102030201002020200204070402002020200102030201
1810 102030201020404020205080502020404020102030201
1811 102030201022424220205292502022424220102030201
1812 102030201200020002302090203200020002102030201
1813 102030201202040202304080403202040202102030201
1814 102030201204060402306090603204060402102030201
1815 102030203020202030404080404030202020302030201
1816 102030203022222230424090424032222220302030201
1817 102030221202001202224080422202100202122030201
1818 102030221204021402424090424204120402122030201
1819 102030403020100020406080604020001020304030201
1820 102030403022120222406090604222021220304030201
1821 102032221210000002224282422200000012122230201
1822 102032221212020222224292422222020212122230201
1823 102212100000000000022262220000000000001212201
1824 102212100002022000022272220000220200001212201
1825 102212100020422200023282320002224020001212201
1826 102212100022444200023494320002444220001212201
1827 102212100202220220122282221022022202001212201
1828 102212100204242220124292421022242402001212201
1829 102212102022002032022282220230200220201212201
1830 102212102024024032042292240230420420201212201
1831 102212120220001202222282222202100022021212201
1832 102212120222023202422292224202320222021212201
1833 102212302200100020242282242020001002203212201
1834 102212302202122022242292242220221202203212201
1835 102214122010000002044282440200000010221412201
1836 102214122012022022044292440220220210221412201
1837 102232321000000000224484422000000000123232201
1838 102232321002022200224494422002220200123232201
1839 121000000000000000000242000000000000000000121
1840 121000000002200000000252000000002200000000121
1841 121000000004400000000282000000004400000000121
1842 121000000020020000001070100000020020000000121
1843 121000000022220000001262100000022220000000121
1844 121000000024420000001474100000024420000000121
1845 121000000220022000100262001000220022000000121
1846 121000000222222000102272201000222222000000121
1847 121000000242242000121484121000242242000000121
1848 121000000244442000123696321000244442000000121
1849 121000002200002210000262000012200002200000121
1850 121000002202202210020272020012202202200000121
1851 121000002222222210203282302012222222200000121
1852 121000002224422210223494322012224422200000121
1853 121000002420024212100484001212420024200000121
1854 121000002422224212122494221212422224200000121
1855 121000022000001220000262000022100000220000121
1856 121000022002201220200272002022102200220000121
1857 121000022022221222021282120222122220220000121
1858 121000022024421222221494122222124420220000121
1859 121000022220023240102282201042320022220000121
1860 121000022222223240304292403042322222220000121
1861 121000024200003630000484000036300002420000121
1862 121000024202203630220494022036302202420000121
1863 121000220000100022000262000220001000022000121
1864 121000220002300024000272000420003200022000121
1865 121000220020120040201090102040021020022000121
1866 121000220022320042201282102240023220022000121
1867 121000220024520044201494102440025420022000121
1868 121000220220122222120282021222221022022000121
1869 121000220222322224122292221422223222022000121
1870 121000222200104232002282200232401002222000121
1871 121000222202304234022292220432403202222000121
1872 121000242000121242000484000242121000242000121
1873 121000242002321244200494002442123200242000121
1874 121002200010000002200262002200000010002200121
1875 121002200012200022200272002220002210002200121
1876 121002200032220204201282102402022230002200121
1877 121002200034420224201494102422024430002200121
1878 121002200230024002500282005200420032002200121
1879 121002200232224022502292205220422232002200121
1880 121002202210022212220282022212220012202200121
1881 121002202212222232240292042232222212202200121
1882 121002222010201222202282202222102010222200121
1883 121002222012401242402292204242104210222200121
1884 121002420012100024200484002420001210024200121
1885 121002420014300046200494002640003410024200121
1886 121022001000000000220262022000000000100220121
1887 121022001002200200220272022002002200100220121
1888 121022001022222020221282122020222220100220121
1889 121022001024422220221494122022224420100220121
1890 121022001220042002320282023200240022100220121
1891 121022001222242202322292223202242222100220121
1892 121022003200202210420282024012202002300220121
1893 121022003202402410440292044014204202300220121
1894 121022023002001220240282042022100200320220121
1895 121022023004201420440292044024102400320220121
1896 121022221020100022222282222220001020122220121
1897 121022221022300224222292222422003220122220121
1898 121024201210000002420484024200000012102420121
1899 121024201212200222420494024222002212102420121
1900 121220100000000000022262220000000000001022121
1901 121220100002202000022272220000202200001022121
1902 121220100022240200023282320002042220001022121
1903 121220100024442200023494320002244420001022121
1904 121220100220222020122282221020222022001022121
1905 121220100222424020124292421020424222001022121
1906 121220102202002212022282220212200202201022121
1907 121220102204204212042292240212402402201022121
1908 121220122020001220222282222022100020221022121
1909 121220122022203220422292224022302220221022121
1910 121220320200100022042282240220001002023022121
1911 121220320202302024042292240420203202023022121
1912 121222302010000002224282422200000010203222121
1913 121222302012202022224292422220202210203222121
1914 121242121000000000242484242000000000121242121
1915 121242121002202200242494242002202200121242121
1916 123210000000000000002464200000000000000012321
1917 123210000002220000002474200000022200000012321
1918 123210000020202000003292300000202020000012321
1919 123210000022422000003484300000224220000012321
1920 123210000024642000003696300000246420000012321
1921 123210000222022200102484201002220222000012321
1922 123210000224242200104494401002242422000012321
1923 123210002220002230002484200032200022200012321
1924 123210002222222230022494220032222222200012321
1925 123210022200001222002484200222100002220012321
1926 123210022202221222202494202222122202220012321
1927 123210222000100022202484202220001000222012321
1928 123210222002320024202494202420023200222012321
1929 123212220010000002222484222200000010022212321
1930 123212220012220022222494222220022210022212321
1931 123232201000000000224484422000000000102232321
1932 123232201002220200224494422002022200102232321
1933 123432100000000000024686420000000000001234321
1934 123432100002222000024696420000222200001234321
1935 146248287213084882816757618288480312782842641
1936 400000000000000000000080000000000000000000004
1937 400000000004000000000090000000000400000000004
1938 428746458236696712033040330217696632854647824
1939 632306082878117302583050385203711878280603236
1940 670114755032518816023606320618815230557411076
