1 836
2 798644
3 64030648
4 83163115486
5 6360832925898
6 69800670077028
7 98275825201587
8 6819209882215742
9 40447213778058769
10 404099764753665981
11 633856150760638652
12 795559265009384106
13 637323988797048057098
14 3823177109095314778621
15 722956456358957313434535
16 831775153121251039203514
17 4275548277509699161443659
18 64897400105515621177314682
19 69697645997692395446140967172
20 725657034735673961274833643725
21 633801296960665546843096376103848
22 982503990036767976718486749830913
