A335406 scan of the primes in [0, 10,000,000,000,000]: 10 threads, 9323 chunks of 11
a(1) = 1               gap index i = 1               first prime 2               gap 1
a(2) = 2               gap index i = 2               first prime 3               gap 2
--- cumulative totals for the primes <= 10 ---
primes <= 10 (pi)         4
equal adjacent gaps (E)   1  (25.0000% of the primes)
runs (= pi - E)           3
longest run               2
runs by length            1: 2 2: 1
a(1) = 1               gap index i = 1               first prime 2               gap 1
a(2) = 2               gap index i = 2               first prime 3               gap 2
a(3) > 3  (no run of length 3 begins at a prime <= 10)
ld 10 1 1 1
ld 10 1 4 1
ld 10 2 2 1
--- cumulative totals for the primes <= 100 ---
primes <= 100 (pi)         25
equal adjacent gaps (E)   2  (8.0000% of the primes)
runs (= pi - E)           23
longest run               2
runs by length            1: 21 2: 2
a(1) = 1               gap index i = 1               first prime 2               gap 1
a(2) = 2               gap index i = 2               first prime 3               gap 2
a(3) > 23  (no run of length 3 begins at a prime <= 100)
ld 100 1 1 1
ld 100 1 2 6
ld 100 1 4 8
ld 100 1 6 5
ld 100 1 8 1
ld 100 2 2 1
ld 100 2 6 1
a(3) = 49              gap index i = 54              first prime 251             gap 6
--- cumulative totals for the primes <= 1,000 ---
primes <= 1,000 (pi)         168
equal adjacent gaps (E)   15  (8.9286% of the primes)
runs (= pi - E)           153
longest run               3
runs by length            1: 139 2: 13 3: 1
a(1) = 1               gap index i = 1               first prime 2               gap 1
a(2) = 2               gap index i = 2               first prime 3               gap 2
a(3) = 49              gap index i = 54              first prime 251             gap 6
a(4) > 153  (no run of length 4 begins at a prime <= 1,000)
ld 1000 1 1 1
ld 1000 1 2 33
ld 1000 1 4 40
ld 1000 1 6 19
ld 1000 1 8 15
ld 1000 1 10 16
ld 1000 1 12 6
ld 1000 1 14 7
ld 1000 1 18 1
ld 1000 1 20 1
ld 1000 2 2 1
ld 1000 2 6 11
ld 1000 2 12 1
ld 1000 3 6 1
--- cumulative totals for the primes <= 10,000 ---
primes <= 10,000 (pi)         1,229
equal adjacent gaps (E)   65  (5.2889% of the primes)
runs (= pi - E)           1,164
longest run               3
runs by length            1: 1,106 2: 51 3: 7
a(1) = 1               gap index i = 1               first prime 2               gap 1
a(2) = 2               gap index i = 2               first prime 3               gap 2
a(3) = 49              gap index i = 54              first prime 251             gap 6
a(4) > 1,164  (no run of length 4 begins at a prime <= 10,000)
ld 10000 1 1 1
ld 10000 1 2 203
ld 10000 1 4 202
ld 10000 1 6 190
ld 10000 1 8 101
ld 10000 1 10 119
ld 10000 1 12 93
ld 10000 1 14 54
ld 10000 1 16 33
ld 10000 1 18 40
ld 10000 1 20 15
ld 10000 1 22 16
ld 10000 1 24 15
ld 10000 1 26 3
ld 10000 1 28 5
ld 10000 1 30 11
ld 10000 1 32 1
ld 10000 1 34 3
ld 10000 1 36 1
ld 10000 2 2 1
ld 10000 2 6 44
ld 10000 2 12 6
ld 10000 3 6 7
--- cumulative totals for the primes <= 100,000 ---
primes <= 100,000 (pi)         9,592
equal adjacent gaps (E)   434  (4.5246% of the primes)
runs (= pi - E)           9,158
longest run               3
runs by length            1: 8,763 2: 356 3: 39
a(1) = 1               gap index i = 1               first prime 2               gap 1
a(2) = 2               gap index i = 2               first prime 3               gap 2
a(3) = 49              gap index i = 54              first prime 251             gap 6
a(4) > 9,158  (no run of length 4 begins at a prime <= 100,000)
ld 100000 1 1 1
ld 100000 1 2 1222
ld 100000 1 4 1215
ld 100000 1 6 1333
ld 100000 1 8 773
ld 100000 1 10 916
ld 100000 1 12 793
ld 100000 1 14 484
ld 100000 1 16 339
ld 100000 1 18 478
ld 100000 1 20 238
ld 100000 1 22 223
ld 100000 1 24 196
ld 100000 1 26 88
ld 100000 1 28 98
ld 100000 1 30 144
ld 100000 1 32 32
ld 100000 1 34 33
ld 100000 1 36 54
ld 100000 1 38 19
ld 100000 1 40 28
ld 100000 1 42 19
ld 100000 1 44 5
ld 100000 1 46 4
ld 100000 1 48 3
ld 100000 1 50 5
ld 100000 1 52 7
ld 100000 1 54 4
ld 100000 1 56 1
ld 100000 1 58 4
ld 100000 1 60 1
ld 100000 1 62 1
ld 100000 1 64 1
ld 100000 1 72 1
ld 100000 2 2 1
ld 100000 2 6 248
ld 100000 2 12 86
ld 100000 2 18 15
ld 100000 2 24 5
ld 100000 2 30 1
ld 100000 3 6 37
ld 100000 3 18 2
--- cumulative totals for the primes <= 1,000,000 ---
primes <= 1,000,000 (pi)         78,498
equal adjacent gaps (E)   2,994  (3.8141% of the primes)
runs (= pi - E)           75,504
longest run               3
runs by length            1: 72,739 2: 2,536 3: 229
a(1) = 1               gap index i = 1               first prime 2               gap 1
a(2) = 2               gap index i = 2               first prime 3               gap 2
a(3) = 49              gap index i = 54              first prime 251             gap 6
a(4) > 75,504  (no run of length 4 begins at a prime <= 1,000,000)
ld 1000000 1 1 1
ld 1000000 1 2 8167
ld 1000000 1 4 8143
ld 1000000 1 6 9880
ld 1000000 1 8 5569
ld 1000000 1 10 7079
ld 1000000 1 12 6662
ld 1000000 1 14 4233
ld 1000000 1 16 2881
ld 1000000 1 18 4389
ld 1000000 1 20 2402
ld 1000000 1 22 2172
ld 1000000 1 24 2538
ld 1000000 1 26 1175
ld 1000000 1 28 1234
ld 1000000 1 30 1847
ld 1000000 1 32 550
ld 1000000 1 34 557
ld 1000000 1 36 757
ld 1000000 1 38 330
ld 1000000 1 40 424
ld 1000000 1 42 472
ld 1000000 1 44 202
ld 1000000 1 46 155
ld 1000000 1 48 196
ld 1000000 1 50 106
ld 1000000 1 52 77
ld 1000000 1 54 140
ld 1000000 1 56 53
ld 1000000 1 58 54
ld 1000000 1 60 96
ld 1000000 1 62 16
ld 1000000 1 64 24
ld 1000000 1 66 48
ld 1000000 1 68 13
ld 1000000 1 70 22
ld 1000000 1 72 13
ld 1000000 1 74 12
ld 1000000 1 76 6
ld 1000000 1 78 13
ld 1000000 1 80 3
ld 1000000 1 82 5
ld 1000000 1 84 6
ld 1000000 1 86 4
ld 1000000 1 88 1
ld 1000000 1 90 4
ld 1000000 1 92 1
ld 1000000 1 96 2
ld 1000000 1 98 1
ld 1000000 1 100 2
ld 1000000 1 112 1
ld 1000000 1 114 1
ld 1000000 2 2 1
ld 1000000 2 6 1551
ld 1000000 2 12 634
ld 1000000 2 18 239
ld 1000000 2 24 72
ld 1000000 2 30 32
ld 1000000 2 36 5
ld 1000000 2 42 2
ld 1000000 3 6 189
ld 1000000 3 12 25
ld 1000000 3 18 14
ld 1000000 3 30 1
a(4) = 633,353         gap index i = 654,926         first prime 9,843,019       gap 30
--- cumulative totals for the primes <= 10,000,000 ---
primes <= 10,000,000 (pi)         664,579
equal adjacent gaps (E)   21,837  (3.2858% of the primes)
runs (= pi - E)           642,742
longest run               4
runs by length            1: 622,474 2: 18,700 3: 1,567 4: 1
a(1) = 1               gap index i = 1               first prime 2               gap 1
a(2) = 2               gap index i = 2               first prime 3               gap 2
a(3) = 49              gap index i = 54              first prime 251             gap 6
a(4) = 633,353         gap index i = 654,926         first prime 9,843,019       gap 30
a(5) > 642,742  (no run of length 5 begins at a prime <= 10,000,000)
ld 10000000 1 1 1
ld 10000000 1 2 58978
ld 10000000 1 4 58621
ld 10000000 1 6 76488
ld 10000000 1 8 42352
ld 10000000 1 10 54431
ld 10000000 1 12 54856
ld 10000000 1 14 35394
ld 10000000 1 16 25099
ld 10000000 1 18 39183
ld 10000000 1 20 22084
ld 10000000 1 22 19451
ld 10000000 1 24 25415
ld 10000000 1 26 12249
ld 10000000 1 28 13256
ld 10000000 1 30 20626
ld 10000000 1 32 6364
ld 10000000 1 34 6721
ld 10000000 1 36 9963
ld 10000000 1 38 4498
ld 10000000 1 40 5318
ld 10000000 1 42 7054
ld 10000000 1 44 2779
ld 10000000 1 46 2326
ld 10000000 1 48 3744
ld 10000000 1 50 2048
ld 10000000 1 52 1449
ld 10000000 1 54 2397
ld 10000000 1 56 1072
ld 10000000 1 58 1052
ld 10000000 1 60 1828
ld 10000000 1 62 543
ld 10000000 1 64 559
ld 10000000 1 66 973
ld 10000000 1 68 358
ld 10000000 1 70 524
ld 10000000 1 72 468
ld 10000000 1 74 218
ld 10000000 1 76 194
ld 10000000 1 78 362
ld 10000000 1 80 165
ld 10000000 1 82 100
ld 10000000 1 84 247
ld 10000000 1 86 66
ld 10000000 1 88 71
ld 10000000 1 90 141
ld 10000000 1 92 37
ld 10000000 1 94 39
ld 10000000 1 96 65
ld 10000000 1 98 29
ld 10000000 1 100 36
ld 10000000 1 102 34
ld 10000000 1 104 21
ld 10000000 1 106 12
ld 10000000 1 108 26
ld 10000000 1 110 11
ld 10000000 1 112 11
ld 10000000 1 114 11
ld 10000000 1 116 7
ld 10000000 1 118 4
ld 10000000 1 120 10
ld 10000000 1 122 3
ld 10000000 1 124 4
ld 10000000 1 126 8
ld 10000000 1 128 2
ld 10000000 1 130 1
ld 10000000 1 132 5
ld 10000000 1 134 1
ld 10000000 1 136 2
ld 10000000 1 138 2
ld 10000000 1 140 2
ld 10000000 1 146 1
ld 10000000 1 148 2
ld 10000000 1 152 1
ld 10000000 1 154 1
ld 10000000 2 2 1
ld 10000000 2 6 10059
ld 10000000 2 12 4883
ld 10000000 2 18 2172
ld 10000000 2 24 858
ld 10000000 2 30 527
ld 10000000 2 36 111
ld 10000000 2 42 63
ld 10000000 2 48 20
ld 10000000 2 54 3
ld 10000000 2 60 3
ld 10000000 3 6 1127
ld 10000000 3 12 297
ld 10000000 3 18 108
ld 10000000 3 24 13
ld 10000000 3 30 19
ld 10000000 3 36 3
ld 10000000 4 30 1
--- cumulative totals for the primes <= 100,000,000 ---
primes <= 100,000,000 (pi)         5,761,455
equal adjacent gaps (E)   167,032  (2.8991% of the primes)
runs (= pi - E)           5,594,423
longest run               4
runs by length            1: 5,437,618 2: 146,586 3: 10,211 4: 8
a(1) = 1               gap index i = 1               first prime 2               gap 1
a(2) = 2               gap index i = 2               first prime 3               gap 2
a(3) = 49              gap index i = 54              first prime 251             gap 6
a(4) = 633,353         gap index i = 654,926         first prime 9,843,019       gap 30
a(5) > 5,594,423  (no run of length 5 begins at a prime <= 100,000,000)
ld 100000000 1 1 1
ld 100000000 1 2 440310
ld 100000000 1 4 440257
ld 100000000 1 6 608558
ld 100000000 1 8 334180
ld 100000000 1 10 430016
ld 100000000 1 12 456135
ld 100000000 1 14 293201
ld 100000000 1 16 215804
ld 100000000 1 18 343584
ld 100000000 1 20 202922
ld 100000000 1 22 175945
ld 100000000 1 24 238900
ld 100000000 1 26 119465
ld 100000000 1 28 129567
ld 100000000 1 30 208044
ld 100000000 1 32 68291
ld 100000000 1 34 71248
ld 100000000 1 36 110764
ld 100000000 1 38 51756
ld 100000000 1 40 60761
ld 100000000 1 42 84372
ld 100000000 1 44 34881
ld 100000000 1 46 29327
ld 100000000 1 48 49165
ld 100000000 1 50 27522
ld 100000000 1 52 20595
ld 100000000 1 54 33331
ld 100000000 1 56 16595
ld 100000000 1 58 14611
ld 100000000 1 60 28203
ld 100000000 1 62 8496
ld 100000000 1 64 8823
ld 100000000 1 66 15523
ld 100000000 1 68 6200
ld 100000000 1 70 8813
ld 100000000 1 72 8437
ld 100000000 1 74 4316
ld 100000000 1 76 3580
ld 100000000 1 78 6782
ld 100000000 1 80 3281
ld 100000000 1 82 2362
ld 100000000 1 84 4662
ld 100000000 1 86 1597
ld 100000000 1 88 1637
ld 100000000 1 90 3323
ld 100000000 1 92 1083
ld 100000000 1 94 971
ld 100000000 1 96 1639
ld 100000000 1 98 851
ld 100000000 1 100 878
ld 100000000 1 102 1059
ld 100000000 1 104 494
ld 100000000 1 106 404
ld 100000000 1 108 711
ld 100000000 1 110 454
ld 100000000 1 112 330
ld 100000000 1 114 487
ld 100000000 1 116 191
ld 100000000 1 118 181
ld 100000000 1 120 433
ld 100000000 1 122 131
ld 100000000 1 124 145
ld 100000000 1 126 204
ld 100000000 1 128 76
ld 100000000 1 130 78
ld 100000000 1 132 132
ld 100000000 1 134 50
ld 100000000 1 136 40
ld 100000000 1 138 93
ld 100000000 1 140 57
ld 100000000 1 142 30
ld 100000000 1 144 51
ld 100000000 1 146 22
ld 100000000 1 148 34
ld 100000000 1 150 37
ld 100000000 1 152 20
ld 100000000 1 154 13
ld 100000000 1 156 23
ld 100000000 1 158 10
ld 100000000 1 160 11
ld 100000000 1 162 8
ld 100000000 1 164 5
ld 100000000 1 166 1
ld 100000000 1 168 8
ld 100000000 1 170 6
ld 100000000 1 172 1
ld 100000000 1 174 3
ld 100000000 1 176 5
ld 100000000 1 178 4
ld 100000000 1 180 4
ld 100000000 1 182 1
ld 100000000 1 184 1
ld 100000000 1 196 1
ld 100000000 1 198 1
ld 100000000 1 210 2
ld 100000000 1 220 1
ld 100000000 2 2 1
ld 100000000 2 6 70050
ld 100000000 2 12 37813
ld 100000000 2 18 19271
ld 100000000 2 24 9027
ld 100000000 2 30 7072
ld 100000000 2 36 1611
ld 100000000 2 42 1113
ld 100000000 2 48 328
ld 100000000 2 54 131
ld 100000000 2 60 118
ld 100000000 2 66 28
ld 100000000 2 72 8
ld 100000000 2 78 4
ld 100000000 2 84 3
ld 100000000 2 90 7
ld 100000000 2 96 1
ld 100000000 3 6 6698
ld 100000000 3 12 2207
ld 100000000 3 18 871
ld 100000000 3 24 198
ld 100000000 3 30 209
ld 100000000 3 36 14
ld 100000000 3 42 13
ld 100000000 3 48 1
ld 100000000 4 30 8
a(5) = 6,706,139       gap index i = 6,904,737       first prime 121,174,811     gap 30
--- cumulative totals for the primes <= 1,000,000,000 ---
primes <= 1,000,000,000 (pi)         50,847,534
equal adjacent gaps (E)   1,328,401  (2.6125% of the primes)
runs (= pi - E)           49,519,133
longest run               5
runs by length            1: 48,262,863 2: 1,184,224 3: 71,962 4: 83 5: 1
a(1) = 1               gap index i = 1               first prime 2               gap 1
a(2) = 2               gap index i = 2               first prime 3               gap 2
a(3) = 49              gap index i = 54              first prime 251             gap 6
a(4) = 633,353         gap index i = 654,926         first prime 9,843,019       gap 30
a(5) = 6,706,139       gap index i = 6,904,737       first prime 121,174,811     gap 30
a(6) > 49,519,133  (no run of length 6 begins at a prime <= 1,000,000,000)
ld 1000000000 1 1 1
ld 1000000000 1 2 3424504
ld 1000000000 1 4 3424679
ld 1000000000 1 6 4941987
ld 1000000000 1 8 2695109
ld 1000000000 1 10 3484767
ld 1000000000 1 12 3824919
ld 1000000000 1 14 2464565
ld 1000000000 1 16 1846097
ld 1000000000 1 18 2994690
ld 1000000000 1 20 1824043
ld 1000000000 1 22 1569679
ld 1000000000 1 24 2188350
ld 1000000000 1 26 1119585
ld 1000000000 1 28 1219243
ld 1000000000 1 30 2011755
ld 1000000000 1 32 683896
ld 1000000000 1 34 719531
ld 1000000000 1 36 1132886
ld 1000000000 1 38 548746
ld 1000000000 1 40 648780
ld 1000000000 1 42 923960
ld 1000000000 1 44 389634
ld 1000000000 1 46 334720
ld 1000000000 1 48 567471
ld 1000000000 1 50 328066
ld 1000000000 1 52 245804
ld 1000000000 1 54 405606
ld 1000000000 1 56 211462
ld 1000000000 1 58 181948
ld 1000000000 1 60 367198
ld 1000000000 1 62 115558
ld 1000000000 1 64 118951
ld 1000000000 1 66 215501
ld 1000000000 1 68 88396
ld 1000000000 1 70 125565
ld 1000000000 1 72 126198
ld 1000000000 1 74 62526
ld 1000000000 1 76 55113
ld 1000000000 1 78 105018
ld 1000000000 1 80 53522
ld 1000000000 1 82 37982
ld 1000000000 1 84 77897
ld 1000000000 1 86 27793
ld 1000000000 1 88 28878
ld 1000000000 1 90 57931
ld 1000000000 1 92 19282
ld 1000000000 1 94 17669
ld 1000000000 1 96 31042
ld 1000000000 1 98 16175
ld 1000000000 1 100 16900
ld 1000000000 1 102 22379
ld 1000000000 1 104 10310
ld 1000000000 1 106 8719
ld 1000000000 1 108 15449
ld 1000000000 1 110 9065
ld 1000000000 1 112 7139
ld 1000000000 1 114 10886
ld 1000000000 1 116 4710
ld 1000000000 1 118 4502
ld 1000000000 1 120 9617
ld 1000000000 1 122 2975
ld 1000000000 1 124 3136
ld 1000000000 1 126 5861
ld 1000000000 1 128 2043
ld 1000000000 1 130 2813
ld 1000000000 1 132 3510
ld 1000000000 1 134 1487
ld 1000000000 1 136 1297
ld 1000000000 1 138 2589
ld 1000000000 1 140 1516
ld 1000000000 1 142 953
ld 1000000000 1 144 1553
ld 1000000000 1 146 668
ld 1000000000 1 148 724
ld 1000000000 1 150 1486
ld 1000000000 1 152 506
ld 1000000000 1 154 583
ld 1000000000 1 156 798
ld 1000000000 1 158 306
ld 1000000000 1 160 360
ld 1000000000 1 162 534
ld 1000000000 1 164 247
ld 1000000000 1 166 182
ld 1000000000 1 168 443
ld 1000000000 1 170 198
ld 1000000000 1 172 158
ld 1000000000 1 174 255
ld 1000000000 1 176 128
ld 1000000000 1 178 106
ld 1000000000 1 180 200
ld 1000000000 1 182 80
ld 1000000000 1 184 89
ld 1000000000 1 186 101
ld 1000000000 1 188 33
ld 1000000000 1 190 63
ld 1000000000 1 192 74
ld 1000000000 1 194 32
ld 1000000000 1 196 41
ld 1000000000 1 198 73
ld 1000000000 1 200 28
ld 1000000000 1 202 23
ld 1000000000 1 204 46
ld 1000000000 1 206 13
ld 1000000000 1 208 18
ld 1000000000 1 210 48
ld 1000000000 1 212 12
ld 1000000000 1 214 11
ld 1000000000 1 216 15
ld 1000000000 1 218 6
ld 1000000000 1 220 12
ld 1000000000 1 222 11
ld 1000000000 1 224 6
ld 1000000000 1 226 6
ld 1000000000 1 228 3
ld 1000000000 1 230 3
ld 1000000000 1 232 1
ld 1000000000 1 234 13
ld 1000000000 1 236 5
ld 1000000000 1 238 1
ld 1000000000 1 240 5
ld 1000000000 1 242 4
ld 1000000000 1 244 2
ld 1000000000 1 246 4
ld 1000000000 1 248 4
ld 1000000000 1 250 4
ld 1000000000 1 252 1
ld 1000000000 1 260 1
ld 1000000000 1 276 1
ld 1000000000 1 282 1
ld 1000000000 2 2 1
ld 1000000000 2 6 509771
ld 1000000000 2 12 297413
ld 1000000000 2 18 166975
ld 1000000000 2 24 86214
ld 1000000000 2 30 78988
ld 1000000000 2 36 18944
ld 1000000000 2 42 14993
ld 1000000000 2 48 4855
ld 1000000000 2 54 2565
ld 1000000000 2 60 2295
ld 1000000000 2 66 643
ld 1000000000 2 72 231
ld 1000000000 2 78 146
ld 1000000000 2 84 90
ld 1000000000 2 90 63
ld 1000000000 2 96 18
ld 1000000000 2 102 7
ld 1000000000 2 108 5
ld 1000000000 2 114 3
ld 1000000000 2 120 2
ld 1000000000 2 126 1
ld 1000000000 2 144 1
ld 1000000000 3 6 42754
ld 1000000000 3 12 16404
ld 1000000000 3 18 7464
ld 1000000000 3 24 2232
ld 1000000000 3 30 2641
ld 1000000000 3 36 250
ld 1000000000 3 42 170
ld 1000000000 3 48 22
ld 1000000000 3 54 6
ld 1000000000 3 60 17
ld 1000000000 3 72 1
ld 1000000000 3 78 1
ld 1000000000 4 30 83
ld 1000000000 5 30 1
--- cumulative totals for the primes <= 10,000,000,000 ---
primes <= 10,000,000,000 (pi)         455,052,511
equal adjacent gaps (E)   10,801,518  (2.3737% of the primes)
runs (= pi - E)           444,250,993
longest run               5
runs by length            1: 433,972,598 2: 9,756,250 3: 521,186 4: 940 5: 19
a(1) = 1               gap index i = 1               first prime 2               gap 1
a(2) = 2               gap index i = 2               first prime 3               gap 2
a(3) = 49              gap index i = 54              first prime 251             gap 6
a(4) = 633,353         gap index i = 654,926         first prime 9,843,019       gap 30
a(5) = 6,706,139       gap index i = 6,904,737       first prime 121,174,811     gap 30
a(6) > 444,250,993  (no run of length 6 begins at a prime <= 10,000,000,000)
ld 10000000000 1 1 1
ld 10000000000 1 2 27412677
ld 10000000000 1 4 27409998
ld 10000000000 1 6 40909878
ld 10000000000 1 8 22160841
ld 10000000000 1 10 28764495
ld 10000000000 1 12 32491837
ld 10000000000 1 14 20943953
ld 10000000000 1 16 15888305
ld 10000000000 1 18 26157543
ld 10000000000 1 20 16296072
ld 10000000000 1 22 13954281
ld 10000000000 1 24 19838821
ld 10000000000 1 26 10347754
ld 10000000000 1 28 11287965
ld 10000000000 1 30 19013902
ld 10000000000 1 32 6641319
ld 10000000000 1 34 6996756
ld 10000000000 1 36 11162696
ld 10000000000 1 38 5517814
ld 10000000000 1 40 6576432
ld 10000000000 1 42 9552897
ld 10000000000 1 44 4106969
ld 10000000000 1 46 3580023
ld 10000000000 1 48 6118551
ld 10000000000 1 50 3607750
ld 10000000000 1 52 2742999
ld 10000000000 1 54 4551785
ld 10000000000 1 56 2431627
ld 10000000000 1 58 2096211
ld 10000000000 1 60 4330119
ld 10000000000 1 62 1409677
ld 10000000000 1 64 1434957
ld 10000000000 1 66 2657902
ld 10000000000 1 68 1114470
ld 10000000000 1 70 1597388
ld 10000000000 1 72 1645894
ld 10000000000 1 74 821015
ld 10000000000 1 76 740952
ld 10000000000 1 78 1418159
ld 10000000000 1 80 741798
ld 10000000000 1 82 530510
ld 10000000000 1 84 1106522
ld 10000000000 1 86 405566
ld 10000000000 1 88 422019
ld 10000000000 1 90 862605
ld 10000000000 1 92 295784
ld 10000000000 1 94 271435
ld 10000000000 1 96 483260
ld 10000000000 1 98 256434
ld 10000000000 1 100 268933
ld 10000000000 1 102 362401
ld 10000000000 1 104 168126
ld 10000000000 1 106 147930
ld 10000000000 1 108 260182
ld 10000000000 1 110 159634
ld 10000000000 1 112 125859
ld 10000000000 1 114 193789
ld 10000000000 1 116 84057
ld 10000000000 1 118 82505
ld 10000000000 1 120 177625
ld 10000000000 1 122 57117
ld 10000000000 1 124 58876
ld 10000000000 1 126 113101
ld 10000000000 1 128 41252
ld 10000000000 1 130 56413
ld 10000000000 1 132 72693
ld 10000000000 1 134 31326
ld 10000000000 1 136 28577
ld 10000000000 1 138 53746
ld 10000000000 1 140 34102
ld 10000000000 1 142 20263
ld 10000000000 1 144 35557
ld 10000000000 1 146 15289
ld 10000000000 1 148 16689
ld 10000000000 1 150 34979
ld 10000000000 1 152 11307
ld 10000000000 1 154 14163
ld 10000000000 1 156 19970
ld 10000000000 1 158 8328
ld 10000000000 1 160 10075
ld 10000000000 1 162 13264
ld 10000000000 1 164 6398
ld 10000000000 1 166 5488
ld 10000000000 1 168 12218
ld 10000000000 1 170 5948
ld 10000000000 1 172 3953
ld 10000000000 1 174 7275
ld 10000000000 1 176 3337
ld 10000000000 1 178 3045
ld 10000000000 1 180 6809
ld 10000000000 1 182 2639
ld 10000000000 1 184 2286
ld 10000000000 1 186 3683
ld 10000000000 1 188 1503
ld 10000000000 1 190 2299
ld 10000000000 1 192 2588
ld 10000000000 1 194 1165
ld 10000000000 1 196 1254
ld 10000000000 1 198 2123
ld 10000000000 1 200 1102
ld 10000000000 1 202 822
ld 10000000000 1 204 1427
ld 10000000000 1 206 649
ld 10000000000 1 208 677
ld 10000000000 1 210 1531
ld 10000000000 1 212 383
ld 10000000000 1 214 356
ld 10000000000 1 216 645
ld 10000000000 1 218 300
ld 10000000000 1 220 416
ld 10000000000 1 222 495
ld 10000000000 1 224 250
ld 10000000000 1 226 204
ld 10000000000 1 228 370
ld 10000000000 1 230 203
ld 10000000000 1 232 137
ld 10000000000 1 234 303
ld 10000000000 1 236 114
ld 10000000000 1 238 134
ld 10000000000 1 240 214
ld 10000000000 1 242 76
ld 10000000000 1 244 79
ld 10000000000 1 246 96
ld 10000000000 1 248 73
ld 10000000000 1 250 56
ld 10000000000 1 252 128
ld 10000000000 1 254 31
ld 10000000000 1 256 41
ld 10000000000 1 258 95
ld 10000000000 1 260 43
ld 10000000000 1 262 29
ld 10000000000 1 264 53
ld 10000000000 1 266 32
ld 10000000000 1 268 23
ld 10000000000 1 270 42
ld 10000000000 1 272 15
ld 10000000000 1 274 16
ld 10000000000 1 276 24
ld 10000000000 1 278 9
ld 10000000000 1 280 16
ld 10000000000 1 282 18
ld 10000000000 1 284 8
ld 10000000000 1 286 12
ld 10000000000 1 288 15
ld 10000000000 1 290 13
ld 10000000000 1 292 6
ld 10000000000 1 294 7
ld 10000000000 1 296 3
ld 10000000000 1 298 1
ld 10000000000 1 300 12
ld 10000000000 1 302 4
ld 10000000000 1 304 3
ld 10000000000 1 306 6
ld 10000000000 1 308 2
ld 10000000000 1 310 2
ld 10000000000 1 312 3
ld 10000000000 1 314 2
ld 10000000000 1 318 1
ld 10000000000 1 320 3
ld 10000000000 1 322 2
ld 10000000000 1 326 2
ld 10000000000 1 330 2
ld 10000000000 1 332 1
ld 10000000000 1 336 2
ld 10000000000 1 340 1
ld 10000000000 1 354 1
ld 10000000000 2 2 1
ld 10000000000 2 6 3816393
ld 10000000000 2 12 2366877
ld 10000000000 2 18 1425108
ld 10000000000 2 24 792520
ld 10000000000 2 30 800952
ld 10000000000 2 36 210790
ld 10000000000 2 42 179942
ld 10000000000 2 48 65456
ld 10000000000 2 54 37390
ld 10000000000 2 60 36962
ld 10000000000 2 66 11622
ld 10000000000 2 72 4583
ld 10000000000 2 78 3310
ld 10000000000 2 84 2129
ld 10000000000 2 90 1338
ld 10000000000 2 96 394
ld 10000000000 2 102 217
ld 10000000000 2 108 95
ld 10000000000 2 114 71
ld 10000000000 2 120 61
ld 10000000000 2 126 24
ld 10000000000 2 132 9
ld 10000000000 2 144 3
ld 10000000000 2 150 1
ld 10000000000 2 156 1
ld 10000000000 2 168 1
ld 10000000000 3 6 283353
ld 10000000000 3 12 120872
ld 10000000000 3 18 60644
ld 10000000000 3 24 21151
ld 10000000000 3 30 28927
ld 10000000000 3 36 3023
ld 10000000000 3 42 2246
ld 10000000000 3 48 444
ld 10000000000 3 54 200
ld 10000000000 3 60 277
ld 10000000000 3 66 30
ld 10000000000 3 72 8
ld 10000000000 3 78 7
ld 10000000000 3 84 3
ld 10000000000 3 90 1
ld 10000000000 4 30 937
ld 10000000000 4 60 3
ld 10000000000 5 30 19
--- cumulative totals for the primes <= 100,000,000,000 ---
primes <= 100,000,000,000 (pi)         4,118,054,813
equal adjacent gaps (E)   89,648,445  (2.1770% of the primes)
runs (= pi - E)           4,028,406,368
longest run               5
runs by length            1: 3,942,699,587 2: 81,775,964 3: 3,920,209 4: 10,369 5: 239
a(1) = 1               gap index i = 1               first prime 2               gap 1
a(2) = 2               gap index i = 2               first prime 3               gap 2
a(3) = 49              gap index i = 54              first prime 251             gap 6
a(4) = 633,353         gap index i = 654,926         first prime 9,843,019       gap 30
a(5) = 6,706,139       gap index i = 6,904,737       first prime 121,174,811     gap 30
a(6) > 4,028,406,368  (no run of length 6 begins at a prime <= 100,000,000,000)
ld 100000000000 1 1 1
ld 100000000000 1 2 224376046
ld 100000000000 1 4 224373160
ld 100000000000 1 6 344164187
ld 100000000000 1 8 185402143
ld 100000000000 1 10 241298621
ld 100000000000 1 12 279160480
ld 100000000000 1 14 179718000
ld 100000000000 1 16 137715130
ld 100000000000 1 18 229657880
ld 100000000000 1 20 145357801
ld 100000000000 1 22 124059643
ld 100000000000 1 24 179260792
ld 100000000000 1 26 94842256
ld 100000000000 1 28 103578486
ld 100000000000 1 30 177523292
ld 100000000000 1 32 63276295
ld 100000000000 1 34 66745265
ld 100000000000 1 36 107607289
ld 100000000000 1 38 54024702
ld 100000000000 1 40 64778166
ld 100000000000 1 42 95534834
ld 100000000000 1 44 41731672
ld 100000000000 1 46 36721672
ld 100000000000 1 48 63133089
ld 100000000000 1 50 37931633
ld 100000000000 1 52 29110017
ld 100000000000 1 54 48520722
ld 100000000000 1 56 26393893
ld 100000000000 1 58 22788376
ld 100000000000 1 60 47909329
ld 100000000000 1 62 15996645
ld 100000000000 1 64 16191513
ld 100000000000 1 66 30485670
ld 100000000000 1 68 13014024
ld 100000000000 1 70 18781144
ld 100000000000 1 72 19721382
ld 100000000000 1 74 9894134
ld 100000000000 1 76 9045284
ld 100000000000 1 78 17419930
ld 100000000000 1 80 9297902
ld 100000000000 1 82 6710732
ld 100000000000 1 84 14133171
ld 100000000000 1 86 5286056
ld 100000000000 1 88 5515262
ld 100000000000 1 90 11474260
ld 100000000000 1 92 3999903
ld 100000000000 1 94 3702704
ld 100000000000 1 96 6631499
ld 100000000000 1 98 3575334
ld 100000000000 1 100 3768377
ld 100000000000 1 102 5185670
ld 100000000000 1 104 2438342
ld 100000000000 1 106 2150689
ld 100000000000 1 108 3837796
ld 100000000000 1 110 2408320
ld 100000000000 1 112 1901120
ld 100000000000 1 114 2970117
ld 100000000000 1 116 1304852
ld 100000000000 1 118 1281209
ld 100000000000 1 120 2824911
ld 100000000000 1 122 932119
ld 100000000000 1 124 950525
ld 100000000000 1 126 1875249
ld 100000000000 1 128 688521
ld 100000000000 1 130 951137
ld 100000000000 1 132 1255399
ld 100000000000 1 134 539060
ld 100000000000 1 136 504434
ld 100000000000 1 138 945832
ld 100000000000 1 140 610589
ld 100000000000 1 142 369332
ld 100000000000 1 144 652813
ld 100000000000 1 146 287891
ld 100000000000 1 148 310055
ld 100000000000 1 150 663621
ld 100000000000 1 152 220450
ld 100000000000 1 154 274631
ld 100000000000 1 156 394561
ld 100000000000 1 158 168199
ld 100000000000 1 160 202074
ld 100000000000 1 162 269312
ld 100000000000 1 164 132725
ld 100000000000 1 166 117344
ld 100000000000 1 168 254487
ld 100000000000 1 170 126810
ld 100000000000 1 172 84647
ld 100000000000 1 174 160172
ld 100000000000 1 176 75607
ld 100000000000 1 178 68952
ld 100000000000 1 180 154003
ld 100000000000 1 182 62244
ld 100000000000 1 184 51620
ld 100000000000 1 186 87654
ld 100000000000 1 188 37289
ld 100000000000 1 190 53394
ld 100000000000 1 192 62834
ld 100000000000 1 194 29281
ld 100000000000 1 196 32118
ld 100000000000 1 198 53698
ld 100000000000 1 200 28100
ld 100000000000 1 202 20935
ld 100000000000 1 204 39009
ld 100000000000 1 206 16293
ld 100000000000 1 208 18087
ld 100000000000 1 210 41968
ld 100000000000 1 212 10936
ld 100000000000 1 214 10726
ld 100000000000 1 216 19193
ld 100000000000 1 218 8794
ld 100000000000 1 220 12305
ld 100000000000 1 222 14889
ld 100000000000 1 224 8229
ld 100000000000 1 226 5937
ld 100000000000 1 228 11803
ld 100000000000 1 230 6638
ld 100000000000 1 232 4830
ld 100000000000 1 234 8660
ld 100000000000 1 236 3596
ld 100000000000 1 238 4317
ld 100000000000 1 240 7773
ld 100000000000 1 242 2856
ld 100000000000 1 244 2522
ld 100000000000 1 246 4724
ld 100000000000 1 248 2099
ld 100000000000 1 250 2583
ld 100000000000 1 252 4021
ld 100000000000 1 254 1608
ld 100000000000 1 256 1397
ld 100000000000 1 258 2798
ld 100000000000 1 260 1694
ld 100000000000 1 262 1051
ld 100000000000 1 264 2085
ld 100000000000 1 266 1067
ld 100000000000 1 268 869
ld 100000000000 1 270 1873
ld 100000000000 1 272 579
ld 100000000000 1 274 655
ld 100000000000 1 276 1071
ld 100000000000 1 278 473
ld 100000000000 1 280 755
ld 100000000000 1 282 784
ld 100000000000 1 284 357
ld 100000000000 1 286 382
ld 100000000000 1 288 552
ld 100000000000 1 290 357
ld 100000000000 1 292 238
ld 100000000000 1 294 529
ld 100000000000 1 296 196
ld 100000000000 1 298 172
ld 100000000000 1 300 420
ld 100000000000 1 302 134
ld 100000000000 1 304 174
ld 100000000000 1 306 252
ld 100000000000 1 308 152
ld 100000000000 1 310 151
ld 100000000000 1 312 175
ld 100000000000 1 314 88
ld 100000000000 1 316 74
ld 100000000000 1 318 126
ld 100000000000 1 320 75
ld 100000000000 1 322 81
ld 100000000000 1 324 88
ld 100000000000 1 326 41
ld 100000000000 1 328 49
ld 100000000000 1 330 106
ld 100000000000 1 332 33
ld 100000000000 1 334 28
ld 100000000000 1 336 60
ld 100000000000 1 338 27
ld 100000000000 1 340 36
ld 100000000000 1 342 44
ld 100000000000 1 344 20
ld 100000000000 1 346 20
ld 100000000000 1 348 41
ld 100000000000 1 350 20
ld 100000000000 1 352 17
ld 100000000000 1 354 22
ld 100000000000 1 356 11
ld 100000000000 1 358 5
ld 100000000000 1 360 29
ld 100000000000 1 362 7
ld 100000000000 1 364 8
ld 100000000000 1 366 15
ld 100000000000 1 368 5
ld 100000000000 1 370 2
ld 100000000000 1 372 7
ld 100000000000 1 374 7
ld 100000000000 1 376 3
ld 100000000000 1 378 6
ld 100000000000 1 380 10
ld 100000000000 1 382 2
ld 100000000000 1 384 8
ld 100000000000 1 386 4
ld 100000000000 1 390 8
ld 100000000000 1 394 1
ld 100000000000 1 396 5
ld 100000000000 1 398 2
ld 100000000000 1 400 1
ld 100000000000 1 402 3
ld 100000000000 1 406 2
ld 100000000000 1 410 1
ld 100000000000 1 414 2
ld 100000000000 1 420 2
ld 100000000000 1 432 1
ld 100000000000 1 444 1
ld 100000000000 1 450 1
ld 100000000000 1 456 1
ld 100000000000 1 464 1
ld 100000000000 2 2 1
ld 100000000000 2 6 29273855
ld 100000000000 2 12 19042081
ld 100000000000 2 18 12115151
ld 100000000000 2 24 7181214
ld 100000000000 2 30 7782128
ld 100000000000 2 36 2203158
ld 100000000000 2 42 2015878
ld 100000000000 2 48 786541
ld 100000000000 2 54 477514
ld 100000000000 2 60 507520
ld 100000000000 2 66 172183
ld 100000000000 2 72 75006
ld 100000000000 2 78 56320
ld 100000000000 2 84 40082
ld 100000000000 2 90 27679
ld 100000000000 2 96 7700
ld 100000000000 2 102 5096
ld 100000000000 2 108 2452
ld 100000000000 2 114 1604
ld 100000000000 2 120 1528
ld 100000000000 2 126 609
ld 100000000000 2 132 284
ld 100000000000 2 138 153
ld 100000000000 2 144 81
ld 100000000000 2 150 89
ld 100000000000 2 156 23
ld 100000000000 2 162 10
ld 100000000000 2 168 15
ld 100000000000 2 174 1
ld 100000000000 2 180 3
ld 100000000000 2 186 1
ld 100000000000 2 192 2
ld 100000000000 2 198 2
ld 100000000000 3 6 1946127
ld 100000000000 3 12 909271
ld 100000000000 3 18 494505
ld 100000000000 3 24 193155
ld 100000000000 3 30 297150
ld 100000000000 3 36 34753
ld 100000000000 3 42 29756
ld 100000000000 3 48 6553
ld 100000000000 3 54 2992
ld 100000000000 3 60 4802
ld 100000000000 3 66 683
ld 100000000000 3 72 173
ld 100000000000 3 78 150
ld 100000000000 3 84 82
ld 100000000000 3 90 45
ld 100000000000 3 96 4
ld 100000000000 3 102 6
ld 100000000000 3 114 1
ld 100000000000 3 120 1
ld 100000000000 4 30 10326
ld 100000000000 4 60 43
ld 100000000000 5 30 239
--- cumulative totals for the primes <= 1,000,000,000,000 ---
primes <= 1,000,000,000,000 (pi)         37,607,912,018
equal adjacent gaps (E)   756,279,950  (2.0110% of the primes)
runs (= pi - E)           36,851,632,068
longest run               5
runs by length            1: 36,125,827,121 2: 695,436,736 3: 30,263,946 4: 101,738 5: 2,527
a(1) = 1               gap index i = 1               first prime 2               gap 1
a(2) = 2               gap index i = 2               first prime 3               gap 2
a(3) = 49              gap index i = 54              first prime 251             gap 6
a(4) = 633,353         gap index i = 654,926         first prime 9,843,019       gap 30
a(5) = 6,706,139       gap index i = 6,904,737       first prime 121,174,811     gap 30
a(6) > 36,851,632,068  (no run of length 6 begins at a prime <= 1,000,000,000,000)
ld 1000000000000 1 1 1
ld 1000000000000 1 2 1870585218
ld 1000000000000 1 4 1870585458
ld 1000000000000 1 6 2935615755
ld 1000000000000 1 8 1573331564
ld 1000000000000 1 10 2052293026
ld 1000000000000 1 12 2422622456
ld 1000000000000 1 14 1556469349
ld 1000000000000 1 16 1202533145
ld 1000000000000 1 18 2028405863
ld 1000000000000 1 20 1298682892
ld 1000000000000 1 22 1105634145
ld 1000000000000 1 24 1620262410
ld 1000000000000 1 26 866077378
ld 1000000000000 1 28 946685407
ld 1000000000000 1 30 1646855117
ld 1000000000000 1 32 596278790
ld 1000000000000 1 34 629634308
ld 1000000000000 1 36 1023760833
ld 1000000000000 1 38 520188423
ld 1000000000000 1 40 626694626
ld 1000000000000 1 42 935370783
ld 1000000000000 1 44 414087760
ld 1000000000000 1 46 366906343
ld 1000000000000 1 48 633969841
ld 1000000000000 1 50 386726112
ld 1000000000000 1 52 299020127
ld 1000000000000 1 54 500240609
ld 1000000000000 1 56 276101593
ld 1000000000000 1 58 238482555
ld 1000000000000 1 60 508710474
ld 1000000000000 1 62 173395125
ld 1000000000000 1 64 174696822
ld 1000000000000 1 66 333262252
ld 1000000000000 1 68 144475047
ld 1000000000000 1 70 209257685
ld 1000000000000 1 72 223104741
ld 1000000000000 1 74 112410088
ld 1000000000000 1 76 103953673
ld 1000000000000 1 78 201186723
ld 1000000000000 1 80 109107891
ld 1000000000000 1 82 79287666
ld 1000000000000 1 84 168273299
ld 1000000000000 1 86 63992940
ld 1000000000000 1 88 67022921
ld 1000000000000 1 90 141019220
ld 1000000000000 1 92 49878328
ld 1000000000000 1 94 46375798
ld 1000000000000 1 96 83712958
ld 1000000000000 1 98 45681754
ld 1000000000000 1 100 48416676
ld 1000000000000 1 102 67599230
ld 1000000000000 1 104 32081000
ld 1000000000000 1 106 28453407
ld 1000000000000 1 108 51219940
ld 1000000000000 1 110 32725321
ld 1000000000000 1 112 25883114
ld 1000000000000 1 114 40891607
ld 1000000000000 1 116 18184644
ld 1000000000000 1 118 17861383
ld 1000000000000 1 120 40002506
ld 1000000000000 1 122 13393628
ld 1000000000000 1 124 13680330
ld 1000000000000 1 126 27444630
ld 1000000000000 1 128 10204790
ld 1000000000000 1 130 14164551
ld 1000000000000 1 132 18959925
ld 1000000000000 1 134 8186821
ld 1000000000000 1 136 7752383
ld 1000000000000 1 138 14618856
ld 1000000000000 1 140 9609468
ld 1000000000000 1 142 5819992
ld 1000000000000 1 144 10409688
ld 1000000000000 1 146 4655756
ld 1000000000000 1 148 4989222
ld 1000000000000 1 150 10887051
ld 1000000000000 1 152 3691198
ld 1000000000000 1 154 4592590
ld 1000000000000 1 156 6660055
ld 1000000000000 1 158 2868282
ld 1000000000000 1 160 3483582
ld 1000000000000 1 162 4712091
ld 1000000000000 1 164 2319103
ld 1000000000000 1 166 2072360
ld 1000000000000 1 168 4550483
ld 1000000000000 1 170 2311246
ld 1000000000000 1 172 1559904
ld 1000000000000 1 174 2946843
ld 1000000000000 1 176 1417649
ld 1000000000000 1 178 1292735
ld 1000000000000 1 180 2928255
ld 1000000000000 1 182 1205323
ld 1000000000000 1 184 1000198
ld 1000000000000 1 186 1721168
ld 1000000000000 1 188 743368
ld 1000000000000 1 190 1053797
ld 1000000000000 1 192 1271060
ld 1000000000000 1 194 594685
ld 1000000000000 1 196 659941
ld 1000000000000 1 198 1123158
ld 1000000000000 1 200 591880
ld 1000000000000 1 202 439209
ld 1000000000000 1 204 831200
ld 1000000000000 1 206 351640
ld 1000000000000 1 208 381620
ld 1000000000000 1 210 924535
ld 1000000000000 1 212 246296
ld 1000000000000 1 214 241458
ld 1000000000000 1 216 439443
ld 1000000000000 1 218 203041
ld 1000000000000 1 220 282687
ld 1000000000000 1 222 347440
ld 1000000000000 1 224 194229
ld 1000000000000 1 226 144752
ld 1000000000000 1 228 284012
ld 1000000000000 1 230 162928
ld 1000000000000 1 232 118149
ld 1000000000000 1 234 220823
ld 1000000000000 1 236 91898
ld 1000000000000 1 238 113291
ld 1000000000000 1 240 204337
ld 1000000000000 1 242 75278
ld 1000000000000 1 244 66965
ld 1000000000000 1 246 123382
ld 1000000000000 1 248 56723
ld 1000000000000 1 250 68867
ld 1000000000000 1 252 108193
ld 1000000000000 1 254 42303
ld 1000000000000 1 256 38022
ld 1000000000000 1 258 74024
ld 1000000000000 1 260 46776
ld 1000000000000 1 262 30636
ld 1000000000000 1 264 60964
ld 1000000000000 1 266 30939
ld 1000000000000 1 268 24464
ld 1000000000000 1 270 54811
ld 1000000000000 1 272 18084
ld 1000000000000 1 274 18726
ld 1000000000000 1 276 33579
ld 1000000000000 1 278 14099
ld 1000000000000 1 280 22975
ld 1000000000000 1 282 24380
ld 1000000000000 1 284 11434
ld 1000000000000 1 286 12659
ld 1000000000000 1 288 18950
ld 1000000000000 1 290 11632
ld 1000000000000 1 292 8333
ld 1000000000000 1 294 17176
ld 1000000000000 1 296 6781
ld 1000000000000 1 298 6239
ld 1000000000000 1 300 14720
ld 1000000000000 1 302 4878
ld 1000000000000 1 304 4961
ld 1000000000000 1 306 9232
ld 1000000000000 1 308 5155
ld 1000000000000 1 310 5046
ld 1000000000000 1 312 6757
ld 1000000000000 1 314 2891
ld 1000000000000 1 316 2855
ld 1000000000000 1 318 5330
ld 1000000000000 1 320 3043
ld 1000000000000 1 322 2792
ld 1000000000000 1 324 3870
ld 1000000000000 1 326 1820
ld 1000000000000 1 328 1795
ld 1000000000000 1 330 4410
ld 1000000000000 1 332 1272
ld 1000000000000 1 334 1243
ld 1000000000000 1 336 2587
ld 1000000000000 1 338 1104
ld 1000000000000 1 340 1337
ld 1000000000000 1 342 1819
ld 1000000000000 1 344 796
ld 1000000000000 1 346 725
ld 1000000000000 1 348 1397
ld 1000000000000 1 350 948
ld 1000000000000 1 352 677
ld 1000000000000 1 354 1026
ld 1000000000000 1 356 461
ld 1000000000000 1 358 415
ld 1000000000000 1 360 1105
ld 1000000000000 1 362 336
ld 1000000000000 1 364 420
ld 1000000000000 1 366 602
ld 1000000000000 1 368 241
ld 1000000000000 1 370 355
ld 1000000000000 1 372 454
ld 1000000000000 1 374 260
ld 1000000000000 1 376 200
ld 1000000000000 1 378 405
ld 1000000000000 1 380 200
ld 1000000000000 1 382 142
ld 1000000000000 1 384 296
ld 1000000000000 1 386 146
ld 1000000000000 1 388 140
ld 1000000000000 1 390 287
ld 1000000000000 1 392 99
ld 1000000000000 1 394 112
ld 1000000000000 1 396 187
ld 1000000000000 1 398 74
ld 1000000000000 1 400 82
ld 1000000000000 1 402 115
ld 1000000000000 1 404 53
ld 1000000000000 1 406 55
ld 1000000000000 1 408 121
ld 1000000000000 1 410 47
ld 1000000000000 1 412 37
ld 1000000000000 1 414 80
ld 1000000000000 1 416 31
ld 1000000000000 1 418 30
ld 1000000000000 1 420 87
ld 1000000000000 1 422 21
ld 1000000000000 1 424 28
ld 1000000000000 1 426 30
ld 1000000000000 1 428 16
ld 1000000000000 1 430 28
ld 1000000000000 1 432 32
ld 1000000000000 1 434 21
ld 1000000000000 1 436 12
ld 1000000000000 1 438 29
ld 1000000000000 1 440 14
ld 1000000000000 1 442 10
ld 1000000000000 1 444 20
ld 1000000000000 1 446 10
ld 1000000000000 1 448 12
ld 1000000000000 1 450 19
ld 1000000000000 1 452 9
ld 1000000000000 1 454 8
ld 1000000000000 1 456 14
ld 1000000000000 1 458 4
ld 1000000000000 1 460 7
ld 1000000000000 1 462 12
ld 1000000000000 1 464 3
ld 1000000000000 1 466 2
ld 1000000000000 1 468 5
ld 1000000000000 1 470 4
ld 1000000000000 1 472 3
ld 1000000000000 1 474 10
ld 1000000000000 1 476 2
ld 1000000000000 1 478 2
ld 1000000000000 1 480 4
ld 1000000000000 1 484 2
ld 1000000000000 1 486 2
ld 1000000000000 1 490 1
ld 1000000000000 1 492 1
ld 1000000000000 1 494 2
ld 1000000000000 1 496 1
ld 1000000000000 1 498 2
ld 1000000000000 1 500 3
ld 1000000000000 1 504 2
ld 1000000000000 1 514 1
ld 1000000000000 1 516 2
ld 1000000000000 1 532 1
ld 1000000000000 1 534 1
ld 1000000000000 1 540 1
ld 1000000000000 2 2 1
ld 1000000000000 2 6 229282931
ld 1000000000000 2 12 155076678
ld 1000000000000 2 18 103067080
ld 1000000000000 2 24 64293374
ld 1000000000000 2 30 73738157
ld 1000000000000 2 36 22220299
ld 1000000000000 2 42 21329837
ld 1000000000000 2 48 8787034
ld 1000000000000 2 54 5614013
ld 1000000000000 2 60 6346295
ld 1000000000000 2 66 2292369
ld 1000000000000 2 72 1065141
ld 1000000000000 2 78 838968
ld 1000000000000 2 84 631895
ld 1000000000000 2 90 467185
ld 1000000000000 2 96 138039
ld 1000000000000 2 102 96303
ld 1000000000000 2 108 49601
ld 1000000000000 2 114 33497
ld 1000000000000 2 120 34516
ld 1000000000000 2 126 14994
ld 1000000000000 2 132 7486
ld 1000000000000 2 138 4225
ld 1000000000000 2 144 2183
ld 1000000000000 2 150 2484
ld 1000000000000 2 156 839
ld 1000000000000 2 162 440
ld 1000000000000 2 168 394
ld 1000000000000 2 174 176
ld 1000000000000 2 180 150
ld 1000000000000 2 186 59
ld 1000000000000 2 192 32
ld 1000000000000 2 198 28
ld 1000000000000 2 204 10
ld 1000000000000 2 210 14
ld 1000000000000 2 216 1
ld 1000000000000 2 222 4
ld 1000000000000 2 228 4
ld 1000000000000 3 6 13782204
ld 1000000000000 3 12 6940655
ld 1000000000000 3 18 4012098
ld 1000000000000 3 24 1720812
ld 1000000000000 3 30 2888412
ld 1000000000000 3 36 366309
ld 1000000000000 3 42 340613
ld 1000000000000 3 48 82096
ld 1000000000000 3 54 40376
ld 1000000000000 3 60 70270
ld 1000000000000 3 66 11390
ld 1000000000000 3 72 3111
ld 1000000000000 3 78 2459
ld 1000000000000 3 84 1540
ld 1000000000000 3 90 1283
ld 1000000000000 3 96 136
ld 1000000000000 3 102 90
ld 1000000000000 3 108 34
ld 1000000000000 3 114 22
ld 1000000000000 3 120 24
ld 1000000000000 3 126 10
ld 1000000000000 3 132 2
ld 1000000000000 4 30 101083
ld 1000000000000 4 60 648
ld 1000000000000 4 90 7
ld 1000000000000 5 30 2523
ld 1000000000000 5 60 4
--- totals for the primes in [0, 10,000,000,000,000]  (395.7 s, 2.53e+10 numbers/s) ---
primes <= 10,000,000,000,000 (pi)         346,065,536,839
equal adjacent gaps (E)   6,470,105,925  (1.8696% of the primes)
runs (= pi - E)           339,595,430,914
longest run               5
runs by length            1: 333,366,453,054 2: 5,988,869,536 3: 239,112,966 4: 970,975 5: 24,383
a(1) = 1               gap index i = 1               first prime 2               gap 1
a(2) = 2               gap index i = 2               first prime 3               gap 2
a(3) = 49              gap index i = 54              first prime 251             gap 6
a(4) = 633,353         gap index i = 654,926         first prime 9,843,019       gap 30
a(5) = 6,706,139       gap index i = 6,904,737       first prime 121,174,811     gap 30
a(6) > 339,595,430,914  (no run of length 6 begins at a prime <= 10,000,000,000,000)
ld 10000000000000 1 1 1
ld 10000000000000 1 2 15834664870
ld 10000000000000 1 4 15834656002
ld 10000000000000 1 6 25331422649
ld 10000000000000 1 8 13515180171
ld 10000000000000 1 10 17663498098
ld 10000000000000 1 12 21214770870
ld 10000000000000 1 14 13597962107
ld 10000000000000 1 16 10576414202
ld 10000000000000 1 18 18020691925
ld 10000000000000 1 20 11638466683
ld 10000000000000 1 22 9888091790
ld 10000000000000 1 24 14671372377
ld 10000000000000 1 26 7902711871
ld 10000000000000 1 28 8643973155
ld 10000000000000 1 30 15233179273
ld 10000000000000 1 32 5582122930
ld 10000000000000 1 34 5900013825
ld 10000000000000 1 36 9662198686
ld 10000000000000 1 38 4957098874
ld 10000000000000 1 40 5994718578
ld 10000000000000 1 42 9038618813
ld 10000000000000 1 44 4043811134
ld 10000000000000 1 46 3604148124
ld 10000000000000 1 48 6253115785
ld 10000000000000 1 50 3862450797
ld 10000000000000 1 52 3003793520
ld 10000000000000 1 54 5040659304
ld 10000000000000 1 56 2816219685
ld 10000000000000 1 58 2433024862
ld 10000000000000 1 60 5249883658
ld 10000000000000 1 62 1820731588
ld 10000000000000 1 64 1827362938
ld 10000000000000 1 66 3522062620
ld 10000000000000 1 68 1546597364
ld 10000000000000 1 70 2247338579
ld 10000000000000 1 72 2424770162
ld 10000000000000 1 74 1226908425
ld 10000000000000 1 76 1145793024
ld 10000000000000 1 78 2224618471
ld 10000000000000 1 80 1222788009
ld 10000000000000 1 82 893260674
ld 10000000000000 1 84 1907473615
ld 10000000000000 1 86 735150149
ld 10000000000000 1 88 772368605
ld 10000000000000 1 90 1640281977
ld 10000000000000 1 92 587201625
ld 10000000000000 1 94 548095541
ld 10000000000000 1 96 995734507
ld 10000000000000 1 98 548858040
ld 10000000000000 1 100 584268567
ld 10000000000000 1 102 825242803
ld 10000000000000 1 104 394492758
ld 10000000000000 1 106 351669276
ld 10000000000000 1 108 637668398
ld 10000000000000 1 110 413181898
ld 10000000000000 1 112 327700129
ld 10000000000000 1 114 522101639
ld 10000000000000 1 116 234398970
ld 10000000000000 1 118 230302500
ld 10000000000000 1 120 523042445
ld 10000000000000 1 122 177333152
ld 10000000000000 1 124 181174317
ld 10000000000000 1 126 367913686
ld 10000000000000 1 128 138379585
ld 10000000000000 1 130 192891055
ld 10000000000000 1 132 261112446
ld 10000000000000 1 134 113357312
ld 10000000000000 1 136 108328192
ld 10000000000000 1 138 204995293
ld 10000000000000 1 140 136684236
ld 10000000000000 1 142 83101585
ld 10000000000000 1 144 150060726
ld 10000000000000 1 146 67926519
ld 10000000000000 1 148 72284291
ld 10000000000000 1 150 160415244
ld 10000000000000 1 152 55183966
ld 10000000000000 1 154 68766000
ld 10000000000000 1 156 100751560
ld 10000000000000 1 158 43733848
ld 10000000000000 1 160 53520200
ld 10000000000000 1 162 73026281
ld 10000000000000 1 164 36119026
ld 10000000000000 1 166 32520530
ld 10000000000000 1 168 71942571
ld 10000000000000 1 170 37065390
ld 10000000000000 1 172 25212078
ld 10000000000000 1 174 47854454
ld 10000000000000 1 176 23221579
ld 10000000000000 1 178 21211627
ld 10000000000000 1 180 48681214
ld 10000000000000 1 182 20381260
ld 10000000000000 1 184 16829486
ld 10000000000000 1 186 29353567
ld 10000000000000 1 188 12832980
ld 10000000000000 1 190 18141708
ld 10000000000000 1 192 22229567
ld 10000000000000 1 194 10484617
ld 10000000000000 1 196 11680741
ld 10000000000000 1 198 20084905
ld 10000000000000 1 200 10694134
ld 10000000000000 1 202 7943753
ld 10000000000000 1 204 15209290
ld 10000000000000 1 206 6496216
ld 10000000000000 1 208 7044631
ld 10000000000000 1 210 17352962
ld 10000000000000 1 212 4700828
ld 10000000000000 1 214 4635033
ld 10000000000000 1 216 8463665
ld 10000000000000 1 218 3939160
ld 10000000000000 1 220 5535299
ld 10000000000000 1 222 6866010
ld 10000000000000 1 224 3844816
ld 10000000000000 1 226 2888868
ld 10000000000000 1 228 5731832
ld 10000000000000 1 230 3326329
ld 10000000000000 1 232 2424688
ld 10000000000000 1 234 4579608
ld 10000000000000 1 236 1938920
ld 10000000000000 1 238 2364904
ld 10000000000000 1 240 4342106
ld 10000000000000 1 242 1616463
ld 10000000000000 1 244 1435076
ld 10000000000000 1 246 2678301
ld 10000000000000 1 248 1245699
ld 10000000000000 1 250 1527319
ld 10000000000000 1 252 2412744
ld 10000000000000 1 254 946839
ld 10000000000000 1 256 861641
ld 10000000000000 1 258 1685156
ld 10000000000000 1 260 1073966
ld 10000000000000 1 262 705890
ld 10000000000000 1 264 1422956
ld 10000000000000 1 266 720042
ld 10000000000000 1 268 577334
ld 10000000000000 1 270 1315884
ld 10000000000000 1 272 440944
ld 10000000000000 1 274 453445
ld 10000000000000 1 276 826090
ld 10000000000000 1 278 352338
ld 10000000000000 1 280 562010
ld 10000000000000 1 282 616640
ld 10000000000000 1 284 290572
ld 10000000000000 1 286 321516
ld 10000000000000 1 288 495479
ld 10000000000000 1 290 308125
ld 10000000000000 1 292 217409
ld 10000000000000 1 294 460605
ld 10000000000000 1 296 176788
ld 10000000000000 1 298 168438
ld 10000000000000 1 300 397745
ld 10000000000000 1 302 133657
ld 10000000000000 1 304 135760
ld 10000000000000 1 306 254326
ld 10000000000000 1 308 141114
ld 10000000000000 1 310 143495
ld 10000000000000 1 312 196640
ld 10000000000000 1 314 83540
ld 10000000000000 1 316 81852
ld 10000000000000 1 318 152774
ld 10000000000000 1 320 86576
ld 10000000000000 1 322 80649
ld 10000000000000 1 324 115714
ld 10000000000000 1 326 53924
ld 10000000000000 1 328 54217
ld 10000000000000 1 330 134482
ld 10000000000000 1 332 39948
ld 10000000000000 1 334 39195
ld 10000000000000 1 336 83414
ld 10000000000000 1 338 34344
ld 10000000000000 1 340 42618
ld 10000000000000 1 342 56678
ld 10000000000000 1 344 26302
ld 10000000000000 1 346 23341
ld 10000000000000 1 348 46304
ld 10000000000000 1 350 31343
ld 10000000000000 1 352 20920
ld 10000000000000 1 354 34463
ld 10000000000000 1 356 15308
ld 10000000000000 1 358 15571
ld 10000000000000 1 360 35915
ld 10000000000000 1 362 12004
ld 10000000000000 1 364 14875
ld 10000000000000 1 366 21208
ld 10000000000000 1 368 10354
ld 10000000000000 1 370 12422
ld 10000000000000 1 372 17124
ld 10000000000000 1 374 9131
ld 10000000000000 1 376 7502
ld 10000000000000 1 378 15960
ld 10000000000000 1 380 7942
ld 10000000000000 1 382 5525
ld 10000000000000 1 384 10356
ld 10000000000000 1 386 4707
ld 10000000000000 1 388 4766
ld 10000000000000 1 390 11576
ld 10000000000000 1 392 4166
ld 10000000000000 1 394 3524
ld 10000000000000 1 396 6865
ld 10000000000000 1 398 2812
ld 10000000000000 1 400 3733
ld 10000000000000 1 402 5013
ld 10000000000000 1 404 2287
ld 10000000000000 1 406 2702
ld 10000000000000 1 408 4134
ld 10000000000000 1 410 2440
ld 10000000000000 1 412 1774
ld 10000000000000 1 414 3290
ld 10000000000000 1 416 1457
ld 10000000000000 1 418 1626
ld 10000000000000 1 420 3724
ld 10000000000000 1 422 1059
ld 10000000000000 1 424 994
ld 10000000000000 1 426 1836
ld 10000000000000 1 428 890
ld 10000000000000 1 430 1061
ld 10000000000000 1 432 1494
ld 10000000000000 1 434 880
ld 10000000000000 1 436 623
ld 10000000000000 1 438 1192
ld 10000000000000 1 440 752
ld 10000000000000 1 442 635
ld 10000000000000 1 444 983
ld 10000000000000 1 446 392
ld 10000000000000 1 448 514
ld 10000000000000 1 450 990
ld 10000000000000 1 452 277
ld 10000000000000 1 454 321
ld 10000000000000 1 456 623
ld 10000000000000 1 458 245
ld 10000000000000 1 460 343
ld 10000000000000 1 462 566
ld 10000000000000 1 464 208
ld 10000000000000 1 466 186
ld 10000000000000 1 468 383
ld 10000000000000 1 470 221
ld 10000000000000 1 472 136
ld 10000000000000 1 474 296
ld 10000000000000 1 476 170
ld 10000000000000 1 478 124
ld 10000000000000 1 480 260
ld 10000000000000 1 482 78
ld 10000000000000 1 484 89
ld 10000000000000 1 486 159
ld 10000000000000 1 488 82
ld 10000000000000 1 490 121
ld 10000000000000 1 492 126
ld 10000000000000 1 494 62
ld 10000000000000 1 496 59
ld 10000000000000 1 498 134
ld 10000000000000 1 500 67
ld 10000000000000 1 502 38
ld 10000000000000 1 504 103
ld 10000000000000 1 506 48
ld 10000000000000 1 508 36
ld 10000000000000 1 510 80
ld 10000000000000 1 512 24
ld 10000000000000 1 514 24
ld 10000000000000 1 516 55
ld 10000000000000 1 518 29
ld 10000000000000 1 520 30
ld 10000000000000 1 522 32
ld 10000000000000 1 524 20
ld 10000000000000 1 526 17
ld 10000000000000 1 528 28
ld 10000000000000 1 530 24
ld 10000000000000 1 532 12
ld 10000000000000 1 534 20
ld 10000000000000 1 536 10
ld 10000000000000 1 538 10
ld 10000000000000 1 540 29
ld 10000000000000 1 542 9
ld 10000000000000 1 544 11
ld 10000000000000 1 546 17
ld 10000000000000 1 548 10
ld 10000000000000 1 550 7
ld 10000000000000 1 552 11
ld 10000000000000 1 554 4
ld 10000000000000 1 556 3
ld 10000000000000 1 558 7
ld 10000000000000 1 560 6
ld 10000000000000 1 562 4
ld 10000000000000 1 564 10
ld 10000000000000 1 566 3
ld 10000000000000 1 568 2
ld 10000000000000 1 570 5
ld 10000000000000 1 572 4
ld 10000000000000 1 574 3
ld 10000000000000 1 576 4
ld 10000000000000 1 578 2
ld 10000000000000 1 580 1
ld 10000000000000 1 582 2
ld 10000000000000 1 584 2
ld 10000000000000 1 586 4
ld 10000000000000 1 588 3
ld 10000000000000 1 592 1
ld 10000000000000 1 594 4
ld 10000000000000 1 598 2
ld 10000000000000 1 600 1
ld 10000000000000 1 602 1
ld 10000000000000 1 604 2
ld 10000000000000 1 610 2
ld 10000000000000 1 616 1
ld 10000000000000 1 618 1
ld 10000000000000 1 620 1
ld 10000000000000 1 636 1
ld 10000000000000 1 648 1
ld 10000000000000 1 650 2
ld 10000000000000 1 652 1
ld 10000000000000 1 674 1
ld 10000000000000 2 2 1
ld 10000000000000 2 6 1828634152
ld 10000000000000 2 12 1277695823
ld 10000000000000 2 18 880090721
ld 10000000000000 2 24 572526069
ld 10000000000000 2 30 687899387
ld 10000000000000 2 36 218030848
ld 10000000000000 2 42 217628853
ld 10000000000000 2 48 93773525
ld 10000000000000 2 54 62468642
ld 10000000000000 2 60 74254002
ld 10000000000000 2 66 28277934
ld 10000000000000 2 72 13814510
ld 10000000000000 2 78 11327199
ld 10000000000000 2 84 8927617
ld 10000000000000 2 90 6956903
ld 10000000000000 2 96 2156963
ld 10000000000000 2 102 1574432
ld 10000000000000 2 108 858792
ld 10000000000000 2 114 607746
ld 10000000000000 2 120 653286
ld 10000000000000 2 126 299581
ld 10000000000000 2 132 152977
ld 10000000000000 2 138 90445
ld 10000000000000 2 144 49760
ld 10000000000000 2 150 60360
ld 10000000000000 2 156 20824
ld 10000000000000 2 162 11613
ld 10000000000000 2 168 10864
ld 10000000000000 2 174 5084
ld 10000000000000 2 180 5433
ld 10000000000000 2 186 1769
ld 10000000000000 2 192 993
ld 10000000000000 2 198 801
ld 10000000000000 2 204 466
ld 10000000000000 2 210 712
ld 10000000000000 2 216 154
ld 10000000000000 2 222 94
ld 10000000000000 2 228 76
ld 10000000000000 2 234 49
ld 10000000000000 2 240 35
ld 10000000000000 2 246 11
ld 10000000000000 2 252 13
ld 10000000000000 2 258 8
ld 10000000000000 2 264 3
ld 10000000000000 2 270 4
ld 10000000000000 2 276 1
ld 10000000000000 2 300 1
ld 10000000000000 3 6 100334899
ld 10000000000000 3 12 53709156
ld 10000000000000 3 18 32608455
ld 10000000000000 3 24 15110248
ld 10000000000000 3 30 27245743
ld 10000000000000 3 36 3704962
ld 10000000000000 3 42 3699647
ld 10000000000000 3 48 955081
ld 10000000000000 3 54 496350
ld 10000000000000 3 60 935514
ld 10000000000000 3 66 163442
ld 10000000000000 3 72 49241
ld 10000000000000 3 78 39847
ld 10000000000000 3 84 27562
ld 10000000000000 3 90 25435
ld 10000000000000 3 96 3068
ld 10000000000000 3 102 2006
ld 10000000000000 3 108 779
ld 10000000000000 3 114 454
ld 10000000000000 3 120 769
ld 10000000000000 3 126 187
ld 10000000000000 3 132 50
ld 10000000000000 3 138 31
ld 10000000000000 3 144 10
ld 10000000000000 3 150 24
ld 10000000000000 3 156 5
ld 10000000000000 3 168 1
ld 10000000000000 4 30 961277
ld 10000000000000 4 60 9618
ld 10000000000000 4 90 79
ld 10000000000000 4 120 1
ld 10000000000000 5 30 24315
ld 10000000000000 5 60 67
ld 10000000000000 5 90 1
