# A007633: Palindromic in bases 3 and 10.
# complete for all terms < 10^49 (dbpal exhaustive search)
1 0
2 1
3 2
4 4
5 8
6 121
7 151
8 212
9 242
10 484
11 656
12 757
13 29092
14 48884
15 74647
16 75457
17 76267
18 92929
19 93739
20 848848
21 1521251
22 2985892
23 4022204
24 4219124
25 4251524
26 4287824
27 5737375
28 7875787
29 7949497
30 27711772
31 83155138
32 112969211
33 123464321
34 211131112
35 239060932
36 387505783
37 520080025
38 885626588
39 2518338152
40 58049094085
41 81234543218
42 2121010101212
43 4320048400234
44 4657098907564
45 4978471748794
46 5972209022795
47 6852190912586
48 69490044009496
49 438222212222834
50 534174353471435
51 1984267447624891
52 21075228182257012
53 21669625852696612
54 65192854245829156
55 248480984489084842
56 354164182281461453
57 424676146641676424
58 659295875578592956
59 2283864176714683822
60 2746827231327286472
61 3195269530359625913
62 4054962560652694504
63 6942498569658942496
64 17706590033009560771
65 65691169644696119656
66 125556514464415655521
67 134137835777538731431
68 277444488080884444772
69 671028608646806820176
70 821697400030004796128
71 2874264042112404624782
72 12241986986968968914221
73 26365450743834705456362
74 29397375542624557379392
75 2374753005689865003574732
76 9642841107132317011482469
77 257160526533868335625061752
78 428897678921565129876798824
79 928575310697090796013575829
80 2315306525204994025256035132
81 2395752597285555827952575932
82 4249074173260990623714709424
83 40762425457540604575452426704
84 89495329363838483836392359498
85 93265526553267576235562556239
86 582372115009328823900511273285
87 1088440733527731377253370448801
88 2123333325438127218345233333212
89 2159267986973772773796897629512
90 2355388672836790976382768835532
91 2947535375768048408675735357492
92 4726917974209005009024797196274
93 5499318374552573752554738139945
94 6203642540397732377930452463026
95 8067523603279358539723063257608
96 599076755164336111633461557670995
97 700589645299133727331992546985007
98 2171197273742397777932473727911712
99 3437305879505466886645059785037343
100 24152624449022711611722094442625142
101 47096599935251001510015253999569074
102 229091051215055957759550512150190922
103 258536270793179408804971397072635852
104 417993955315996492294699513559399714
105 425360399438106370073601834993063524
106 580249884396476425524674693488942085
107 2045497334224684968694864224337945402
108 2999107112484156435346514842117019992
109 4652081067260106987896010627601802564
110 17842906321599943222234999512360924871
111 278778725733056400151004650337527877872
112 396314358479080149353941080974853413693
113 418716360081219105404501912180063617814
114 422258206118029899212998920811602852224
115 865451221400237580979085732004122154568
116 3222780971584885372662735884851790872223
117 3723835261455740052442500475541625383273
118 22466404849993021927572912039994840466422
119 23377190559114477125352177441195509177332
120 46197276142663851754245715836624167279164
121 61414456229060014394949341006092265441416
122 84005835019035443348484334453091053850048
123 86198475285063317412521471336058257489168
124 88232148482016325069396052361028484123288
125 404141005277121641711117146121772500141404
126 806798920165850896315513698058561029897608
127 1003760752370220438064608340220732570673001
128 1640035703337228442054502448227333075300461
129 8047835340564156054226224506514650435387408
130 44290686227997908628266282680979972268609244
131 101557391136036949450404054949630631193755101
132 231242584463192352743505347253291364485242132
133 232634489093028141840242048141820390984436232
134 1844690584928843839002112009383488294850964481
135 6536178488475825588170660718855285748848716356
136 14920314246455143844691519644834155464241302941
137 42797999695110497707852025870779401159699979724
138 48105236043533460403883138830406433534063250184
139 124458718612960018220428824022810069216817854421
140 254370707068945709669105501966907549860707073452
141 467133988768016052615331133516250610867889331764
142 467135700672249611548285582845116942276007531764
143 926106414507492195751064460157591294705414601629
144 1257761522960620942257046407522490260692251677521
145 4041214683295952053826211126283502595923864121404
146 4054143930430067149740681860479417600340393414504
147 5831868009594752801215340435121082574959008681385
148 6419025021058648449848194918489448468501205209146
149 7312953677222828045531909091355408282227763592137
150 8312993012239535645027467647205465359322103992138
