# A029970: Numbers that are palindromic in bases 10 and 15.
# complete for all terms < 15^49 (dbpal exhaustive search)
1 0
2 1
3 2
4 3
5 4
6 5
7 6
8 7
9 8
10 9
11 11
12 828
13 858
14 888
15 919
16 949
17 979
18 1551
19 2772
20 23632
21 25552
22 60106
23 67576
24 465564
25 477774
26 489984
27 515515
28 527725
29 17577571
30 26144162
31 28300382
32 39399393
33 47999974
34 69455496
35 2118008112
36 8050880508
37 8052662508
38 8083223808
39 17406960471
40 20281518202
41 615221122516
42 692465564296
43 1131018101311
44 1131877781311
45 5938567658395
46 6498343438946
47 6498409048946
48 6624024204266
49 6624883884266
50 6637917197366
51 6799415149976
52 6907268627096
53 6908732378096
54 7073152513707
55 7073218123707
56 7305480845037
57 7485535355847
58 8004830384008
59 40700399300704
60 42629999992624
61 141527282725141
62 283652313256382
63 284111151111482
64 74712663536621747
65 74712906560921747
66 74713184748131747
67 74940172027104947
68 194176722227671491
69 427791895598197724
70 4038582985892858304
71 6736942564652496376
72 6747920044400297476
73 89551457844875415598
74 637223253909352322736
75 637477940656049774736
76 16257555683438655575261
77 17173183047874038137171
78 17215321150905112351271
79 17686788963236988768671
80 2331266282958592826621332
81 2430947083422243807490342
82 2509825693739373965289052
83 4669468757735377578649664
84 4849039925419145299309484
85 4849039926081806299309484
86 4923326192119112916233294
87 6731977278048408727791376
88 104044592149404941295440401
89 135161964901080109469161531
90 863047633478586685874336740368
91 863098167079329923970761890368
92 865592888627805508726888295568
93 6302046273511804081153726402036
94 6663858995860188810685998583666
95 32050202833356166165333820205023
96 658173231572857909758275132371856
97 2033482880217142662417120882843302
98 4029381831399520110259931381839204
99 10010751835197275757279153815701001
100 1232682828202175856585712028282862321
101 1299678150037532523252357300518769921
102 2401720184706483985893846074810271042
103 2464771698432245335335422348961774642
104 2465317254219799331339979124527135642
105 367047203696476366303663674696302740763
106 377040997185785660313066587581799040773
107 377984512498852558090855258894215489773
108 422514634668141175646571141866436415224
109 671801876943677750717057776349678108176
110 671823954129176475898574671921459328176
111 671834994278921128575821129872499438176
112 679264379358779716545617977853973462976
113 12241266882931618475057481613928866214221
114 14226065933985680062226008658933956062241
115 33994071183638552794449725583638117049933
116 33994187902770321977277912307720978149933
117 37963940845267443789998734476254804936973
118 41920148839704735190209153740793884102914
119 43476297490583055293039255038509479267434
120 43477566665590606240804260609556666577434
121 45510562526002552529392525520062526501554
122 47424007549523661499899416632594570042474
123 47426320571915935299499253951917502362474
124 47437072087760211345754311206778027073474
125 51748573053553945810601854935535037584715
126 53291258221416930948584903961412285219235
127 53400666521618358526062585381612566600435
128 55314112924305144162226144150342921141355
129 61191830686231530097779003513268603819116
130 61300371651563920277877202936515617300316
131 61301586312778432407070423487721368510316
132 63189755870037995393539359973007855798136
133 63227812479435504906060940553497421872236
134 65161924913047476557875567474031942916156
135 71078758367658649956465994685676385787017
136 82992505544940398176067189304944550529928
137 90881409587860643838983834606878590418809
138 90942344688510477919191977401588644324909
139 94520737028846263499599436264882073702549
140 96507745312885373358385337358821354770569
141 96900855235223570357275307532253255800969
142 107792250875139264790097462931578052297701
143 107995961091435695374473596534190169599701
144 8488588220370403475859585743040730228858848
145 13833681001340098671366317689004310018633831
146 14503751611726669302277220396662711615730541
147 27552551959306711307311370311760395915525572
148 230014258241955394711656117493559142852410032
149 230658443628970828810989018828079826344856032
150 460618618610099447028626820744990016816816064
151 634860930009172956574575475659271900039068436
152 4541683541432052133368008633312502341453861454
153 4657079518550088882627997262888800558159707564
154 171406185939981800681537735186008189939581604171
155 361981166246135992497447744794299531642661189163
156 553728108563772654890410014098456277365801827355
157 896143880309917027143904409341720719903088341698
158 896145176194862611322527725223116268491671541698
159 1316215993652076998894751574988996702563995126131
160 70530284328964043105634311343650134046982348203507
161 70716531989338480662789344398726608483398913561707
162 70737771563983487209706655660790278438936517773707
163 70968848851436228096979700797969082263415884886907
164 155425404269069765437263282362734567960962404524551
165 155463156426945627281966797669182726549624651364551
166 155463156477519889443237474732344988915774651364551
167 161280997592017174954025272520459471710295799082161
168 162499876047098520146644454446641025890740678994261
169 162531246037915932059838060838950239519730642135261
170 338080355086022733342323444323243337220680553080833
171 696702528108592538744307595703447835295801825207696
172 2785688671819562165323790000973235612659181768865872
173 11043679815653369478433128482133487496335651897634011
174 59490430270903624366378970307987366342630907203409495
175 59671005162536981750909590809590905718963526150017695
176 63664936318792414681177934143977118641429781363946636
177 66102597828666100031817573237571813000166682879520166
178 66418840069840343965482738283728456934304896004881466
179 66418842368601253477975840604857977435210686324881466
180 70186200471845066425723856865832752466054817400268107
181 71941426916531465895726765656762759856413561962414917
182 238626158097608942601599569965995106249806790851626832
183 2579051618603452242343223544453223432422543068161509752
184 2778044361265261593536503969693056353951625621634408772
185 2785614035282168649076568800088656709468612825304165872
186 2790006324299890055070892464642980705500989924236000972
187 14457937420542090614221280922908212241609024502473975441
188 230617901225207051232737926292629737232150702522109716032
189 705106781242749799569903918515819309965997947242187601507
190 708347040682215840811995152373251599118048512286040743807
191 709377475442266363966496355767553694669363662244574773907
192 709835313806506615741003688565886300147516605608313538907
193 2048240933464381175403452404774042543045711834643390428402
194 2117120455725708926777643795885973467776298075275540217112
195 2132168810213120999661255818008185521669990213120188612312
196 3685765112787180837581828646556468281857380817872115675863
197 3686495308327344597979089043113409809797954437238035946863
