# A029963: Palindromic in bases 6 and 10.
# complete for all terms < 10^51 (dbpal exhaustive search)
1 0
2 1
3 2
4 3
5 4
6 5
7 7
8 55
9 111
10 141
11 191
12 343
13 434
14 777
15 868
16 1441
17 7667
18 7777
19 22022
20 39893
21 74647
22 168861
23 808808
24 909909
25 1867681
26 3097903
27 4232324
28 4265624
29 4298924
30 4516154
31 4565654
32 4598954
33 4849484
34 5100015
35 5182815
36 5400045
37 5433345
38 5482845
39 5733375
40 5766675
41 5799975
42 6901096
43 6934396
44 6983896
45 8164618
46 9081809
47 15266251
48 24466442
49 103656301
50 104888401
51 108151801
52 290222092
53 310393013
54 342050243
55 3733113373
56 4368778634
57 7111881117
58 7786556877
59 8801331088
60 11271517211
61 12482428421
62 18013531081
63 61662426616
64 71771717717
65 75535653557
66 1808482848081
67 3666926296663
68 3691422241963
69 3693222223963
70 3695202025963
71 6873812183786
72 8288882888828
73 9766560656679
74 10268799786201
75 41443999934414
76 51910622601915
77 80839044093808
78 155259838952551
79 285666464666582
80 309491626194903
81 359630212036953
82 389019363910983
83 395921848129593
84 422383797383224
85 480680444086084
86 521151929151125
87 585789323987585
88 596437282734695
89 900893585398009
90 2806592662956082
91 5796663883666975
92 8020863443680208
93 12907568886570921
94 14441050405014441
95 14459868686895441
96 34283490709438243
97 63799978687999736
98 65332462626423356
99 76123829292832167
100 617599427724995716
101 5283511046401153825
102 5761547475747451675
103 80695452588525459608
104 101486113646311684101
105 184042927656729240481
106 413110328121823011314
107 515942802363208249515
108 698624223676322426896
109 954705277777772507459
110 3228607293993927068223
111 3951300420330240031593
112 4800062971441792600084
113 26387697060106079678362
114 27596928275057282969572
115 31442983675957638924413
116 32046696937973969664023
117 33461025859695852016433
118 36599233807670833299563
119 114779971077770179977411
120 1174355118788878115534711
121 1174831508694968051384711
122 1452832845293925482382541
123 2674167082268622807614762
124 9961115200190910025111699
125 30094322625633652622349003
126 71623652730500503725632617
127 187626632257040752236626781
128 570278675846909648576872075
129 686825231026969620132528686
130 1470462462886336882642640741
131 8522383718294004928173832258
132 10420401206163436160210402401
133 14058942864120402146824985041
134 19414820149080108094102841491
135 33170816709001710090761807133
136 33564674825302120352847646533
137 44977031429075957092413077944
138 46197179839975857993897179164
139 53430130575844644857503103435
140 58662498903736363730989426685
141 90534925574183938147552943509
142 99136807204618881640270863199
143 253101592885187781588295101352
144 845174472725767767527274471548
145 1142260953297925297923590622411
146 1219249404745462645474049429121
147 1888272568387519157838652728881
148 1947310024641662661464200137491
149 4835402039491789871949302045384
150 60899387248280999908284278399806
151 95325858871299622699217885852359
152 132112185378440333044873581211231
153 158283295307421010124703592382851
154 304767308284253767352482803767403
155 317153912996727303727699219351713
156 576542373740893878398047373245675
157 913515200683346333643386002515319
158 16506910433917802720871933401960561
159 41380151725216155855161252715108314
160 44116500862538720402783526800561144
161 85850514786478824742887468741505858
162 91366602358960087678006985320666319
163 1042768194141956284826591414918672401
164 2611931073766037707077306673701391162
165 2613028432718594701074958172348203162
166 2791357264246966698966696424627531972
167 2864064793774801970791084773974604682
168 2976063758545757802087575458573606792
169 3259005217549963284823699457125009523
170 3559721027548347379737438457201279553
171 5460943193028108855588018203913490645
172 5925388848372266868686622738488835295
173 14635219237114228411482241173291253641
174 33203243367032779377397723076334230233
175 62402446945301750055005710354964420426
176 73251070906945220733702254960907015237
177 119311750343636613848316636343057113911
178 142394478441604021737120406144874493241
179 296655284171680822888228086171482556692
180 777265347213910266737662019312743562777
181 928181092759579220999022975957290181829
182 3185673581334201439889341024331853765813
183 21233883446652424098189042425664438833212
184 31367902562864799113631199746826520976313
185 31829468383207753686168635770238386492813
186 39209376904884237140604173248840967390293
187 57340357879492391936363919329497875304375
188 62034388117208623917271932680271188343026
189 62986338991245401033133010454219983368926
190 81253482939834650192429105643893928435218
191 97615419734747412818881821474743791451679
192 99137454104380122006360022108340145473199
193 870833007166388039270072930883661700338078
194 1745049618109708567193917658079018169405471
195 1837143297526808810085800188086257923417381
196 1854655859757673719841489173767579585564581
197 2237719828802447323778773237442088289177322
198 3272473910268810520776770250188620193742723
199 3763345595206354091079701904536025955433673
200 3769830548307084870396930784807038450389673
201 4382849918989046165246425616409898199482834
202 4744663242269784721801081274879622423664474
203 5256600555388103896464646983018835550066525
204 84982081235377742143155134124777353218028948
205 342403761453125219393909393912521354167304243
206 391395867592202638077919770836202295768593193
207 398932663057727175578606875571727750366239893
208 651045408074898593590444095395898470804540156
209 731559216111516145269999962541615111612955137
210 1718342292528987245610220165427898252922438171
211 30080786364880836937036463073963808846368708003
212 54924615053745108691465856419680154735051642945
213 57559372411419407807082728070870491411427395575
214 95017329164437849960573537506994873446192371059
215 97559415997303052930049494003925030379951495579
216 150203918096256568924527725429865652690819302051
217 1836691766064573275724710174275723754606671966381
218 4964258752687593334557662667554333957862578524694
219 5657923198668569271785403045871729658668913297565
220 5937939731671963014246764676424103691761379397395
221 8229136585335990691915368635191960995335856319228
222 9948890386445488903722433342273098845446830988499
223 54312188848173429329764244246792392437184888121345
224 285810771454225150267817060718762051522454177018582
225 289062282496166381916412161214619183661694282260982
226 289995611605533380110573929375011083335506116599982
