# A029964: Palindromic in bases 7 and 10.
# complete for all terms < 10^47 (dbpal exhaustive search)
1 0
2 1
3 2
4 3
5 4
6 5
7 6
8 8
9 121
10 171
11 242
12 292
13 16561
14 65656
15 2137312
16 4602064
17 6597956
18 6958596
19 9470749
20 61255216
21 230474032
22 466828664
23 485494584
24 638828836
25 657494756
26 858474858
27 25699499652
28 40130703104
29 45862226854
30 61454945416
31 64454545446
32 65796069756
33 75016161057
34 75431213457
35 90750705709
36 91023932019
37 95365056359
38 426970079624
39 775350053577
40 1269880889621
41 2264092904622
42 2451956591542
43 2680120210862
44 2745382835472
45 2928299928292
46 4158563658514
47 6750989890576
48 8868067608688
49 23419766791432
50 49929477492994
51 74194966949147
52 85161755716158
53 201946010649102
54 208063959360802
55 215821424128512
56 229716363617922
57 3179862222689713
58 7584718778174857
59 42074205350247024
60 65045053335054056
61 67122911011922176
62 98709855955890789
63 99739047074093799
64 7869047624267409687
65 9100681853581860019
66 22244818422481844222
67 240176399252993671042
68 397793140060041397793
69 400003717000717300004
70 507598924909429895705
71 617161162878261161716
72 755667017939710766557
73 942538532686235835249
74 8421198978888798911248
75 17797767519791576779771
76 20722521562726512522702
77 24392712895759821729342
78 29627836901610963872692
79 47019576850605867591074
80 65437371449594417373456
81 67949117406960471194976
82 799511729750057927115997
83 2696553435692965343556962
84 3025606571400041756065203
85 70204945056655665054940207
86 99669755826033062855796699
87 108247294917808719492742801
88 120852845282999282548258021
89 122502700179707971007205221
90 654661601646222646106166456
91 2536157013701331073107516352
92 75260943181419691418134906257
93 84392654427918281972445629348
94 96623707604964146940670732669
95 485858455181208802181554858584
96 827265019352763367253910562728
97 2599448724820942490284278449952
98 3049355598887082807888955539403
99 3167213390881820281880933127613
100 4485766253661756571663526675844
101 8047593350319629269130533957408
102 8259671255492185812945521769528
103 9298526975444340434445796258929
104 174261150189148171841981051162471
105 524156803248140767041842308651425
106 604720044699648787846996440027406
107 623212664974818070818479466212326
108 822875672474102111201474276578228
109 844814580034797141797430085418448
110 2309361801544991551994451081639032
111 22068491802826777077762820819486022
112 22942937489082426662428098473924922
113 26681561096920319891302969016518662
114 30223222779139719291793197722232203
115 796600400078841230032148870004006697
116 1323649201011541183811451101029463231
117 2139321471593244640464423951741239312
118 2783173010412928432348292140103713872
119 8299518903567967541457697653098159928
120 8463235419549075666665709459145323648
121 86627108937077803333330877073980172668
122 253298422160386385313583683061224892352
123 460284229046006476353674600640922482064
124 483499184935668824828428866539481994384
125 679757964649133972898279331946469757976
126 1728690838987770333333330777898380968271
127 4121306717355044943333494405537176031214
128 4126688106932217269779627122396018866214
129 21567594260469081655955618096406249576512
130 23855228993459084839493848095439982255832
131 63068923321087803320102330878012332986036
132 65257035897851445471317454415879853075256
133 69788988209499595796069759599490288988796
134 80701074660411419038583091411406647010708
135 82412567435651883885358838815653476521428
136 88017769495132165578187556123159496771088
137 137851857964993328330033823399469758158731
138 143554164471315003964469300513174461455341
139 234161535089416948400004849614980535161432
140 698426238400285897234432798582004832624896
141 4434074825187744934144414394477815284704344
142 5281343537144715210136310125174417353431825
143 8877204653520379384011104839730253564027788
144 8879485071145995026315136205995411705849788
145 180925669332841389941232149983148233966529081
146 311169524620804825923313329528408026425961113
147 450564097282938794403909304497839282790465054
148 553036045481929288150737051882929184540630355
149 867487137091031819481151184918130190731784768
150 2171739140600024145130330315414200060419371712
151 15151662543165206394071417049360256134526615151
152 23863825574701285400822922800458210747552836832
153 26183697954225997597894649879579952245979638162
154 30059957243077576170256565207167577034275995003
155 40985261331027161822342224322816172013316258904
