# A029962: Palindromic in bases 5 and 10.
# complete for all terms < 10^54 (dbpal exhaustive search)
1 0
2 1
3 2
4 3
5 4
6 6
7 88
8 252
9 282
10 626
11 676
12 1221
13 15751
14 18881
15 10088001
16 10400401
17 27711772
18 30322303
19 47633674
20 65977956
21 808656808
22 831333138
23 831868138
24 836131638
25 836181638
26 2512882152
27 2596886952
28 2893553982
29 6761551676
30 12114741121
31 12185058121
32 2228261628222
33 6105769675016
34 6643369633466
35 6648130318466
36 6694978794966
37 6982578752896
38 6989062609896
39 7730173710377
40 103191131191301
41 103824717428301
42 107745787547701
43 107793080397701
44 132412434214231
45 172102080201271
46 172849181948271
47 176071838170671
48 176265757562671
49 202304515403202
50 206725444527602
51 206903565309602
52 279119383911972
53 301537434735103
54 374476969674473
55 378573424375873
56 445336272633544
57 445384969483544
58 445389595983544
59 449488282884944
60 449933929339944
61 473643646346374
62 473696969696374
63 653311040113356
64 658768979867856
65 8061113993111608
66 8066449229446608
67 8671162112611768
68 25851377577315852
69 25856101110165852
70 28012639493621082
71 28453146364135482
72 62596751915769526
73 67546323432364576
74 1527447408047447251
75 1560393839383930651
76 1560890621260980651
77 1872168528258612781
78 1872666725276662781
79 1877026246426207781
80 22192753388335729122
81 61034375000057343016
82 66819814955941891866
83 69258642177124685296
84 1071727595775957271701
85 1073077634334367703701
86 2015496835005386945102
87 3441731791881971371443
88 4185459800880089545814
89 83208405647274650480238
90 83208975695159657980238
91 83732343311311334323738
92 86502714378987341720568
93 86502759048484095720568
94 86980677074747077608968
95 86985339391719393358968
96 89373235305150353237398
97 89373703300800330737398
98 89378795951815959787398
99 89707442492029424470798
100 89750054183338145005798
101 89750520757375702505798
102 679116049774477940611976
103 8785720289021209820275878
104 15631144307799770344113651
105 15636166151988915166163651
106 18652160016866861006125681
107 613119004633151336400911316
108 618762750915151519057267816
109 691774458431323134854477196
110 775934282861868168282439577
111 775939410541000145014939577
112 775981910664202466019189577
113 10233317539812221893571333201
114 10644461464435453446416444601
115 14626535770963836907753562641
116 24055999711386268311799955042
117 31029154725081318052745192013
118 31098164866494349466846189013
119 31416063242381218324236061413
120 31417972547345054374527971413
121 31417977787079697078777971413
122 31891884714945654941748819813
123 41618751128915351982115781614
124 60795457035659595653075459706
125 68123866829364346392866832186
126 863908970332451154233079809368
127 920049038842450054248830940029
128 4572400421665334335661240042754
129 6292788805324353534235088872926
130 6297024459737003007379544207926
131 87653343665645377354656634335678
132 151998059721974171479127950899151
133 151998543003841676148300345899151
134 159171014284036444630482410171951
135 186162396111968171869111693261681
136 186162880909630434036909088261681
137 186838521546391111193645125838681
138 6950267776950891441980596777620596
139 7748092041062101661012601402908477
140 106007162214551780087155412261700601
141 215355547165064584485460561745553512
142 602117076566221263362122665670711206
143 685120603841801367763108148306021586
144 8140197799388539232329358839977910418
145 8145978316763435541455343676138795418
146 8183225575843802043402083485755223818
147 8467638770573174655564713750778367648
148 9505227132110846796976480112317225059
149 9596045768849458689868549488675406959
150 9835554837464633869683364647384555389
151 45958282654026060755706062045628285954
152 879348262202819129818921918202262843978
153 879878999661878204161402878166999878978
154 61153138639139701434943410793193683135116
155 64515508991444322135253122344419980551546
156 1010331096582278428458548248722856901330101
157 1414883972971911767319137671191792793884141
158 1416696065500088921662661298800055606966141
159 2106902281191302045590955402031911822096012
160 2106935294299775474599954745779924925396012
161 2147108966833950371150511730593386698017412
162 2181439476143709144546454419073416749341812
163 2426494706658461989505059891648566074946242
164 2426494758641569264741474629651468574946242
165 4236708500824894032575752304984280058076324
166 4236754831325615292754572925165231384576324
167 4270026508536613602272722063166358056200724
168 4277593255207257584473744857527025523957724
169 6011032286710901481210121841090176822301106
170 81240685713569129553899835592196531758604218
171 84086672007102503839977993830520170027668048
172 98912606618485761310633601316758481660621989
173 98966828061040971279788797217904016082866989
174 266201850128363317817101718713363821058102662
175 295282435673135443681676186344531376534282592
176 295964701807089636010787010636980708107469592
177 299610383727266016934646439610662727383016992
178 299610806696519408825434528804915696608016992
179 453511538505603587495626594785306505835115354
180 453749841231167144063656360441761132148947354
181 623206113631461755935454539557164136311602326
182 623253838747288310488898884013882747838352326
183 628697035925578552616888616255875529530796826
184 15083888608839064281812521818246093880688838051
185 15088344815041421175663836657112414051844388051
186 15431793058951766720187878102766715985039713451
187 18443384607066153566982628966535166070648334481
188 18946467978107252552707370725525270187976464981
189 644863400626259088360013310063880952626004368446
190 649936241751591323106805508601323195157142639946
191 14453303304094582613377100177331628549040330335441
192 14866415178804123258016455461085232140887151466841
193 842226914944632453620370868073026354236449419622248
194 842273084433104837434610484016434738401334480372248
195 842273089643651424746389343983647424156346980372248
196 4677402018132779160228780990878220619772318102047764
197 82804167487745127987827179797172878972154778476140828
198 85716017477430276081758313031385718067203477471061758
199 85716017941173123289734017871043798232137114971061758
200 85716526225965980181166063136066118108956952262561758
