# A029969: Numbers that are palindromic in bases 10 and 14.
# complete for all terms < 14^46 (dbpal exhaustive search)
1 0
2 1
3 2
4 3
5 4
6 5
7 6
8 7
9 8
10 9
11 11
12 323
13 464
14 717
15 858
16 999
17 1111
18 39593
19 59095
20 420024
21 546645
22 9046409
23 9578759
24 9813189
25 535505535
26 564303465
27 595121595
28 5736116375
29 6758008576
30 10476867401
31 11652825611
32 14203330241
33 17085058071
34 508628826805
35 518032230815
36 549905509945
37 695256652596
38 1031186811301
39 1098445448901
40 2428022208242
41 3984321234893
42 5105070705015
43 5507474747055
44 5530138310355
45 5542179712455
46 5813343433185
47 236070676070632
48 253675545576352
49 306149949941603
50 475794747497574
51 611552272255116
52 692021131120296
53 756559989955657
54 765611080116567
55 5902037117302095
56 13955648684655931
57 24514444744441542
58 26072218381227062
59 57047363236374075
60 68300282528200386
61 69580792329708596
62 78325277777252387
63 546546033330645645
64 3545494238324945453
65 3737334250524337373
66 6005359623269535006
67 6114506601066054116
68 6158981849481898516
69 7209611033301169027
70 7327284858584827237
71 15319521066012591351
72 15595183733738159551
73 26916102000020161962
74 59236342599524363295
75 59380193522539108395
76 531011782080287110135
77 535729030313030927535
78 756517966373669715657
79 1620544341441434450261
80 4513013721551273103154
81 54996016941314961069945
82 56460795211711259706465
83 301347778352253877743103
84 964891286547745682198469
85 1166461071537351701646611
86 5961305517300037155031695
87 128443695003131300596344821
88 156024115587707785511420651
89 184173299165494561992371481
90 189637992886868688299736981
91 205555244980252089442555502
92 208029399678414876993920802
93 8387173664400220044663717838
94 8388919200061221600029198838
95 16135925622565856522652953161
96 19119657727650105672775691191
97 21860447828928382982874406812
98 26877327637008480073672377862
99 27616294752022522025749261672
100 31717782582145754128528771713
101 37455515294427472449251555473
102 597768358532307703235853867795
103 1166612828929286829298282166611
104 1211722640683103013860462271121
105 3474452803795898985973082544743
106 3686401721482618162841271046863
107 4201389584476338336744859831024
108 4213389702508657568052079833124
109 5736808560013979793100658086375
110 6713378662959123219592668733176
111 7040908186585911195856818090407
112 7335813800578148418750083185337
113 50521117516545699654561571112505
114 128202362652991646199256263202821
115 135500362603823383328306263005531
116 144305085106837868738601580503441
117 828374936373285161582373639473828
118 968391076696928565829696670193869
119 973718433518153434351815334817379
120 1121304495634096006904365944031211
121 34236969628223549594532282696963243
122 61677917780460443434406408771977616
123 66926114867731027172013776841162966
124 72681490145563627172636554109418627
125 74140909251564452325446515290904147
126 76284669088387417271478388096648267
127 92858423335511468886411553332485829
128 185231481313151577775151313184132581
129 319396241112877001100778211142693913
130 5482130616204198897988914026160312845
131 7447931579073846354536483709751397447
132 15755518215089623722732698051281555751
133 20879893819520542933924502591839897802
134 21840291668382562644626528386619204812
135 55147341551356712099021765315514374155
136 500032152528278296202692872825251230005
137 3555271930055402325225232045500391725553
138 4408421224253300885995880033524221248044
139 1000738685866315614164614165136685868370001
140 1313243164142276317992997136722414613423131
141 1380230320745108869052509688015470230320831
142 1648530823131362567663667652631313280358461
143 1678827720348509891813181989058430277288761
144 2254458159008921692774772961298009518544522
145 193857990881398604791323197406893188099758391
146 291081598407070456507313705654070704895180192
147 297486215320864285086161680582468023512684792
148 325420674967205278629585926872502769476024523
149 429725553951171740557383755047171159355527924
150 431761875585286466121828121664682585578167134
151 9005121747215191386873993786831915127471215009
152 28987357752273840115732223751104837225775378982
153 29160786537475594608508680580649557473568706192
154 35017051738675471418882928881417457683715071053
155 39012933714454307960052325006970345441733921093
156 42896008179901724541944144914542710997180069824
157 44863249966699545193018381039154599666994236844
158 52549076878092114510193539101541129087867094525
159 53207736718156018636013031063681065181763770235
160 55240671799025263073496769437036252099717604255
161 55396389335836051781368386318715063853398369355
162 84290070034009613206947374960231690043007009248
163 86460619860571119178363336387191117506891606468
164 87980627420265842171516461517124856202472608978
165 92480449248594303700519791500730349584294408429
166 516273374441324267351535535153762423144473372615
167 571060993029123315418149941814513321920399060175
168 5061390706517784190820504050280914877156070931605
169 5253871040081684454579341439754544861800401783525
170 6060950092759354581216670766121854539572900590606
171 6457201321839701291672880882761921079381231027546
172 6837094382302714272406429246042724172032834907386
173 7145301592804631811779086809771181364082951035417
174 7437110936652121064160136310614601212566390117347
175 8502791583474351911309414149031191534743851972058
176 10921010525738910315748444484751301983752501012901
177 15320593474755899647470400407474699855747439502351
178 340756002363245870510028212820015078542363200657043
179 350673692845123737926922838229629737321548296376053
180 358743576265424458322647999746223854424562675347853
181 393889296914417787433505989505334787714419692988393
182 518913409283213980303821181128303089312382904319815
183 1428975039668345281002490880942001825438669305798241
184 3634863888873228511437198668917341158223788883684363
185 50021359725912108423923171517132932480121952795312005
186 52181685114535525964520434843402546952553541158618125
