# A029804: Numbers that are palindromic in bases 8 and 10.
# complete for all terms < 10^55 (dbpal exhaustive search)
1 0
2 1
3 2
4 3
5 4
6 5
7 6
8 7
9 9
10 121
11 292
12 333
13 373
14 414
15 585
16 3663
17 8778
18 13131
19 13331
20 26462
21 26662
22 30103
23 30303
24 207702
25 628826
26 660066
27 1496941
28 1935391
29 1970791
30 4198914
31 55366355
32 130535031
33 532898235
34 719848917
35 799535997
36 1820330281
37 2464554642
38 4424994244
39 4480880844
40 4637337364
41 20855555802
42 94029892049
43 94466666449
44 294378873492
45 390894498093
46 5227529257225
47 5853143413585
48 7712150512177
49 13994688649931
50 28719555591782
51 34926999962943
52 112745383547211
53 185850999058581
54 224785646587422
55 359934111439953
56 393073414370393
57 666551535155666
58 683113474311386
59 685854414458586
60 33239024742093233
61 45534430503443554
62 45576210301267554
63 57234017271043275
64 70333341514333307
65 84172361516327148
66 84199148484199148
67 96876827472867869
68 105080469964080501
69 136053358853350631
70 1219071169611709121
71 2445420079700245442
72 2650626939396260562
73 3676077166617706763
74 3800003150513000083
75 9843207767677023489
76 32300361188116300323
77 44643103022030134644
78 77580854944945808577
79 202693712161217396202
80 371911868919868119173
81 375183597404795381573
82 375586160515061685573
83 379080765242567080973
84 473317002010200713374
85 494635531909135536494
86 552868393727393868255
87 556362998454899263655
88 579927810111018729975
89 2503498805115088943052
90 7393237064774607323937
91 15863125024242052136851
92 17395259698289695259371
93 34125703495359430752143
94 36258340143534104385263
95 39752656623032665625793
96 315610027864468720016513
97 890170268088880862071098
98 1646819988303038899186461
99 2091103570615160753011902
100 3760849013081803109480673
101 6857776528536358256777586
102 9500465760922290675640059
103 9502917646378736467192059
104 9504411213036303121144059
105 41155431112055021113455114
106 82268662917644671926686228
107 107184009820444028900481701
108 138668092301868103290866831
109 619057787673525376787750916
110 2674972302079669702032794762
111 20466353976385158367935366402
112 36386515691205650219651568363
113 62119978192296969229187991126
114 68607705200272427200250770686
115 79443858725719191752785834497
116 98444861536975557963516844489
117 1949700108422995992248010079491
118 2903795477478606068747745973092
119 3377242440477033307740442427733
120 3792033197162477742617913302973
121 17181377425940999904952477318171
122 38525491344366033066344319452583
123 89879768957194388349175986797898
124 355309407484416525614484704903553
125 564341093237119818911732390143465
126 587617843046963898369640348716785
127 835523283332531656135233382325538
128 858037680965763515367569086730858
129 994090604572440313044275406090499
130 1141897415190856226580915147981411
131 6091280052696093663906962500821906
132 14362224099067427872476099042226341
133 39706221387868234743286878312260793
134 43846638839560254845206593883664834
135 49706532694260217771206249623560794
136 60797710947870157175107874901779706
137 453392953902277425524772209359293354
138 597185634034507050050705430436581795
139 1422691232582749366639472852321962241
140 5137013863540021396931200453683107315
141 6305028076164777301037774616708205036
142 6388516661684423292923244861666158836
143 7135547701065363210123635601077455317
144 7305747986252294597954922526897475037
145 7518108788447828631368287448878018157
146 8303598457991125694965211997548953038
147 8325812618327428740478247238162185238
148 9380639871862278054508722681789360839
149 16733873708124592500529542180737833761
150 504944832285682819464918286582238449405
151 9044978363553842766776672483553638794409
152 10418268622798909566566590989722686281401
153 23394799557630362468086426303675599749332
154 23502323108399687087078078699380132320532
155 25087688986226568551515586562268988678052
156 25869348738060805716561750806083784396852
157 27124299189737676697979667673798199242172
158 27147689256219970290609207991265298674172
159 2269564397044073017794977103704407934659622
160 3709625854788275188230328815728874585269073
161 5091824221045715633940493365175401224281905
162 6450748850206785612265622165876020588470546
163 9751576965898208094442444908028985696751579
164 9969277601931000904514154090001391067729699
165 49173631783517334031377313043371538713637194
166 126422542001982879359646953978289100245224621
167 170507393916767189218121812981767619393705071
168 355875698805877423743474347324778508896578553
169 1309758119504850048008448008400584059118579031
170 4199217254007011093126006213901107004527129914
171 16533481189886925503990809930552968898118433561
172 92547321221265497541564346514579456212212374529
173 227943953724340322291300003192223043427359349722
174 229563591069312053958996699859350213960195365922
175 448017917628997561027986689720165799826719710844
176 529347576136493955999885588999559394631675743925
177 540601603977058241364430034463142850779306106045
178 33131936621083212133821333312833121238012663913133
179 171270344653418579415105606501514975814356443072171
180 347196365234521584963579666975369485125432563691743
181 833574300949806476012482979284210674608949003475338
182 877759100497743732801499818994108237347794001957778
183 11476711108548382071924928782942917028384580111767411
184 16295589200079204496662117371126669440297000298559261
185 16662443642200174974593660206639547947100224634426661
186 60360435871116109059024817971842095090161117853406306
187 74145084009661226530655824742855603562216690048054147
188 141665390170987895486647936639746684598789071093566141
189 1515229604461745268423709386839073248625471644069225151
190 4590049780168958390936707629267076390938598610879400954
191 4592309681409345570172307577757032710755439041869032954
192 7917554645164219334306529867689256034339124615464557197
