# A029967: Palindromic in bases 12 and 10.
# complete for all terms < 12^49 (dbpal exhaustive search)
1 0
2 1
3 2
4 3
5 4
6 5
7 6
8 7
9 8
10 9
11 11
12 181
13 555
14 616
15 676
16 737
17 797
18 1111
19 8008
20 35953
21 43934
22 88888
23 646646
24 3192913
25 5641465
26 8364638
27 9963699
28 133373331
29 139979931
30 293373392
31 520020025
32 713171317
33 796212697
34 1393223931
35 25712321752
36 36265856263
37 50992729905
38 57644144675
39 73183838137
40 122507705221
41 357496694753
42 4538684868354
43 10171466417101
44 62218411481226
45 1643600330063461
46 5128288228828215
47 8330107227010338
48 16330182728103361
49 90145891619854109
50 411528847748825114
51 418955743347559814
52 926617966669716629
53 1310127138317210131
54 1312161375731612131
55 1834592905092954381
56 3345454646464545433
57 3967113331333117693
58 52975769933996757925
59 216811149242941118612
60 283631008131800136382
61 302002264282462200203
62 1693851756116571583961
63 7559623412002143269557
64 13215389880308898351231
65 41755364237973246355714
66 52713361459295416331725
67 791558851571175158855197
68 1011506429055509246051101
69 1728815851659561585188271
70 2503416568872788656143052
71 4654062489875789842604564
72 5217881799729279971887125
73 5283616291585851926163825
74 5454078835683865388704545
75 7907121489697969841217097
76 29073089890344309898037092
77 98635006707833870760053689
78 146972992982696289299279641
79 224916049703484307940619422
80 227134035909707909530431722
81 496763170178515871071367694
82 753043527631868136725340357
83 773283391553515355193382377
84 778387476962626269674783877
85 812302313916343619313203218
86 936146741648181846147641639
87 2850472048636336368402740582
88 12471218684204340248681217421
89 18901892348792629784329810981
90 24524500059831813895000542542
91 28536078647218981274687063582
92 36086256255228382255265268063
93 58304900850201810205800940385
94 1290918210900549450090128190921
95 1555641809631649461369081465551
96 4151486659400331330049566841514
97 4195373068628683868268603735914
98 6771989304342285822434039891776
99 19758224106754333345760142285791
100 354965128335182939281533821569453
101 374657172139334060433931271756473
102 476819564772596505695277465918674
103 494824131789242787242987131428494
104 601400543172737757737271345004106
105 724548867150848848848051768845427
106 766683050152601878106251050386667
107 916660077846461818164648770066619
108 938622734589161131161985437226839
109 1748498974051727337271504798948471
110 2420916232574609009064752326190242
111 37737225943771015251017734952273773
112 56319855776266958685966267755891365
113 81003457347079714041797074375430018
114 81440353578630886068803687535304418
115 81802752484355304240355348425720818
116 83493190215262260806226251209139438
117 85674360914151802620815141906347658
118 119265709545687357753786545907562911
119 381076184697477289982774796481670183
120 387046354736969929929969637453640783
121 870499849622183620026381226948994078
122 3220849301981066191916601891039480223
123 3946944429423689370739863249244496493
124 5201829620960975600065790690269281025
125 5657355710268169267629618620175537565
126 9272610682900495245425940092860162729
127 17840579483436883500538863438497504871
128 49833234588031749566594713088543233894
129 581531638306604602121206406603836135185
130 627980076730872023282320278037670089726
131 754751081838594309232903495838180157457
132 1213943032170148325335238410712303493121
133 3995222220170695314444135960710222225993
134 4755888058569811083663801189658508885574
135 10777486877019754253335245791077868477701
136 93797279850450478069096087405405897279739
137 99134039953553674120002147635535993043199
138 229450321068885218992299812588860123054922
139 721796309512873348922229843378215903697127
140 743693929362624548096690845426263929396347
141 966157536719588941686686149885917635751669
142 1463660200403961529973799251693040020663641
143 9121804267139779120752570219779317624081219
144 9795033810488333370506050733338840183305979
145 63695605850924847242122124274842905850659636
146 65605638664450383566633666538305446683650656
147 114108766240948777698535896777849042667801411
148 115494462226982737362373263737289622264494511
149 115820667155385289314919413982583551766028511
150 171872823812841118229979922811148218328278171
151 431559075550497378639212936873794055570955134
152 496548425616234857926393629758432616524845694
153 803510860838058951067515760159850838068015308
154 927615311789230066181787181660032987113516729
155 1668901931065423529377557739253245601391098661
156 7027458002849337188627447268817339482008547207
157 8627274602520977040467667640407790252064727268
158 12306732288267618624875457842681676288223760321
159 12582989724386195664608780646659168342798928521
160 15842015211003289141169996114198230011251024851
161 879341915294959740878500005878047959492519143978
162 2035020307546433608063571753608063346457030205302
163 2052938957487338111459649469541118337847598392502
164 2513868100699572103886138316883012759960018683152
165 2520103520672141717999683869997171412760253010252
166 3616783868047484236940007000496324847408683876163
167 77820534520370077986264744746268977007302543502877
168 135020084292649681062045252540260186946292480020531
169 219313782864035741715365888563517147530468287313912
170 269015814198660123520677252776025321066891418510962
171 285982987621617738061406989604160837716126789289582
172 452675221392529451411994949499114154925293122576254
173 473082040382381751835620595026538157183283040280374
174 964145950031905523173818010818371325509130059541469
175 1001603869191523067642690660962467603251919683061001
176 4601456124217285449887738888377889445827124216541064
177 19032518168121958808812761616721880885912186181523091
178 19095900079471681157918916061981975118617497000959091
179 19737359824983481756913709090731965718438942895373791
180 35038499198869620348098377677389084302696889199483053
181 35886065705190657558251412821415285575609150756068853
182 37121457213970641308824762926742880314607931275412173
183 37440368275270947096871811711817869074907257286304473
184 58624591177037675190075613431657009157673077119542685
185 58890736838774799047486952925968474099747783863709885
186 64034150118609265204215461316451240256290681105143046
187 64356483993022709323796740804769732390722039938465346
188 64864802292955783154357316761375345138755929220846846
189 66844006572246340599493564246539499504364227560044866
190 68009111638195709045340536963504354090759183611190086
