# A029961: Palindromic in bases 4 and 10.
# complete for all terms < 10^54 (dbpal exhaustive search)
1 0
2 1
3 2
4 3
5 5
6 55
7 373
8 393
9 666
10 787
11 939
12 7997
13 53235
14 55255
15 55655
16 57675
17 506605
18 1801081
19 2215122
20 3826283
21 3866683
22 5051505
23 5226225
24 5259525
25 5297925
26 5614165
27 5679765
28 53822835
29 623010326
30 954656459
31 51717171715
32 53406060435
33 59201610295
34 73979697937
35 506802208605
36 508152251805
37 1491278721941
38 1649061609461
39 3445416145443
40 5690277720965
41 41830077003814
42 646219242912646
43 815969141969518
44 912702454207219
45 7145572222755417
46 13585963536958531
47 55934950005943955
48 57264776467746275
49 96062045454026069
50 101882796697288101
51 1270237235327320721
52 3610232617162320163
53 3614621407041264163
54 3896203035303026983
55 5452702834382072545
56 5808197420247918085
57 41378114300341187314
58 43982928355382928934
59 317920613282316029713
60 371765223161322567173
61 542737478606874737245
62 819177862404268771918
63 830935451626154539038
64 874218768525867812478
65 57410264882528846201475
66 59737594200100249573795
67 59923211850205811232995
68 98996197452425479169989
69 109895081241142180598901
70 149265574723327475562941
71 224769553250052355967422
72 1622633305817185033362261
73 5072939121521251219392705
74 5205366624977794266635025
75 5644977785034305877794465
76 5667740260737370620477665
77 35852144650688605644125853
78 336725943608707806349527633
79 353061698367474763896160353
80 541144382839404938283441145
81 666101379010252010973101666
82 7778107491576446751947018777
83 15821048498880208889484012851
84 92792216149502820594161229729
85 545349408734694496437804943545
86 1276212763129075709213672126721
87 1816218002915034305192008126181
88 1871235782426682866242875321781
89 1875014103448187818443014105781
90 5435741640249592959420461475345
91 31197674993704500540739947679113
92 60036324544335099053344542363006
93 372432716388987767789883617234273
94 562496915896771070177698519694265
95 582281078505704363407505870182285
96 649436972861202060202168279634946
97 681970163682115333511286361079186
98 831689027065710434017560720986138
99 994887846928401212104829648788499
100 5108871198905577557755098911788015
101 7179388640860660330660680468839717
102 17881864361422979197922416346818871
103 19089684997805246464250879948698091
104 92105437371286169496168217373450129
105 92569811594494975757949449511896529
106 147712308905035486684530509803217741
107 300157542046102980089201640245751003
108 328546932213864537735468312239645823
109 520420568497729466664927794865024025
110 2677760918033412057502143308190677762
111 2690886340179150903090519710436880962
112 5121648899337220344430227339988461215
113 31666051446996584499448569964415066613
114 353043409157494433363334494751904340353
115 397540572598251145040541152895275045793
116 545998783344246716373617642443387899545
117 560317633455182698747896281554336713065
118 589444851317301925878529103713158444985
119 685112683421306610727016603124386211586
120 5169043619890360597117950630989163409615
121 9898698231252698794334978962521328968989
122 19652826885651339305850393315658862825691
123 92941201536942499414741499424963510214929
124 207543553273445624264462426544372355345702
125 524271473725664750388883057466527374172425
126 541300437545076861119911168670545734003145
127 549568896322676488203302884676223698865945
128 581053599674232794090090497232476995350185
129 581475591526793619999999916397625195574185
130 2882542595385019828340438289105835952452882
131 4165904534814323558945498553234184354095614
132 5317400639570790358700078530970759360047135
133 5560788247750432231160611322340577428870655
134 5623233799195491349590959431945919973323265
135 5646467693116904371671761734096113967646465
136 31241973239080277470522507477208093237914213
137 64024503891600270351999915307200619830542046
138 564105686796560307610616016703065697686501465
139 874740995994202590561494165095202499599047478
140 5115289676905959987760770677899595096769825115
141 17383317473979649984192129148994697937471338371
142 17995310059584294168093839086149248595001359971
143 19706059407714508111131513111180541770495060791
144 19976320682491881620723732702618819428602367991
145 264400846572427049670634436076940724275648004462
146 542217074023324899856480084658998423320470712245
147 1837766138445680808237204027328080865448316677381
148 5134190344947904973692917192963794097494430914315
149 5159267751144449594131061601314959444411577629515
150 5383748895208964762435886885342674698025988473835
151 33560767945686278038930611603983087268654976706533
152 49563152586295833707016911961070733859268525136594
153 874112330726793674108212393212801476397627033211478
154 1336475175851727036014482112844106307271585715746331
155 5109197846339475843016284664826103485749336487919015
156 5143716018134163822624153333514262283614318106173415
157 5967917607537770865384065115604835680777357067197695
158 9882643306944317493391638008361933947134496033462889
159 19536395813129245763451084348015436754292131859363591
160 308892269748446522876564348843465678225644847962298803
