# A029731: Palindromic in bases 10 and 16.
# complete for all terms < 10^51 (dbpal exhaustive search)
1 0
2 1
3 2
4 3
5 4
6 5
7 6
8 7
9 8
10 9
11 11
12 353
13 626
14 787
15 979
16 1991
17 3003
18 39593
19 41514
20 90209
21 94049
22 96369
23 98689
24 333333
25 512215
26 666666
27 749947
28 845548
29 1612161
30 2485842
31 5614165
32 6487846
33 9616169
34 67433476
35 90999909
36 94355349
37 94544549
38 119919911
39 161131161
40 190080091
41 241090142
42 247969742
43 26896769862
44 28586268582
45 28779897782
46 30144644103
47 32442924423
48 39762526793
49 43836363834
50 45961216954
51 51113531115
52 56702120765
53 390189981093
54 1278169618721
55 1631645461361
56 1806872786081
57 2424058504242
58 2692667662962
59 3405684865043
60 6694367634966
61 7888195918887
62 14315822851341
63 17262755726271
64 45113388331154
65 397922151229793
66 509538666835905
67 522013020310225
68 816346555643618
69 1668739779378661
70 5099347667439905
71 32000428082400023
72 32633196169133623
73 64634327472343646
74 70667820502876607
75 373019805508910373
76 535873916619378535
77 887358331133853788
78 1118494603064948111
79 1137081002001807311
80 3884425716175244883
81 4616159308039516164
82 41317967000076971314
83 70701884511548810707
84 105086879868978680501
85 109640971252179046901
86 134132582494285231431
87 136228674727476822631
88 180766294494492667081
89 264605616858616506462
90 873954892151298459378
91 15673605260306250637651
92 17322666253735266622371
93 21471020918081902017412
94 28527697711011779672582
95 34175825152525152857143
96 34570154169596145107543
97 36039109398989390193063
98 42001490723332709410024
99 47272007451015470027274
100 47844728597079582744874
101 51959301115851110395915
102 55582430128882103428555
103 66346948489298484964366
104 1013945256196916525493101
105 1829860070497940700689281
106 1844238058789878508324481
107 1846781136065606311876481
108 9133129628211128269213319
109 37264989541299214598946273
110 43231887066299266078813234
111 107527175676494676571725701
112 107761099424686424990167701
113 319895202367858763202598913
114 374178087384212483780871473
115 875288502888989888205882578
116 2092577007449999447007752902
117 4374175479923993299745714734
118 4526239847945445497489326254
119 17173681623264946232618637171
120 92167013075480608457031076129
121 94635334973676267637943353649
122 94694284038931313983048249649
123 494506253843744447348352605494
124 1097029772441563651442779207901
125 7308855736123322233216375588037
126 9578569814271350531724189658759
127 47204048169521688612596184040274
128 74310782571520833802517528701347
129 153570961886167878761688169075351
130 157124568577706949607775865421751
131 188980399889523060325988993089881
132 322434305921054020450129503434223
133 324193060418058060850814060391423
134 589179652669993373399966256971985
135 17193090890651737173715609809039171
136 25295130572966082928066927503159252
137 36453210513649714141794631501235463
138 46494289039985405650458993098249464
139 57486792197841346664314879129768475
140 63494339670590336663309507693349436
141 63835882500017943434971000528853836
142 67080932508181062626018180523908076
143 78894191945563376367336554919149887
144 1323759379857863561653687589739573231
145 1441301694046455054505546404961031441
146 2675804851621517358537151261584085762
147 5116780321574030276720304751230876115
148 7344534647980282474742820897464354437
149 7916089787430257387837520347879806197
150 7971748895919445718175449195988471797
151 8551166443022114842484112203446611558
152 9994447718384266039306624838177444999
153 62834817124495956688665959442171843826
154 221851300741310141858141013147003158122
155 353826224764936423313324639467422628353
156 372215423950901062444260109059324512273
157 831184236629406434060434604926632481138
158 1101695289629382147557412839269825961011
159 2079996919666355959999595536669196999702
160 3170100710011667952882597661100170010713
161 3845811564899008601001068009984651185483
162 5140029220051848190220918481500229200415
163 5311599202354023999339993204532029951135
164 5473604055870043773553773400785504063745
165 59971686820874671536963517647802868617995
166 1342913409613300625059505260033169043192431
167 1369645802933516971763671796153392085469631
168 5300286035478005286493946825008745306820035
169 6513947963244081370858580731804423697493156
170 18559232854882997466600666479928845823295581
171 66026294219198107955844855970189191249262066
172 126114518594788793378969873397887495815411621
173 159247211542784236609393906632487245112742951
174 174428773789682752345080543257286987377824471
175 176379648179009389372020273983900971846973671
176 178288165216643769474010474967346612561882871
177 223732887059728781502717205187827950788237322
178 227509584133896760963767369067698331485905722
179 244489247038495108698717896801594830742984442
180 271293758341179059099222990950971143857392172
181 545860782113767827791161197728767311287068545
182 5899848445156729788137117318879276515448489985
183 9252789085860604720437447340274060685809872529
184 19222837903593699647951015974699639530973822291
185 19491892671788264262166066126246288717629819491
186 25022246117756592828323432382829565771164222052
187 27155620437050511454384248345411505073402655172
188 46053565376543751947181418174915734567356535064
189 48942489010867449243283838234294476801098424984
190 56224032777100955222422522422255900177723042265
191 60316354808603808656784848765680830680845361306
192 60775244049390876886214341268867809394044257706
193 69788195348518786697310301379668781584359188796
194 75947252534043664098570307589046634043525274957
195 77066111418213143341845654814334131281411166077
196 81539679921778097921066766012979087712997693518
197 6745939126151030043575708075753400301516219395476
198 170650717685347065843701020107348560743586717056071
199 362369152009166810321037868730123018661900251963263
200 368410598731845491072698323896270194548137895014863
201 549618103226784750201854666458102057487622301816945
202 850371168069621495700900797009007594126960861173058
