# A029966: Palindromic in bases 10 and 11.
# complete for all terms < 11^45 (dbpal exhaustive search)
1 0
2 1
3 2
4 3
5 4
6 5
7 6
8 7
9 8
10 9
11 232
12 343
13 454
14 565
15 676
16 787
17 898
18 909
19 26962
20 38183
21 40504
22 49294
23 52825
24 63936
25 75157
26 2956592
27 2968692
28 3262623
29 3274723
30 3286823
31 3298923
32 3360633
33 3372733
34 4348434
35 4410144
36 4422244
37 4581854
38 4593954
39 5643465
40 5655565
41 5667665
42 5741475
43 7280827
44 7292927
45 8710178
46 8722278
47 8734378
48 8746478
49 8758578
50 8820288
51 8832388
52 8844488
53 356777653
54 362151263
55 489525984
56 492080294
57 537181735
58 998111899
59 999454999
60 39276067293
61 39453235493
62 42521012524
63 2909278729092
64 2926072706292
65 4798641468974
66 218053292350812
67 218210353012812
68 218254595452812
69 251569181965152
70 259799383997952
71 463906656609364
72 54470642224607445
73 56681764446718665
74 56831729892713865
75 62712119691121726
76 64224652625642246
77 4244691467641964424
78 6411682614162861146
79 7861736017106371687
80 671136738666837631176
81 686833076121670338686
82 771341832818238143177
83 903253059636950352309
84 27205839193739193850272
85 89403957605050675930498
86 2327330239571759320337232
87 9986831781362631871386899
88 847254740425424524047452748
89 10381251104807870840115218301
90 23587610667613731676601678532
91 1057238711370249420731178327501
92 2352073324653701073564233702532
93 4853522495557018107555942253584
94 4870126007715524255177006210784
95 8415434201743672763471024345148
96 122410918164223656322461819014221
97 135250181395313808313593181052531
98 136944227621334171433126722449631
99 144057220417857727758714022750441
100 295736939827523464325728939637592
101 425772983781451313154187389277524
102 868468887381877757778183788864868
103 13332279774919490509491947797223331
104 14125161341279584948597214316152141
105 46743025008484167976148480052034764
106 48420917718650618581605681771902484
107 82206449893985866466858939894460228
108 84977762954376730403767345926777948
109 1521218725254261934391624525278121251
110 1592608289183637874787363819828062951
111 1594806282412909176719092142826084951
112 1926434676726841632361486276764346291
113 4218064692602271464641722062964608124
114 165394600148133215262512331841006493561
115 169336513175538734363437835571315633961
116 242793702765993329545923399567207397242
117 333884947479382241444142283974749488333
118 420588541436340950929059043634145885024
119 805046481668170326666623071866184640508
120 16460906462196655116061155669126460906461
121 18839061482670796516661569707628416093881
122 27071793437270585733433758507273439717072
123 27467787947434535446364453543474978776472
124 27580205714464418096469081446441750208572
125 27968651031340319155355191304313015686972
126 28544460707103979695059697930170706444582
127 63205364625275049435053494057252646350236
128 1073811149728403473368633743048279411183701
129 1307053255102432061532351602342015523507031
130 1912331210262910379098909730192620121332191
131 2132925218915356848859588486535198125292312
132 2182306285876034227135317224306785826032812
133 2809999950264829199294929919284620599999082
134 2843678464784703042437342403074874648763482
135 2908115322428567354674764537658242235118092
136 4533755261346805719207029175086431625573354
137 4632919010246940877567657780496420109192364
138 4893368111298516586600066856158921118633984
139 169742401286033983434040434389330682104247961
140 265456570967844514718828817415448769075654562
141 275225270480146250394090493052641084072522572
142 308064926343701786446171644687107343629460803
143 431028889674450218069434960812054476988820134
144 431318539700620568492050294865026007935813134
145 487133572675068603865989568306860576275331784
146 487679888306988404993626399404889603888976784
147 553226364491636179474030474971636194463622355
148 615690200853028959892313298959820358002096516
149 635898404399363439317515713934363993404898536
150 674554974198117230481525184032711891479455476
151 846047919531722408458232854804227135919740648
152 21584244309675204190415251409140257690344248512
153 25340412210473763163945254936136737401221404352
154 31260465468380594949859495894949508386456406213
155 36381748905335204384485458448340253350984718363
156 37217220882226678500980108900587662228802271273
157 40171808135027891777036363077719872053180817104
158 44522393258139437795821812859773493185239322544
159 44738370583697867899713531799876879638507383744
160 48251378126172552693276867239625527162187315284
161 53946524479803082466654645666428030897442564935
162 54354742191359503131711311713130595319124745345
163 58653654013858473378195759187337485831045635685
164 61574366441362054803907070930845026314466347516
165 65668357073508847804442024440874880537075386656
166 66412977928815450277974547977205451882977921466
