# A029968: Palindromic in bases 13 and 10.
# complete for all terms < 13^41 (dbpal exhaustive search)
1 0
2 1
3 2
4 3
5 4
6 5
7 6
8 7
9 8
10 9
11 11
12 222
13 313
14 353
15 444
16 575
17 666
18 797
19 1111
20 6776
21 8778
22 24542
23 25452
24 26362
25 56265
26 311113
27 2377732
28 2713172
29 2832382
30 2906092
31 8864688
32 10122101
33 13055031
34 20244202
35 20944902
36 23177132
37 23877832
38 33299233
39 44166144
40 47099074
41 62611626
42 656353656
43 668666866
44 952404259
45 3071001703
46 3805335083
47 3814444183
48 4369669634
49 4378778734
50 6924114296
51 6933223396
52 7488448847
53 7497557947
54 8381551838
55 8390660938
56 22087878022
57 789679976987
58 1199309039911
59 1624981894261
60 54324199142345
61 60808311380806
62 235604838406532
63 237923878329732
64 637013161310736
65 672804838408276
66 7273324774233727
67 37079407070497073
68 45850453835405854
69 49164413731446194
70 1836905795975096381
71 2832604939394062382
72 3898701537351078983
73 3976149369639416793
74 4002414299924142004
75 5544882623262884455
76 7520859392939580257
77 162238140040041832261
78 277258880242088852772
79 292503721141127305292
80 364370458757854073463
81 832587648262846785238
82 931953637343736359139
83 958539908323809935859
84 960085137626731580069
85 970015486464684510079
86 995165177898771561599
87 56551454398789345415565
88 78337090587678509073387
89 97786511358585311568779
90 3422016616206026166102243
91 8009434389290929834349008
92 8103253943611163493523018
93 8215093062131312603905128
94 8912582461133311642852198
95 9617842157193917512487169
96 27480508088033088080508472
97 32014634485388358443641023
98 36515621249188194212651563
99 41684223165077056132248614
100 434004908828616828809400434
101 726344133889939988331443627
102 1585954605314884135064595851
103 4383787247083333807427873834
104 5271446936278448726396441725
105 5359104016316446136104019535
106 167537035638452254836530735761
107 8147933782772656562772873397418
108 8876403562292024202922653046788
109 52498852650502922920505625889425
110 75823148880468411486408884132857
111 87464192944057933975044929146478
112 3648221347625520110255267431228463
113 5432415429230593883950329245142345
114 7337881931120834114380211391887337
115 14079121922970886768807922912197041
116 28191109622628119691182622690119182
117 85915851620440146064104402615851958
118 532433764063585858858585360467334235
119 1622495365957588282828857595635942261
120 2454988852206742707072476022588894542
121 4174480208807315762675137088020844714
122 4291263374656665597955666564733621924
123 4545238180587950556550597850818325454
124 4657527322452274974794722542237257564
125 5068708445833442340432443385448078605
126 6372308871584049018109404851788032736
127 68146927529085227788772258092572964186
128 192070487023689611474116986320784070291
129 267755757353332127242721233353757557762
130 294038346392100365959563001293643830492
131 432929066302814126777621418203660929234
132 461051688295800194787491008592886150164
133 517188053283694424101424496382350881715
134 611783367526788676747676887625763387116
135 808074162541146695121596641145261470808
136 876105189193280559474955082391981501678
137 16049607671683365629592656338617670694061
138 24665939009086824502520542868090093956642
139 27547240889309250900600905290398804274572
140 40279440002253990518781509935220004497204
141 41734343572141979616061697914127534343714
142 61758553667967877701810777876976635585716
143 65404598447034799086568099743074489540456
144 2019479878891436962723272696341988789749102
145 2224398974228354843776773484538224798934222
146 2261886301498873363256523633788941036881622
147 4892086196299769790267620979679926916802984
148 5394054314971358367058507638531794134504935
149 6719687586813711586306036851173186857869176
150 9124176108741754085271725804571478016714219
151 14992489106782616198799789161628760198429941
152 20846084655647428429544592482474655648064802
153 21288181722793802159111195120839722718188212
154 278365360311546695493959394596645113063563872
155 716777014884166036054080450630661488410777617
156 1394086301522218239674444769328122251036804931
157 3303183857247324993363223633994237427583813033
