# A029965: Palindromic in bases 9 and 10.
# complete for all terms < 10^49 (dbpal exhaustive search)
1 0
2 1
3 2
4 3
5 4
6 5
7 6
8 7
9 8
10 191
11 282
12 373
13 464
14 555
15 646
16 656
17 6886
18 25752
19 27472
20 42324
21 50605
22 626626
23 1540451
24 1713171
25 1721271
26 1828281
27 1877781
28 1885881
29 2401042
30 2434342
31 2442442
32 2450542
33 3106013
34 3114113
35 3122213
36 3163613
37 3171713
38 3303033
39 3360633
40 65666656
41 167191761
42 181434181
43 232000232
44 382000283
45 5435665345
46 8901111098
47 9565335659
48 827362263728
49 1400232320041
50 2005542455002
51 2024099904202
52 2081985891802
53 41275222257214
54 42143900934124
55 101904010409101
56 149285434582941
57 149819212918941
58 4782537117352874
59 5987078778707895
60 11111059395011111
61 11199701210799111
62 13577478487477531
63 14802554345520841
64 190076027720670091
65 194216405504612491
66 547906983389609745
67 53293648433484639235
68 82148829699692884128
69 89349349588594394398
70 104618510424015816401
71 1685380415005140835861
72 1895043293663923405981
73 3014849211991129484103
74 4997878480660848787994
75 7623722153663512273267
76 175443770998899077344571
77 594042901604406109240495
78 669604182115511281406966
79 684706509850058905607486
80 26880855807266270855808862
81 31685502993055039920558613
82 648954603969313969306459846
83 656832269289292982962238656
84 875418005018060810500814578
85 60796365448509190584456369706
86 67440113111063636011131104476
87 128703552485892298584255307821
88 215948807714500005417708849512
89 367466851818670076818158664763
90 4277045785240515150425875407724
91 7904754738784009004878374574097
92 18329411320009277290002311492381
93 339265041703202717202307140562933
94 491879003463276565672364300978194
95 511785965847272252272748569587115
96 512970816946935616539649618079215
97 655328542632671808176236245823556
98 705957434647084414480746434759507
99 850846048350427181724053840648058
100 855416331925080666080529133614558
101 906581609446746141647644906185609
102 52164240456450245154205465404246125
103 63434953707685603630658670735943436
104 87452898124430586668503442189825478
105 140874769510082121121280015967478041
106 3144735134269112448442119624315374413
107 6022188419598848703078488959148812206
108 7131665271275119844489115721725661317
109 7802493952565656092906565652593942087
110 199365545055136657515756631550545563991
111 201049358475715389919983517574853940102
112 218733238157937964626469739751832337812
113 229478811206487674666476784602118874922
114 289356952839973468383864379938259653982
115 314419338131817706717607718131833914413
116 342622577390750793101397057093775226243
117 480161099334140484666484041433990161084
118 514951795147257373040373752741597159415
119 605870895549421979717979124945598078506
120 609771222072561512333215165270222177906
121 661338700284357153787351753482007833166
122 674410576390272565494565272093675014476
123 680508732690186647111746681096237805086
124 802903026932624480454084426239620309208
125 925796349777454027838720454777943697529
126 20793571906536977137573177963560917539702
127 49874217734750609225052290605743771247894
128 62383092109186284830103848268190129038326
129 62402528157119689300900398691175182520426
130 70490141480605365051215056350608414109407
131 83880825330588267486168476288503352808838
132 92060231925695863253635236859652913206029
133 1633296479387985010212120105897839746923361
134 1648356128710049925296925299400178216538461
135 4316531936525198802127212088915256391356134
136 4682435368709933038730378303399078635342864
137 4858379166305978010324230108795036619738584
138 4977318409727332393535353932337279048137794
139 5614372006481934833282823384391846002734165
140 110163628059343305642343246503343950826361011
141 172389277606164250701626107052461606772983271
142 211901011018917724166262661427719810110109112
143 218868413488492590919747919095294884314868812
144 231043606696172324515525515423271696606340132
145 247288555257506088089929980880605752555882742
146 317363146915947506150525051605749519641363713
147 346286417285853259716313617952358582714682643
148 569845876477788046906191609640887774678548965
149 624509643678905927921888129729509876346905426
150 630145131482379894949060949498973284131541036
151 10556384804866956594737673749565966840848365501
152 38500179549623582840929492904828532694597100583
153 41310198430826875320435353402357862803489101314
154 48130747563995493605406760450639459936574703184
155 48474237338685572832254345223827558683373247484
156 51793390466831837983106460138973813866409339715
157 53810136518305805244922022944250850381563101835
158 53896469625184498335709390753389448152696469835
159 1398431144571471204257931397524021741754411348931
160 1420314500395989072832167612382709895930054130241
161 2068052695417313416490821280946143137145962508602
162 2283821324387255488765340435678845527834231283822
163 3532769176737751184632751572364811577376719672353
