# A099165: Palindromic in bases 10 and 32.
# complete for all terms < 10^40 (dbpal exhaustive search)
1 0
2 1
3 2
4 3
5 4
6 5
7 6
8 7
9 8
10 9
11 11
12 22
13 33
14 66
15 99
16 363
17 858
18 1441
19 2882
20 5445
21 6886
22 9449
23 15951
24 19891
25 21012
26 29692
27 32223
28 54945
29 369963
30 477774
31 564465
32 585585
33 609906
34 672276
35 717717
36 780087
37 804408
38 912219
39 1251521
40 2639362
41 3825283
42 4236324
43 5422245
44 5487845
45 6673766
46 6882886
47 8407048
48 9658569
49 9802089
50 9867689
51 18255281
52 21033012
53 21499412
54 25777752
55 29800892
56 37477473
57 388919883
58 933909339
59 983767389
60 1219669121
61 2880990882
62 3403003043
63 6806006086
64 8804774088
65 10261916201
66 10269296201
67 14311211341
68 18884748881
69 34318181343
70 421833338124
71 444036630444
72 494889988494
73 691647746196
74 846261162648
75 935448844539
76 1232143412321
77 1462999992641
78 4462757572644
79 5806855586085
80 5842794972485
81 6886033306886
82 8825076705288
83 8842552552488
84 8867028207688
85 10641522514601
86 17438700783471
87 24916011061942
88 1032078008702301
89 1278746666478721
90 2297158228517922
91 2869960660699682
92 3422669229662243
93 10263806360836201
94 10478015751087401
95 10603962026930601
96 10894711311749801
97 13150353235305131
98 13177885058877131
99 14777935853977741
100 17096171817169071
101 17624701910742671
102 27402111411120472
103 27429643234692472
104 27630511811503672
105 33303935753930333
106 85491930303919458
107 112474443344474211
108 330774945549477033
109 465707571175707564
110 571259217712952175
111 776016912219610677
112 2449080129210809442
113 2808927324237298082
114 4650111258521110564
115 5888361733371638885
116 23398054977945089332
117 50193942722724939105
118 50385737133173758305
119 52413912066021931425
120 81298451466415489218
121 118191600999006191811
122 189897262505262798981
123 720704543656345407027
124 720953788010887359027
125 834217851252158712438
126 1156524967227694256511
127 1173275681771865723711
128 3802421810880181242083
129 9323872306666032783239
130 13323559271817295532331
131 13557154997779945175531
132 16237179297979297173261
133 23772269701010796227732
134 26414001792329710041462
135 29197716498989461779192
136 32315008751515780051323
137 137336214690096412633731
138 245120134407704431021542
139 262675914174471419576262
140 484142293317713392241484
141 590075625273372526570095
142 616149465150051564941616
143 1694641834757574381464961
144 2654193725506055273914562
145 2656455315250525135546562
146 2821089475799975749801282
147 3650772347537357432770563
148 13703835735211253753830731
149 13705732732222223723750731
150 22579494754900945749497522
151 38578568383888838386587583
152 52603059691688619695030625
153 359099752284777482257990953
154 372701203034353430302107273
155 506074255457101754552470605
156 16258064860902920906846085261
157 16630176836909890963867103661
158 19143478453148284135487434191
159 34214632058374547385023641243
160 38749821192037973029112894783
161 75457895768742624786759875457
162 137907458663520025366854709731
163 152526465243081180342564625251
164 391169135792712217297531961193
165 391371651692088880296156173193
166 484776666646053350646666677484
167 893104925898012210898529401398
168 897300387395358853593783003798
169 1827120858546155516458580217281
170 2614637404044687864404047364162
171 2869992933664589854663392999682
172 2880317007121244421217007130882
173 3821656617672933392767166561283
174 3829258391070970790701938529283
175 6116015172891715171982715106116
176 6192071557068116118607551702916
177 8114119595139939399315959114118
178 19126195852334455443325859162191
179 19337115397405666650479351173391
180 19354629378113022031187392645391
181 28528630920961911916902903682582
182 133537361909042545240909163735331
183 305646939291116494611192939646503
184 608120745870389767983078547021806
185 718676657137361383163731756676817
186 845015864866901323109668468510548
187 1201274898763484774843678984721021
188 1424755277771654224561777725574241
189 2677959269441261991621449629597762
190 12352527252841208880214825272525321
191 12373301226111401910411162210337321
192 12949187700037911311973000778194921
193 16883812041873367076337814021838861
194 37772299864182889098828146899227773
195 131674914134385393393583431419476131
196 260948833856091393393190658338849062
197 289224684977800821128008779486422982
198 393695737753417569965714357737596393
199 690604338340352571175253043833406096
200 903461314006158102201851600413164309
201 991831972640326410014623046279138199
202 1148461198267813405043187628911648411
203 2675004339402320672760232049334005762
204 5196202849020696559556960209482026915
205 6517566220007022823282207000226657156
206 7787269313567421906091247653139627877
207 7912971017863643268623463687101792197
208 8348353494350559277729550534943538438
209 8593354247171895797975981717424533958
210 21378094507492772344327729470549087312
211 39692252688932288211288223988625229693
212 79631741235611395777759311653214713697
213 158030735162336529909925633261537030851
214 731105753210065694020496560012357501137
215 1068604321860883896006983880681234068601
216 1089576879829892386226832989289786759801
217 7306981228494811137887311184948221896037
218 8743319468815734039779304375188649133478
