# A182232: Numbers that are palindromic in bases 2 and 5.
# complete for all terms < 5^58 (dbpal exhaustive search)
1 0
2 1
3 3
4 31
5 93
6 119
7 2709
8 38937
9 520831
10 682341
11 340134981
12 7609865031
13 17935304097
14 26777829859
15 169179279801
16 567897922593
17 286118927218753
18 2996750083037781
19 4738749440161121
20 6299497017331917
21 8829547069230943
22 99805500812710541
23 151875068667242337
24 202124162283446733
25 267590170057856439
26 1705198171059456701
27 57338685589431482211
28 73819093863158149121
29 89701695563295218137
30 120110524940556687883
31 122932536640098304683
32 136329883505815551543
33 150319808235063576129
34 1849130200000590372371
35 1999022506621150444827
36 2449913965194573706017
37 2536733867455442723217
38 2792665749769510987497
39 27166507811241546115101
40 105531909578180191904589
41 20563671288597289812895761
42 30101157511305300778061027
43 34083641094041215425827207
44 736745530518950421460900377
45 1057658684466420673381657947
46 15158702466911667284152932291
47 24128895953661106298526611417
48 38652107687766448554875360159
49 988758875630108503605527295459
50 7759707649673000017766173345731
51 9334944118764623994446499128791
52 425437934109169977890742265344997
53 4135705456221118388727282574288851
54 13590629945778487439668544476684773
55 321017037226919926376187816766780143
56 375797157911965789887950043353056009
57 177852359641981506858797738531472585633
58 209722421827040172004465276401545175993
59 3052866147568388594745662012355375124977
60 3614256322066141607198925081251686682517
61 4194060724398557670528876504861017124003
62 4258890537685437559460935554723360080403
