# A182233: Numbers that are palindromic in bases 2 and 6.
# complete for all terms < 6^65 (dbpal exhaustive search)
1 0
2 1
3 3
4 5
5 7
6 21
7 129
8 427
9 693
10 819
11 3999
12 4257
13 4593
14 28539
15 66433
16 85093
17 148617
18 151497
19 153513
20 180213
21 425971
22 1040319
23 1093281
24 1508381
25 1632995
26 1974031
27 1986127
28 30522135
29 30643095
30 208080483
31 1894216583
32 6662648163
33 8632935681
34 17807619361
35 18805635121
36 19435516681
37 43253138565
38 46499142837
39 84408212665
40 129132454159
41 243737427783
42 262273188399
43 276893011713
44 305975844465
45 9154514971809
46 10982103577593
47 11214404390085
48 27303621891427
49 59238470140395
50 62995659142311
51 105026120405245
52 121593745290427
53 125823357614887
54 129956651976247
55 535608924080591
56 2040316732420071
57 4978544622304945
58 5214602113362985
59 6451588843354861
60 6636395485755709
61 11931182927622549
62 12141647369392437
63 12825774359298669
64 13294033268299581
65 24109374625379029
66 25318737011894221
67 35031040848860959
68 66914369589632439
69 421678237970776797
70 442782624909444387
71 6851803640999392381
72 9027418797989294431
73 14606792210184908115
74 17836907961939038703
75 297229306823447209729
76 307741857092771540641
77 514888825293028733691
78 529106159925017013927
79 570868485923851782639
80 1407478774388559878425
81 3574872687181455610755
82 6666318737698860764461
83 7503607230677085144787
84 7840845872292061995307
85 22419218190317444716521
86 24207503363570422943781
87 33783643594880314423079
88 34579344526412674075223
89 316606603738187666909281
90 704230003987273379873961
91 802965820999708024967253
92 9357001767213361375852015
93 156780573668704785535726977
94 171662799836802452809646001
95 185917164959453833657750425
96 398732494354320733571553061
97 400653544480402135930580389
98 416236030633502957919626293
99 540770568795997877440747003
100 1001420152774788863902968051
101 1071558545897407097590245819
102 335090923209477962166023351009
103 493729853550986902109639562979
104 590250036124062960060569380471
105 594057412834676046160977203191
106 1151460991958764761721321328919
107 1246309779233513025508473638367
108 1924003540322510229911395525187
109 2188215397516195388209434210107
110 23098221660921938430582575637385
111 43230065676024338748941384226321
112 53392678384727045991390907620885
113 81187169510578567961709247260673
114 112726282006184003334695092984717
115 126146738873604287377128674189539
116 126175341184186806916005013194979
117 249636853569637276958009011189539
118 279008562840154830234915860813883
119 1739743732489528623000224571503061
120 23839259120491206010309087741204297
121 29545337654645056634130328814512237
122 29728551639811822976803614595935469
123 33652462524004883960723652560578291
124 55489443080404023181547246160101205
125 61949304328059089213243753964676989
126 107913983583749011489923894246187621
127 119879344479442718793063432664395037
128 369484894697302697271054957214190193
129 622167395013529005140638833593705975
130 6819601526227334927632344411068740645
131 14706845490752154862791314990194188429
132 84723795130247090801171557978439626623
133 112767926771820416256296577273644266901
134 133957498046208178608172058508570751379
135 2465297165358307435013759482564104137703
136 2906716512288108363692005540751561340177
137 3207240676705813056105887178900398912361
138 9350607661169712922344337972595483159515
139 15880954831118203618731674396561089000797
140 18417536835574991246349957988197217795611
141 32196226188076909627097854231542543342781
142 35212062210638853808471338737178179841907
143 95855098376365535490955547822226543024945
144 170733988420915786250229139189095234239327
145 1438748940343819512310423068445996988695585
146 3488076492697208063598486752139341866488837
147 4061751497872945661882109268381618807341405
148 4063518810816625406534097554634239276116317
149 4063594445233885072955348284922577065535837
150 7237704907108357822859348189869983954031717
151 19852275272842716762665306242936263932454855
152 21090652923010961556999205140150910216558671
153 22588981514098916185402499720509226488030593
154 44175972306967584565896798519908290730881471
155 686780366502874655656249893203874784043825775
156 802996413280148995706997882283886610123841545
157 1464871475725211711067764562015043462309870273
158 1966753774158315707518546460819370752412108301
159 5105637638579138985899650306876269467440746279
160 26384160061584449369791162265706176606562076617
161 190297669469654461342625447333235537744207227553
162 973808456029725169360597905207570623855654914389
163 1112120838183415141720393998842596712970993840963
164 2727314948402764616444005471002376201693684644727
165 2910038571634445683159842503508739402214568278911
166 6236159227815445242599824170271722700356503163153
167 6950075128450883500645563428440178130334418809881
168 9742692511564330968956013348154895117795145910955
169 33732802088992046673683114435190885013018050929949
170 39483281931196045377634588341234823181476873107483
171 106157860310479837704292645679246932976707646104201
172 244606340632105051361870581993237633165126727351013
173 248636002599882263165600768466351803263541674637397
174 252977407044697679185169090492546204379252388272309
