# A182234: Numbers that are palindromic in bases 2 and 7.
# complete for all terms < 7^48 (dbpal exhaustive search)
1 0
2 1
3 3
4 5
5 85
6 107
7 257
8 5049
9 9201
10 11253
11 11757
12 210099
13 399171
14 512607
15 786435
16 12916899
17 19992857
18 22468309
19 1052109663
20 15935958711
21 24051338445
22 37344016593
23 71859215265
24 72822171105
25 1566399158893
26 3425211644643
27 4713161675921
28 1797708850136627
29 6496728596849949
30 81590995511342857
31 427510260590336957
32 3997451286601328571
33 8979691592773352607
34 13694840704790671485
35 16675608147319445223
36 839909381231478441069
37 1051742679496162996263
38 19855989195900063134049
39 26432962459781879544013
40 471678638661546935436259
41 1617042324003877388578005
42 2045328483160276032385307
43 2537709652845469133838945
44 2746522115529753005549193
45 52309532921196512044107957
46 80347901032433196717127457
47 128713543915362867228053291
48 144735146046030299112771319
49 2059577471782805986901831467
50 4982557678672427887940064001
51 7034236954094638601879235501
52 7168548605154403876853428893
53 287315133314320447252596189207
54 7182499434569097807271824192173
55 8121732104987514149222386409651
56 8977072639551962437742724331847
57 17365595628248272346884255970523
58 171226667878730714328090576636129
59 176600911418095701723087854766801
60 254168796827533817067178116972819
61 522845062668199409711156538612851
62 599797298648400328998568112171319
63 656727396071027852774130118173057
64 812761414473068961363701749748229
65 19133605746073920847372942143712215
66 23361809184773278664216690350776305
67 322968936413169835759499628476003103
68 41791697936254078665767354648707097055
69 75045575473379565245770563849654676359
70 810609521105214044443489380236021640729
71 876224076686727986154031065298945520421
72 2135484082456642321483837640533903641363
