# A249158: Palindromic in bases 7 and 29.
# complete for all terms < 29^28 (dbpal exhaustive search)
1 0
2 1
3 2
4 3
5 4
6 5
7 6
8 8
9 16
10 24
11 150
12 300
13 5952
14 7752
15 7955
16 9755
17 9958
18 11904
19 13704
20 13907
21 14110
22 15707
23 15910
24 392850
25 751043
26 4585544
27 12737804
28 12828748
29 16380296
30 19289406
31 19380350
32 20228253
33 33115710
34 395849700
35 1339182534
36 1559018571
37 1657740313
38 1887782756
39 4101790688
40 5847143192
41 5867605592
42 7369606800
43 7390069200
44 7646873944
45 9255118856
46 9511923600
47 84242963160
48 89342886660
49 148492661640
50 256842091200
51 480691218480
52 688080293286
53 1176680893991
54 1353798769135
55 4032235777820
56 4088499671157
57 55301468153100
58 153773852606700
59 173959139698650
60 291624900906480
61 769803145794840
62 3749731044462685
63 4693086160483548
64 5944101034891393
65 6002417342510571
66 6533110218490951
67 6938046464321557
68 7796939778801793
69 8314655449607106
70 9164688817196414
71 9651566267827748
72 10063492369486373
73 10197981236185266
74 11129711804045428
75 203838338365276890
76 216672097261764510
77 263794361852430720
78 299353887101501970
79 376846088750170568
80 501987123387122211
81 2930908659700483208
82 3011639550202798464
83 4664121418875645686
84 5443920695595169278
85 9001551792045443843
86 10033940559704098928
87 135966076546616278680
88 1308097571666996682060
89 3655226458975970975336
90 4008818147077339125168
91 4165195826558524501992
92 5523505261059547295160
93 8529224218399934779176
94 35151729044016343190400
95 833738422641562474112700
96 999244876418973376317239
97 1602185222347852978705306
98 1656746536374976176858514
99 1690200505773545420660897
100 1854853698937308231644556
101 4275533119321048313498456
102 4688233494289242618749232
103 25210299569040214043165010
104 88640854041471564302725020
105 682440301481085470266737672
106 1197750169891984486711053590
107 1361710991115536603157147806
108 2181959871705099791966033339
109 2353705701903366377037565138
110 2630698638768699154848240456
111 4015424299333924901056342902
112 4094026678748732862064367939
113 4452810945468239806522930262
114 5496783331054601551718026488
115 5519900107707795803356399096
116 5834873563376845522159863299
117 10185425991581519311880174880
118 181311531269527234380368310064
119 206371721704695004293467136228
120 229178357183758569200587331656
121 564383299150944713348013219192
122 574892544028626843073583183432
123 902047157282097106779466806064
124 954154576382767705104069966904
125 1338493406559731724814753498792
126 17878942092082627757392709279250
127 98688779287503473910583675335960
128 166274166305470634655175513946806
129 456340620582279969056851328003113
130 542487791808767273942096960375708
131 677728654579082985648755054137521
132 832105036508509982507053047406094
133 900363091701632812989640954227359
134 1045439664559434803120456507952160
135 2244904423075300182560820366087312
136 2312690082561634822793675546254464
137 21466661959990399742675086148581500
138 318241525949317690369237910040605167
139 639036375376925905736905899287519445
140 708165424583184734591279952551993611
141 988168675641640107398122944922767880
142 1009513338550270404307564792021421654
143 1211511287893909110309275996829668071
144 1292236219293855893423409399976849702
145 1447481475951212651442114165447720114
146 1528566513089049364017331497694610047
147 1582248248889627875766174935855496015
148 1675433359125339441258588451438958970
149 2355504544653059875807538906208818864
150 2709872124676299480532690722469959080
151 94495784922168090745577526859349286660
152 155387298163631788487380460754391587624
153 379824079815666784693712892157381051536
154 829893583642528326970845593633134065524
155 959413827467328968892515335619758687922
156 1107023490906925063998410119733322806885
157 1240153024962118456061735651667639622800
158 1412823782869711595507613029751431104675
159 1483842840062095904086608532854823157612
160 1611213098424939749697912467411971993048
161 2112026599570702091990848523075950439690
162 2301869556607992655801090803263189785206
163 2595994748322913398783012243698158764544
164 28209634520289646009255244475716583045360
165 32619396036355908297530850514397233376520
166 77500874388663233456943143328448829127570
