# A249156: Palindromic in bases 5 and 7.
# complete for all terms < 7^48 (dbpal exhaustive search)
1 0
2 1
3 2
4 3
5 4
6 6
7 24
8 57
9 78
10 114
11 342
12 624
13 856
14 1432
15 10308
16 12654
17 27616
18 100056
19 537856
20 593836
21 769621
22 1434168
23 1473368
24 1636104
25 1823544
26 1862744
27 17968646
28 18108296
29 22412057
30 34713713
31 34853363
32 39280254
33 159690408
34 663706192
35 764059578
36 1621093206
37 1680662856
38 1692569856
39 4191009888
40 7721681656
41 17493894797
42 28581869444
43 65252488452
44 147445356024
45 364482389232
46 4359505255951
47 37465698385746
48 179568939231946
49 298887675308328
50 850046505221616
51 4951212613811152
52 5784321085207262
53 6746177019008522
54 7858433687515933
55 8152267045954638
56 8491231634043863
57 32369820521361192
58 55358830255457544
59 110535513802830796
60 238359847236631248
61 2421099236773866016
62 3473187009111400832
63 4074872026917237092
64 4854611133682563408
65 6139100437190687429
66 18273867034949670162
67 97411522344257146392
68 348557712481567649796
69 486267340125277760142
70 501421356545418476442
71 1191911601483144093656
72 1256193516603697424206
73 2409216715720544526112
74 3695400097492315843248
75 8362079157242442395616
76 37637504634853696144016
77 39695632789437991162941
78 40851647091858572666841
79 61910549215322379497792
80 91956582424491712914848
81 191971143478439368681416
82 431184915313742016296568
83 1047531737761472233043741
84 1066391919678134643984896
85 1256031294979348958308702
86 1453617113906454431731562
87 1530277910898567168799142
88 2321960082349719678424248
89 2394539449288117532766804
90 2423988091016575847870104
91 35167969675743460448147137
92 42310156535073785505473572
93 70429024967205161023249899
94 97248837521263942906315956
95 282689870636916431667614448
96 976207359933100790935423192
97 1213323128501753504342133958
98 1289371409650922995655125463
99 1472560409894462888796811904
100 1674355105238476906904350644
101 2423501954731116357686995206
102 11723054436656431355451572056
103 25292184552896021327940095992
104 40800628848939333221843355064
105 54509933711420328377242799976
106 83148521346411673992902651646
107 261756867104094289452119024826
108 410397106635055948803094251896
109 431704296267795648880207994696
110 927451262215976909057453099904
111 1062387283724915891027651425544
112 1132685164796352402752513086624
113 6976656235846405282914590736006
114 8296188847991056676153064204661
115 16997633060909330537787173327372
116 66995034122542916681439587036832
117 139420408728235320760831714497324
118 168540376636047871478438097754226
119 393221844888445648876607812118242
120 656560359527387257175481781085894
121 2385326667540629653412439456221208
122 6700818533729280905971150827123821
123 6746724148815193333316461953325946
124 11777563242560373235522194430216808
125 12301166534511251877970626752752788
126 12362823315175392904095454098171788
127 15751805411626645053973897737923014
128 17641834648906356846538443801086374
129 51273810835554458189201257472190072
130 65207741843940873419843498296209168
131 76004444366601851200792006595846784
132 79125145915228261036077086164217664
133 535185094012782134223855217721880006
134 1272694387420459235292083250351141672
135 1821382446084092117593036689345380304
136 3121364215975444368095655059805383136
137 4045133285029432616650102974455870896
138 5204919992342424895660676746878609832
139 6804533932552717975339562537512378528
140 18012636837260914771139795501194690266
141 38968501117070777388269581712903261688
142 41436117882755804099507221194772682718
143 61187779264944459854884815046363639676
144 88459433927810148755502400236610231861
145 102390016999130649011721652496900482546
146 414714311607996075038058209114184873936
147 1058197804870156016577505503989795420148
148 2383966815691766116033204187509034011816
149 2973195529300077359657339640288945393452
150 3721608414624822503299554110827898219442
151 4473759171355079285881233411716662515258
152 25858366324597261426030496134700250736968
