# A249155: Palindromic in bases 6 and 15.
# complete for all terms < 15^43 (dbpal exhaustive search)
1 0
2 1
3 2
4 3
5 4
6 5
7 7
8 14
9 80
10 160
11 301
12 602
13 693
14 994
15 1295
16 1627
17 1777
18 2365
19 2666
20 5296
21 5776
22 6256
23 17360
24 34720
25 51301
26 52201
27 105092
28 155493
29 209284
30 587846
31 735644
32 7904800
33 11495701
34 80005507
35 80469907
36 83165017
37 89731777
38 90196177
39 118381135
40 131249816
41 165665834
42 166130234
43 168096554
44 168560954
45 19868858947
46 202710823040
47 4197587711017
48 4477466769247
49 4477935111247
50 4597931032867
51 6667484299106
52 68299436197552
53 148319480254981
54 148594304317981
55 160725987839971
56 260189392532852
57 261902479957652
58 276246097197542
59 959091897067507
60 15012486611360032
61 35592006832827571
62 38008148117105761
63 61097627913530642
64 142828263656079949
65 228833317344095737
66 3438608259401716912
67 8425449515274432361
68 32242058264740606849
69 127008186457634809936
70 752952980450615515792
71 753032586007191157792
72 6638178499023532396609
73 6686632416534143596309
74 6953069365619265023329
75 7368690444353349241939
76 10658874848286333761377
77 10974402331930052667097
78 11397145769735915135407
79 12380234817315907178858
80 12960694405062120040598
81 16302183284442707122736
82 18685241244374621914047
83 376178361770699214189541
84 2484672753532463933123587
85 3695428035929235610989026
86 4226793538502300402460537
87 340081611711521780932476199
88 355971209534794822452639919
89 358338410790073158052017619
90 372767009125938213620151439
91 646758449497776849570600668
92 835526405003206420213741616
93 848593064006636434224566936
94 900250443651067911487680087
95 919071120572008878272393997
96 948923150669741129943870837
97 1367640072841575006065437696
98 1380195654184829654438918896
99 19218835809514294420284404131
100 142308665331862872143024429048
101 208714677639646016871587457987
102 272698819412200922267888605216
103 16428748859516948591385242667079
104 30353547270078468717404136720308
105 31316213267673244839551872712318
106 32835901596383540998362711852158
107 48599383508938149495779652151917
108 3746336595143265620461060772693479
109 4145391005017793779065478994129209
110 10633351240903859659173748522208067
111 10815763216161117120457782172721787
112 11071325226137973277474381117173297
113 539333645528762145688322351767310507
114 937046440422645874020363448704664099
115 1548082210656511164702537268081364498
116 1599461209078766598332414879766378308
117 1907215965898772774118959220922411419
118 1914283674068944655434147427295867819
119 2314743297563446843799138458089941127
120 2364917240675183979031698201800107347
121 2410645460549400197688093204749353557
122 2415472982805395036439075918950741157
123 2489526765405226844934252263446372197
124 2492712393486033190345791610221719997
125 2579480576450432668170723667398682828
126 127011629796242151511451585453063338787
127 182192388541548223196355733544482453549
128 183680693132241501761995155006629737249
129 210059320293998123468379136899062440699
130 412567210732637091053735844291524480979
131 25799331795810786813001498076516114750087
132 26939835950312492904334302714472151068067
133 44004076341267418794699120984351025794259
134 47466255040503911275067273252897413033699
135 47473356045119868410855856298077410185699
136 17597042999060159529640733061341590538400458
137 20201714684825502236395031380142685610180029
138 82744185538335020707988107145252989181130032
139 152175941884858914445094393243194850976433264
140 1248056399718837825466224967684104868230946847
141 4584327337894231137233699685819982517652890619
142 6567617883831727830670324981211109379444265938
143 7248243561261978077453826504662538058448444729
144 36381342590688558099756255025288179788355350464
145 198720700351002372047834257069253179346557518316
146 205154467701259707633270711713207256067718425006
147 213406265841414538595173257278658615292591151596
148 213585830169111562266678849501618840752707685596
149 505727164788767787350612342035876185316868253649
150 7310619595971675809639517492257796983026444874944
151 24123667724555605764592071804475891705732006227584
152 61056925365884474658395130393558656390138761728917
153 61988101888753520549933675902022767137393209341607
154 101906670071575670426248059173505258194052445406119
155 108610015832878164837190545532153800540102565208029
156 131527531669725443092131969388309432784372436092090
157 139046624102265977201583349595092810424276666512700
158 234453599244606884997315174720849103153683691750599
159 234845158199276095749027410007876958725429294726399
160 240236069035092733637775518397848564369609976873219
161 246578971172648423245611257534200194041742282274329
162 246979370518464616999291435653582334301639205849129
