# A249157: Palindromic in bases 11 and 13.
# complete for all terms < 13^36 (dbpal exhaustive search)
1 0
2 1
3 2
4 3
5 4
6 5
7 6
8 7
9 8
10 9
11 10
12 12
13 84
14 366
15 510
16 732
17 876
18 1020
19 1098
20 1242
21 1464
22 10248
23 30252
24 31110
25 62220
26 103704
27 146541
28 3382050
29 3698730
30 4391268
31 225622530
32 272466250
33 413186676
34 713998530
35 801837204
36 848770222
37 912265732
38 1209976366
39 1380238822
40 2825462916
41 3621083808
42 4226415744
43 10219072824
44 69318625642
45 105464568972
46 161292069901
47 250193667062
48 512210542548
49 603486499464
50 1296122909844
51 7468574153460
52 7682588331838
53 37522234304556
54 60125093502684
55 136877920227612
56 210697545039900
57 222455366133204
58 263132215494276
59 706120780551396
60 23017500169897524
61 26628726528852168
62 33569506133299716
63 48231341375350574
64 54260383093609980
65 70045698259183934
66 187553405535061790
67 251380083615025876
68 309544827674932570
69 436347292972775842
70 2317833915215133396
71 2562297897934579392
72 3575946218650183968
73 4551494667585132936
74 5312916832360379340
75 6315063647793116173
76 8562391374356242292
77 12065033306023899852
78 4082548369579576752884
79 6426211459567767714812
80 12130719580343342053824
81 18759942934749567650904
82 105127856432858832110231
83 111511271330150383683113
84 7215796956339599228016600
85 15797465526141235365227569
86 21323257113801329150492151
87 28313110744106229368723508
88 29318795775783333962692871
89 34136190621765008495076251
90 40299784704075346695079652
91 40780228849182325313501651
92 41924543051715266334246232
93 2247590071495388639450294062
94 2368712569093753293666460833
95 3312528396131212669607345558
96 3512920501825886517601347092
97 3548650163907389600047420555
98 4121436210106575080370936982
99 4244027635066390693838099622
100 4654840228356968339436678836
101 5225725457181266963037584520
102 6609945183787405405311455699
103 78625311445589794794623098356
104 112379226423943932219872536692
105 177941702540374467556155915479
106 311419096257432390250126522344
107 360245372546095736620770439801
108 567798099890913162357100053812
109 597149144855472839806917617012
110 611318270818223390383282960203
111 761084708829143823766618314112
112 860271838146506331676920239004
113 962020370975018426771578011832
114 981861241784943575495377487963
115 1043186576024061098804807388169
116 1139260251993633547361457643678
117 6688972338893626490136108606996
118 10823974195573387035654406574124
119 24226971728583138630491115089637
120 30520951102480151182921730824432
121 50578111424090362697580393939323
122 79334552873478375450329200929865
123 100740163363516110465871505141690
124 140192796201350417690034338576181
125 158815420180191517461145340265999
126 162239594151606103932871966075113
127 179926757151302252245777733833084
128 1719413308722349480350982865675976
129 4367900948190003472824345369672723
130 5248953105527177485708997025343190
131 7217751762244269529780204983007384
132 8290999983010392333902089782101482
133 10771366495584226644136479158686350
134 14165383467300436983577742643823039
135 17653568047731192891494019539775380
136 20979795712479343521263909301016800
137 31190072856077951506813051433088960
138 61506452755368165179283861097050816
139 176069380842397452849740744571795828
140 328220782793977561778540879783821338
141 1490485785849884280552486679094883664
142 2181951299021161502068161422503074096
143 2470372990508321846548785615117601374
144 2758310202197825789657759185472132119
145 4241629356488678925926457444393022872
146 108548244564389068079532808541610347805
147 153212725961665063816924375389633603229
148 159049995877814070328938726981375010336
149 208453993989887019272834250945252795343
150 260344154441959651410540863127580930200
151 284884613037366906989185031467910293050
152 765644151042779485921622711199674757708
153 931629897463316280485112697858935251424
154 2241287085780823111594883621648525266116
