# A250409: Palindromic in bases 10 and 24.
# complete for all terms < 24^29 (dbpal exhaustive search)
1 0
2 1
3 2
4 3
5 4
6 5
7 6
8 7
9 8
10 9
11 11
12 22
13 525
14 575
15 2332
16 4664
17 6226
18 6996
19 8558
20 10001
21 11011
22 12621
23 13631
24 374473
25 1851581
26 2207022
27 2267622
28 2762672
29 3118113
30 3673763
31 4029204
32 4296924
33 4925294
34 5103015
35 5836385
36 6014106
37 6281826
38 6747476
39 7132317
40 7192917
41 7658567
42 7865687
43 311747113
44 353000353
45 417767714
46 459020954
47 491979194
48 728434827
49 760313067
50 866333668
51 981050189
52 1039669301
53 1516776151
54 2315115132
55 3032112303
56 125825528521
57 129797797921
58 240745547042
59 686286682686
60 780089980087
61 1042342432401
62 1047699967401
63 1318742478131
64 1490461640941
65 2024272724202
66 2084226224802
67 2084684864802
68 5223359533225
69 100344010443001
70 106395121593601
71 108971474179801
72 273593222395372
73 279033838330972
74 294823767328492
75 296430484034692
76 352084363480253
77 379849999948973
78 649457474754946
79 649470979074946
80 668444222444866
81 709277808772907
82 720623343326027
83 726674454476627
84 893859050958398
85 893872555278398
86 972363696363279
87 974909929909479
88 978898787898879
89 1081605445061801
90 37872782328727873
91 56257511911575265
92 334935786687539433
93 351531099990135153
94 500807240042708005
95 689870646646078986
96 705673961169376507
97 830868275572868038
98 834291782287192438
99 5219957301037599125
100 33847674500547674833
101 39763873222237836793
102 47620992166129902674
103 86812504855840521868
104 225048179525971840522
105 5720472238008322740275
106 14477990660906609977441
107 71300029594649592000317
108 95528099096969099082559
109 223610367513315763016322
110 526970030147741030079625
111 5705508594989894958055075
112 5705961553567653551695075
113 5726393288270728823936275
114 9480571413533353141750849
115 78306968117055071186960387
116 88548947001722710074984588
117 92457915335366353351975429
118 125623664514686415466326521
119 135021991807353708199120531
120 578379706633898336607973875
121 8901573125919119195213751098
122 13797218632245654223681279731
123 24758778014539193541087785742
124 26621349082992929928094312662
125 41304313740776067704731340314
126 43808659619518881591695680834
127 48806811197453835479111860884
128 52966244482139693128444266925
129 54471793440915151904439717445
130 65667330599283138299503376656
131 67140814774707470747741804176
132 67798439089955355998093489776
133 89943384230599899503248334998
134 93820860090491719409006802839
135 95333149645217171254694133359
136 95959991427309890372419995959
137 527344724413210012314427443725
138 6681340314953258523594130431866
139 9166109264546872786454629016619
140 9166730205878850588785020376619
141 12635645261960899806916254653621
142 17668568137478033087473186586671
143 34750790472271266217227409705743
144 39946418853603522530635881464993
145 41788153958305444450385935188714
146 53970061629801255210892616007935
147 528095667133627121726331766590825
148 7176648563267884994887623658466717
149 8978276108079019889109708016728798
150 12391139543577315651377534593119321
151 18318239323495970607959432393281381
152 24267986248298613331689284268976242
153 24425722377037911011973077322752442
154 24683434086876873637867868043438642
155 30903810792505641214650529701830903
156 30922009995454161816145459990022903
157 30926608891576324642367519880662903
158 2026955645761869444449681675465596202
159 6542905687555049468649405557865092456
160 6581422999518603166613068159992241856
161 6793833140413087821287803140413383976
162 8129696303685614734374165863036969218
163 8331766369985002897982005899636671338
164 10354958024133644277244633142085945301
165 1736515410473024959559594203740145156371
166 1752661427041315035335305131407241662571
167 2688655175374362009009002634735715568862
168 4516645234478258235555328528744325466154
169 7528751229655133341661433315569221578257
170 7562498229787438797447978347879228942657
171 8103917806388616247557426168836087193018
172 8105050367697012413773142107967630505018
173 9620280823785621796226971265873280820269
