# A250412: Palindromic in bases 10 and 36.
# complete for all terms < 36^26 (dbpal exhaustive search)
1 0
2 1
3 2
4 3
5 4
6 5
7 6
8 7
9 8
10 9
11 11
12 22
13 33
14 111
15 222
16 333
17 444
18 555
19 666
20 777
21 888
22 999
23 1221
24 1441
25 2882
26 5115
27 12321
28 16861
29 19491
30 21112
31 30803
32 33433
33 36063
34 37973
35 42224
36 159951
37 741147
38 987789
39 1301031
40 1867681
41 3315133
42 4306034
43 5182815
44 5927295
45 6918196
46 6950596
47 9242429
48 9488849
49 10066001
50 48655684
51 952343259
52 22446164422
53 27958485972
54 37280408273
55 37579097573
56 44596069544
57 49931613994
58 54647974645
59 56102620165
60 56276967265
61 59552225595
62 61664946616
63 66394149366
64 66516061566
65 71904040917
66 73533033537
67 1679755579761
68 2402398932042
69 3955010105593
70 25120399302152
71 28420977902482
72 32866755766823
73 67743488434776
74 85582866828558
75 343201454102343
76 361400848004163
77 389004000400983
78 5804986116894085
79 13906815051860931
80 46421250005212464
81 46524937473942564
82 50813624942631805
83 57673510101537675
84 66934618481643966
85 70546180208164507
86 70649867676894607
87 70701803330810707
88 77305171417150377
89 116979806608979611
90 839256186681652938
91 854404185581404458
92 2476507590957056742
93 5056422359532246505
94 21783718822881738712
95 40685060744706058604
96 68332722733722723386
97 89128718100181782198
98 89811756188165711898
99 111471214393412174111
100 113267621838126762311
101 113540594040495045311
102 130213518888815312031
103 131707504070405707131
104 151189775222577981151
105 928936838838838639829
106 9024948796116978494209
107 19343889854545898834391
108 19487221114441112278491
109 19976326470307462367991
110 27364091592729519046372
111 29080101105450110108092
112 29809356863336865390892
113 31720854267576245802713
114 31906322447474422360913
115 35878280107670108287853
116 41448341769396714384414
117 64667650473137405676646
118 70472578710501787527407
119 72429602613831620692427
120 87402858796369785820478
121 93239278549194587293239
122 97026839116161193862079
123 105296251792297152692501
124 118103353529925353301811
125 194785918211112819587491
126 746670037767767730076647
127 3432276104782874016722343
128 7059908128897988218099507
129 9045179247078707429715409
130 30507191077566577019170503
131 57187213615977951631278175
132 154040954300939003459040451
133 190926922944575449229629091
134 208453618453828354816354802
135 258954146822919228641459852
136 9609197380790770970837919069
137 54050718691979797919681705045
138 56022109030232723203090122065
139 62544212294669896649221244526
140 64555628751761516715782655546
141 156815644256481184652446518651
142 324019791061220022160197910423
143 326689570493201102394075986623
144 329328719094341143490917823923
145 364264407355117711553704462463
146 368333583474271172474385333863
147 1140966759298904098929576690411
148 5932946073275155515723706492395
149 7258238679137491947319768328527
150 73338240417336344363371404283337
151 121873065087957393759780560378121
152 124445676475168949861574676544421
153 125073559042129151921240955370521
154 242975264029568434865920462579242
155 275676844677838969838776448676572
156 393981968728751757157827869189393
157 8974491658163999119993618561944798
158 13006860378888401210488887306860031
159 33335134970615882328851607943153333
160 33567980330440491719404403308976533
161 57812420136644237873244663102421875
162 98598118179043487178434097181189589
163 378945010320915138831519023010549873
164 600307735512316805508613215537703006
165 5648585064281313742473131824605858465
166 5896567030304396594956934030307656985
167 18172335099053207988970235099053327181
168 35309429607965398166189356970692490353
169 172554553720805442949244508027355455271
170 412697415594802342424243208495514796214
171 535368960280335463414364533082069863535
172 561930608233561613888316165332806039165
173 566497147700305047676740503007741794665
174 638749653930535236646632535039356947836
175 680058993690376872090278673096399850086
176 685465562809958132656231859908265564586
177 705449167170320140080041023071761944507
178 708563998869489252292252984968899365807
179 4009748897277516385115836157727988479004
