# A250411: Palindromic in bases 10 and 27.
# complete for all terms < 27^28 (dbpal exhaustive search)
1 0
2 1
3 2
4 3
5 4
6 5
7 6
8 7
9 8
10 9
11 11
12 22
13 252
14 616
15 757
16 838
17 919
18 10301
19 13031
20 15951
21 17871
22 65856
23 1197911
24 2287822
25 4385834
26 5475745
27 5549455
28 6278726
29 6639366
30 7368637
31 7573757
32 8663668
33 8737378
34 9392939
35 9466649
36 9827289
37 67166176
38 214171412
39 609808906
40 836040638
41 2132882312
42 2487997842
43 5364224635
44 8417447148
45 9058338509
46 2823881883282
47 2904768674092
48 2969036309692
49 3817559557183
50 3958336338593
51 4280234320824
52 4446399936444
53 4520609060254
54 4725972795274
55 4806859586084
56 5052248422505
57 5193025203915
58 5779540459775
59 6014294924106
60 6041548451406
61 570984989489075
62 824685424586428
63 872951606159278
64 963217686712369
65 987115383511789
66 1276149009416721
67 2533880440883352
68 3774273333724773
69 63240319091304236
70 295871648846178592
71 475084743347480574
72 752009074470900257
73 957001143341100759
74 1653624894984263561
75 1800943129213490081
76 1905991653561995091
77 1975783979793875791
78 2019923988893299102
79 2800354468644530082
80 2885566902096655882
81 2973882904092883792
82 2988046368636408892
83 3032960836380692303
84 3386694465644966833
85 183041901838109140381
86 696067919323919760696
87 703326187535781623307
88 814161635171536161418
89 827809907060709908728
90 914953225585522359419
91 1382730900000090372831
92 1693404525995254043961
93 2635233580220853325362
94 2746983281331823896472
95 46250977359995377905264
96 86079962605250626997068
97 92723610384148301632729
98 94261674204140247616249
99 464397564319913465793464
100 1000238930136310398320001
101 1208548428985898248458021
102 1798059854180814589508971
103 1802160476849486740612081
104 1886747161210121617476881
105 2073977966078706697793702
106 4038117968333338697118304
107 6950012081730371802100596
108 67376114548255284541167376
109 109088505300868003505880901
110 164996124019474910421699461
111 226437851929787929158734622
112 295710359334929433953017592
113 398609983818969818389906893
114 463491688380535083886194364
115 648309341763686367143903846
116 703579834254303452438975307
117 831518727594434495727815138
118 27777283502459795420538277772
119 42164024668980508986642046124
120 43065687613305450331678656034
121 73962984614988488941648926937
122 82273967708724142780776937228
123 95872230303232323230303227859
124 98879695394699799649359697889
125 326453310088550055880013354623
126 494057913608053350806319750494
127 887048854471873378174458840788
128 1026544977961689861697794456201
129 4039208702958088808592078029304
130 6747384413564170714653144837476
131 27575143052156588565125034157572
132 83027353415039299293051435372038
133 155588984137475808574731489885551
134 189280460611063202360116064082981
135 223358812422880656088224218853322
136 299767984523300878003325489767992
137 408106468300596595695003864601804
138 431744675910509171905019576447134
139 656227032976644828446679230722656
140 672258821107252454252701128852276
141 780987580723929343929327085789087
142 4670358386321237227321236838530764
143 21406155574073919491937047555160412
144 27603870537658852825885673507830672
145 44426405585109416961490158550462444
146 97647638086818449694481868083674679
147 189112089528966001100669825980211981
148 235532079932223560065322239970235532
149 376783390565948663366849565093387673
150 602153892086476378873674680298351206
151 48076186794864009400490046849768167084
152 67345675495266952644625966259457654376
153 74583678716146397455479364161787638547
154 107988715764781711757117187467517889701
155 113068478736838050606050838637874860311
156 163772118047068307101703860740811277361
157 175982856145907833161338709541658289571
158 176398557279817752676257718972755893671
159 222577826097665297090792566790628775222
160 226641556028502163353361205820655146622
161 256663504510534717262717435015405366652
162 280639982162055172414271550261289936082
163 332913509857918981171189819758905319233
164 383265806172016142343241610271608562383
165 386666132385892294444492298583231666683
166 395827462414838814606418838414264728593
167 6355998462989294720880274929892648995536
