# A250408: Palindromic in bases 10 and 20.
# complete for all terms < 20^31 (dbpal exhaustive search)
1 0
2 1
3 2
4 3
5 4
6 5
7 6
8 7
9 8
10 9
11 11
12 252
13 6556
14 6776
15 7117
16 10101
17 12621
18 20202
19 22722
20 30303
21 1784871
22 1786871
23 1788871
24 1913191
25 1915191
26 1917191
27 1919191
28 1444884441
29 334495594433
30 334843348433
31 355110011553
32 355746647553
33 10614366341601
34 14102600620141
35 28095922959082
36 38072044027083
37 38283622638283
38 44584411448544
39 44778355387744
40 48473077037484
41 48479922997484
42 54985444458945
43 58456044065485
44 58661700716685
45 58667622676685
46 62089899898026
47 62296044069226
48 68838611683886
49 68851155115886
50 68857077075886
51 72279011097227
52 72678611687627
53 72691155119627
54 72697077079627
55 76160000006167
56 76185311358167
57 82868066086828
58 82885700758828
59 86356300365368
60 92862200226829
61 96544000044569
62 96757333375769
63 112733090337211
64 112733414337211
65 112739252937211
66 112983848389211
67 112989686989211
68 115238181832511
69 115482161284511
70 115482777284511
71 115488939884511
72 115629444926511
73 2533401331043352
74 2533637117363352
75 67180087178008176
76 67182731613728176
77 67314157075141376
78 67316404740461376
79 67316423732461376
80 69515035653051596
81 69515054645051596
82 69517556065571596
83 71831895259813817
84 71874813431847817
85 105878013310878501
86 471884799999997488174
87 517009056525650900715
88 517026072333270620715
89 517049175282571940715
90 517473208373802374715
91 14821871469396417812841
92 155753084664466480357551
93 155778498219912894877551
94 3566379417412147149736653
95 3566396394241424936936653
96 108218383371898173383812801
97 141656562315777513265656141
98 141656587864151468785656141
99 143703124407616704421307341
100 143703124428373824421307341
101 143766507497959794705667341
102 143766507892161298705667341
103 145813379974505479973318541
104 145813396454202454693318541
105 145813396492606294693318541
106 145870046487010784640078541
107 145870215645979546512078541
108 145876585192373291585678541
109 145876925227808722529678541
110 145876925622010226529678541
111 180116390598999895093611081
112 180116390972444279093611081
113 180173048791666197840371081
114 180179927575949575729971081
115 182226164194989491461622281
116 182287014089545980410782281
117 247505238405828504832505742
118 247505253613999316352505742
119 247505253636727636352505742
120 247505253657484756352505742
121 247509096358565853690905742
122 249615825649252946528516942
123 249615842123868321248516942
124 249615842167353761248516942
125 249619202826383628202916942
126 249619202849111948202916942
127 249801123833040338321108942
128 284100936710303017639001482
129 286028610260828062016820682
130 286214568609868906865412682
131 286214585127969721585412682
132 288136186202969202681631882
133 288324351188878881153423882
134 324057492532252235294750423
135 324057492570656075294750423
136 324243113760424067311342423
137 324243113781181187311342423
138 428041842339757933248140824
139 428041842751606157248140824
140 428045227346787643722540824
141 461422729604545406927224164
142 461483277045010540772384164
143 461483277083414380772384164
144 461489987041747140789984164
145 463599736310494013637995364
146 465640403379212973304046564
147 567524122545323545221425765
148 569634523031393130325436965
149 569634523816808618325436965
150 569634523837565738325436965
151 569634548185565581845436965
152 644072982720101027289270446
153 781253294039686930492352187
154 887102300163151361003201788
155 887165514528444825415561788
156 887165995298969892599561788
157 887165995672414276599561788
158 887165995693171396599561788
159 887351293860656068392153788
160 889275744508555805447572988
161 889275744546959645447572988
162 889275744920404029447572988
163 889275744941161149447572988
164 889279121729171927121972988
165 889279129576717675921972988
166 889279129597474795921972988
167 960856562315777513265658069
168 960856587864151468785658069
169 962903124407616704421309269
170 962903124428373824421309269
171 962966507497959794705669269
172 962966507892161298705669269
173 25963800156370407365100836952
174 25965145712184048121754156952
175 691022154286947749682451220196
176 691024876791993399197678420196
177 714218398654660066456893812417
178 1619853610291648461920163589161
179 3213544703252812182523074453123
180 3213546057808432348087506453123
181 12199068645843235053234854686099121
182 12199273085156279297265158037299121
183 12341210492627740904772629401214321
184 12341231973910821312801937913214321
185 12345009773704925152940737790054321
186 12345214190260052525006209141254321
187 12345406230917366866371903260454321
188 12345427181474635753647418172454321
189 1560666708282522625262252828076660651
190 1560833389725872591952785279833380651
191 37347496071367073477437076317069474373
192 1454016369177397335225337937719636104541
193 1454665553819152938888392519183555664541
194 1454667205991339409449049331995027664541
195 1496616623375472128778212745733266166941
196 3675538601125981400660041895211068355763
197 3698934328450079031771309700548234398963
198 3698972312076321851331581236702132798963
199 3698972396262107539999357012626932798963
200 4402958702640383121991213830462078592044
201 4402958706676512653443562156766078592044
202 4404202419471999057007509991749142024044
203 4404204168407319722332279137048614024044
204 4404853586169940003223000499616853584044
205 5856315724960934465775644390694275136585
206 5856317224373658274774728563734227136585
207 5856901217463584777337774853647121096585
208 5856968146636394266886624936366418696585
209 5877854468457099802002089907548644587785
210 5877856300923159642112469513290036587785
211 5898156797399826530550356289937976518985
212 5898740959025234804884084325209590478985
213 6604621911974661773663771664791191264066
214 6627437460087380351221530837800647347266
215 6646489319719326120440216239179139846466
216 8806355855408620062552600268045585536088
217 8806355859647614048558404167469585536088
218 8806393670085994156666514995800763936088
219 8806393843282446060330606442823483936088
220 8848959510712638610770168362170159598488
221 9886168445788893141771413988875448616889
222 11844080970897471279197217479807908044811
