# A259384: Palindromic numbers in bases 6 and 8 written in base 10.
# complete for all terms < 6^65 (dbpal exhaustive search)
1 0
2 1
3 2
4 3
5 4
6 5
7 7
8 154
9 178
10 203
11 5001
12 7409
13 315721
14 567434
15 1032507
16 46823602
17 56939099
18 84572293
19 119204743
20 1420737297
21 1830945641
22 2115191225
23 3286138051
24 3292861699
25 4061216947
26 8094406311
27 43253138565
28 80375377033
29 88574916241
30 108218625313
31 116606986537
32 116755331881
33 166787896538
34 186431605610
35 318743407660
36 396619220597
37 1756866976011
38 4920262093249
39 11760498311914
40 15804478291811
41 15813860880803
42 24722285628901
43 33004205249575
44 55584258482529
45 371039856325905
46 401205063672537
47 516268720555889
48 926464106240659
49 2098982030706015
50 11716742258786637
51 11951590146783957
52 12165877883083869
53 18474790776900161
54 21316861847661257
55 24642663243594193
56 31629295131227185
57 53493764633670074
58 485893308196560339
59 498683205468936027
60 1331874276783373897
61 1373896414642050313
62 4464556519216209395
63 4610858255198740475
64 6604592701475687341
65 6670196618287715509
66 6676995959002864309
67 15055878270585464361
68 15292492682301599913
69 15385536281457855657
70 226800596470478658307
71 470473355044455858206
72 527746494866314721871
73 537799059792585250455
74 587636422553353669503
75 3295429454574941021541
76 6561870189686046211609
77 9131782647891247369465
78 18779868883630660225467
79 34176829866721135211471
80 36140547047832144555119
81 36143642155465771474031
82 36466655482550692828079
83 36677571538112250298487
84 36808172245371104292023
85 137423898080424816426027
86 2134614269532095973527815
87 28582546841502580305447321
88 60978405623386535042649163
89 63194207141387401314160723
90 150544164151401064594661559
91 1944384092037331351587625249
92 6755530670288291114209019229
93 38578813063424105751979963515
94 38667760427857725853362163323
95 569039931480881303784826776271
96 589343263074769715888399925535
97 1179218144906231995781609832945
98 1199853006872202787683959771769
99 16011215642888684557465462984843
100 16737443430918295890689737983187
101 17588497800570602403331999792987
102 17703746788790959950345260484571
103 31975819392491102760655271188694
104 32929665226673927456162032978910
105 42666123278340883486195265094849
106 43379124939343799523332263298817
107 296733290288865530211603426157335
108 305772425713526660637377913697959
109 429376116840690171769953607072529
110 515828444716043325794635800570721
111 1718416889269023855675269153660565
112 1719793755024451433231163099652821
113 2046114843474940103747102651848918
114 2563937469470781952190067724360319
115 42341287613327599915339024776652418
116 64691001872098915291971428956267971
117 64834913836269597181956250242231747
118 65508832381431525300828187011677259
119 83180290910958386320165720946230276
120 329630173083563330936704668239163321
121 2208068065619698081951432491434820777
122 2213616325217695633013313430022052009
123 2472060159671599556016402523681067505
124 3028706529284507557600028299025697874
125 83551423816451147216271469800907566519
126 84347481557952597563715640987688999679
127 121006406873922706414641221968101941465
128 472099180656608465374713123503821726437
129 8445571266626706796149546310347045901537
130 16646730333968628709105020624269307689667
131 30012303351455496138459366559465653316645
132 737959954351879508451546348176040212212162
133 1272506938273966393465049090776162520328811
134 1846312854009652072687011492817139477082325
135 1917795252585993249767866496864166203257381
136 2210807272548311770189376599699611200500118
137 34230186783059805594035053550572050433995425
138 40355359632479930738613650128149266902306033
139 72628015055323017166495949954692561704236563
140 75101620761428503373496302263777597126056403
141 94457875497662172947847705310933275300647372
142 94994520802289777338291171999768628453898260
143 121323482097886933004215343484833207701615389
144 132194581606708255206951938370710413496878845
145 2019403992691656596755258527081835120587815065
146 2034588424327887062557953787859346339766461145
147 2893033130331624576670631985450558733139208770
148 2894552759655258956374774050699878538768002114
149 3312589696420749649808965901548555697023265042
150 3385299619323268143882436985522378597983403474
151 4727480927987150525050410362638885704644755155
152 4997565223848781164840485789755941759342174243
153 7876165318918923403951999166659314522987016805
154 176372689445028206083456169405049807906568095993
155 222196137573972455767283840039679070279204485850
156 227833573734703808922928905677028988126977690586
157 241981490497796996449729113476639729879994280042
158 6328323423850750321470987466271842234553865311553
159 6754558964889361441667263266188679252374304476745
160 6848537294696125768688262163715047727147617480329
161 6878895687540720892909841876495776867533964096713
162 9516748985963079169005253735024448557414472987177
163 26612126099891034975326644639254155434012237583588
