# A259387: Palindromic numbers in bases 4 and 9 written in base 10.
# complete for all terms < 9^42 (dbpal exhaustive search)
1 0
2 1
3 2
4 3
5 5
6 10
7 255
8 273
9 373
10 546
11 2550
12 2730
13 2910
14 16319
15 23205
16 54215
17 1181729
18 1898445
19 2576758
20 3027758
21 3080174
22 4210945
23 9971750
24 163490790
25 2299011170
26 6852736153
27 6899910553
28 160142137430
29 174913133450
30 204283593150
31 902465909895
32 1014966912315
33 2292918574418
34 9295288254930
35 11356994802010
36 11372760382810
37 38244097345762
38 84470553495345
39 198777976021790
40 204973846313390
41 743215116795690
42 2114967436733485
43 2172761848365805
44 4728069796793537
45 9888480378524210
46 12173822386241658
47 16046526958346267
48 287411961823187455
49 10552570503887949190
50 11303748773839091510
51 22346657910193902193
52 53526713487999458926
53 53694063656991154606
54 55327341317278801918
55 97830227132597053205
56 655054067808976740530
57 750791439727272752010
58 4616614573521061351855
59 4622770904785005012655
60 8374485938206835981645
61 8681087085023693544029
62 12382332486929468617690
63 44492924054937098124950
64 49616465657989265220650
65 132702855391552563697933
66 179221801769704945267670
67 268012995316802487587019
68 512316862798137701645625
69 656360463208623931490210
70 24859431735222632534180229
71 42915627177216739984260978
72 947170633179538258867238851
73 966800361440575394034973651
74 999054096418122759922345651
75 2064091907282510209449238185
76 3151829868840900467176542090
77 40226913247404020157470453570
78 53862191128432116672621666490
79 133167905449094603537172498153
80 212495594888856871794342157034
81 257750270834213101109411732487
82 310541549338262431734389647279
83 677978225921575966119869197090
84 856043308186707804645299391290
85 906180513579592880726935666910
86 2838107206662564480720905593330
87 2928407977495343253374422427590
88 4101826526605309267966646785267
89 4102020967094599596109273326835
90 4134934748542011663331628385031
91 6057694505156674148207286902065
92 9104807919429400264495462149005
93 9694514666361405013008354784685
94 25983856589222340363577577602885
95 30028906961015280695024502195125
96 192696746892900536580823099605030
97 218250330992687482938317769664570
98 225440926699707231019083773892430
99 466976584346832623115925115184181
100 3537929036681994977031610721876410
101 3832005129225582988648629820898110
102 13559704872647456048645231189133530
103 14282134294807878539452575550119950
104 14282330701495367833817547845984270
105 126163315526077740835764703326456905
106 176443405556231714756188515514809298
107 191465328388630467323034723727179206
108 2957382480359456459478665222176250290
109 5468124769833361779661391852900140865
110 11163458828997572197887126637878970770
111 260700861476403301075736536582294358035
112 279936793441903847108472941354891568775
113 606245345428013083532891783531387834509
114 688092165226463855984904202770624129346
115 901863718819392901406583827528870852202
116 1282776835589345389390417326033258529103
117 2928415125427305953640138689473719455330
118 3084925217898081659365792974322951352390
119 3646671246473011363623361580639803203050
120 3986614795504905059420153771668699401710
121 11725659631078151103233574473265105491810
