# A259385: Palindromic numbers in bases 2 and 9 written in base 10.
# complete for all terms < 9^54 (dbpal exhaustive search)
1 0
2 1
3 3
4 5
5 7
6 127
7 255
8 273
9 455
10 6643
11 17057
12 19433
13 19929
14 42405
15 1245161
16 1405397
17 1786971
18 2122113
19 3519339
20 4210945
21 67472641
22 90352181
23 133638015
24 134978817
25 271114881
26 6080408749
27 11022828069
28 24523959661
29 25636651261
30 25726334461
31 28829406059
32 1030890430479
33 1032991588623
34 1085079274815
35 1616662113341
36 82474703167593
37 124537880318279
38 155315813368497
39 349013080305074009
40 487154413087025691
41 586178871768257601
42 1247103797940661841
43 1306688242829641865
44 86214274421074129321
45 2189299497937221630647
46 6080900468847014660901
47 241441367829916153954611
48 242738940902894032509363
49 250650845788990615646763
50 287582669371604651338191
51 536614912484872949318343
52 566416282712155854161911
53 8969756245665011874576055
54 26315683709701629860193397
55 36331649733825849480459791
56 43204338966326005406289777
57 615850986357618363622206847
58 3141152420006093352888116805
59 3159242546300009927048702661
60 3226473616825253131676840805
61 3313349624824059206539399893
62 116284153520275827942053886941
63 267330408442281785103076380651
64 272636470146897683727270796347
65 285495032903907768492672121191
66 325449036571496430311934611137
67 11761942439570181549885533662761
68 13299525989953566305481849879525
69 27383854659992090708953438128949
70 458613047415088538630078257964845
71 878106002006840924809014032774325
72 932512237489640436470017795287021
73 1084269842325453009339463758097323
74 1363324395486607618412301737326177
75 2073722573406568398837217962245683
76 70945411670124425668328585625106779
77 2373690488591317248866844635203356967
78 2573820342642531468726266342362684399
79 8246582483754868151178139944030757219
80 9134879014767909166045712612596930523
81 9392843605669841545591162672049289287
82 9811547560776142491645738133876255799
83 10494114201834877300857892886141683007
84 573387845811734062358907263511206622699
85 940949131293130009929992986948822671117
86 46955629114245024738139218955674501169041
87 74239595455765257693949148460667035309147
88 101461212556420006493189741719021874489513
89 1612272862716430721154118720595721203615785
90 2178996211702434832338767953921280876468243
91 3708202327367744577671629379080532746150485
92 8287090562032327721732332099340326618317437
93 364046714777318316281668567231669256106416449
94 395972810362313896413458210186998243827265649
95 704566867405525359772404194554643327835964223
96 27934382140821965367163121250855003559047186745
97 30558352342081360721712384614228279716070593237
98 560199571997143755618039980864688360108252856867
99 119942103751123074926400431720351995162714923418661
100 257192797394313495136428125093767226842589081526261
