# A259389: Palindromic numbers in bases 6 and 9 written in base 10.
# complete for all terms < 9^57 (dbpal exhaustive search)
1 0
2 1
3 2
4 3
5 4
6 5
7 7
8 80
9 154
10 191
11 209
12 910
13 3740
14 5740
15 8281
16 16562
17 16814
18 2295481
19 2300665
20 2350165
21 2439445
22 2488945
23 2494129
24 2515513
25 7971580
26 48307924
27 61281793
28 69432517
29 123427622
30 124091822
31 124443290
32 55854298990
33 184314116750
34 185794441250
35 187195815770
36 327925630018
37 7264479038060
38 27832011695551
39 1658410356393350
40 10666075534207052
41 10674979690311068
42 10790519823772232
43 10796808110179352
44 10841022411090800
45 10915838736621332
46 12414212677911183
47 197907886640180179
48 202186253210480911
49 203861282386826791
50 340926523717507544
51 468242151115317501
52 20526982298523749494
53 25237844535689857919
54 837963541719726071650
55 841776858189016532710
56 1637103709482544478791
57 1672349967949028125555
58 2172730243702661200082
59 2192489226583967415062
60 2192489455003261354262
61 3607297935409205057181
62 4130016026286608162320
63 4179084457659358014292
64 5780855532128153703611
65 7227259089523459447399
66 7354522058620583641579
67 7435885773210370814275
68 7437875238052201437091
69 7543644464891026942855
70 157638881532059237895130
71 211235119967642615158853
72 327027168484938050043721
73 932217968638756485618670
74 951203226760792496857810
75 1058577818789819451457900
76 3940421331623951645796920
77 16146197562731023804485206
78 16168640115431983722673286
79 16513038784015040228040506
80 24025539493510922424220707
81 127063682402001493215053000
82 1513260427430022687001600427
83 1513363242447754036072046219
84 1516255841108525724472609667
85 43565342119288184560442257090
86 308049094420100905276048170814
87 953744801537897699350211583500
88 1689769332607268226815996573290
89 29359057896132958624042284176780
90 490427830659223524558671061837985
91 506805403622577786453036307484701
92 507838724280665026993834750876429
93 1416236608856615586557112484702340
94 1680906289496578868145821174362275
95 1856834318800720547421736469375193
96 2091491995469748109574007854175712
97 2096808481018219584105108654373672
98 2097803437659944012079297714507352
99 2098096253631810804095509742529928
100 2098289909398937027633931396737896
101 2107592431791930422601319438354924
102 6058976891829086379355060175407910
103 7491900952571474960302260116081360
104 27587362959318280297697335096645735
105 1673294959513557193672685446956665810
106 3006121656510170524268168495539225816
107 10892325313064022341010326123309411144
108 45028777579795079434225762840681474250
109 45038341674503760618291680334207267050
110 45822076349903582929517177374547527670
111 48167853975377836034088265794052286510
112 208825344029938058518538384146939570039
113 485444884636422979488910826557640734305
114 485500372467265270343181869937674446017
115 746321228614026224257337317308575359931
116 1051805904579268137051245390801152474639
117 1051806249603904506898552064999017861903
118 1052094771780434653335584798929210026991
119 1052113335092998732675184781386747584303
120 20586736302381085141201631180592717081154
121 20944236282425386903333199984709877437502
122 21008097339448921944758282841572536712758
123 55357438867487042911127799738381310941319
124 56295847933166396345570843566449248428963
125 71139906655372093131200807887294213877534
126 71558676247462052459411604147135250588790
127 1084590560041140455856273280328903768392333
128 1098025733849806590706351046813408456511205
129 1193874649141538739356288848420204098948229
130 1598012139514117858320820618503056955576763
131 1616538044992669634943599935695122562140719
132 1694342777599942781318941934574860176343035
133 1728255439959787059360982105640081799492343
134 2133010105251723507329750762004065811815198
135 2256020373905867613772914598404198514003790
136 2258982548418218549862352885741396988038910
137 3247682554447609533477626038433497004092215
138 3247752887628604657618069546154085630868599
139 3748176076369903285026587935884539657397933
140 3778852611877366017470998530447740536142889
141 4214518514511193623276197856094077656154652
142 4316039906172532188849939208300302405868924
143 5248469360596713960700599936887823268014149
144 5251055521732211359656826988131869812936213
145 5374934257885066280831079437012600146704965
146 5782859885662986558607101675299857734955319
147 195327387892797140802244712329955195878644155
148 639048234876190913208833273038802584679025614
149 639050826903716811591297321982041884313573710
150 3939182285738229932295530926433820711066911960
151 12388228799189017041001415702222603640100497187
152 16812381517712756265702521593276518971665578242
153 125728318629306199403103693386261624483667111860
154 2567423260505851529655177391289657954316238337269
155 2568072887708119388510695899020091281640067289941
156 7406012426736397299323176578123048972647673288550
157 7537353033037827475752195681390093302025724011490
158 8443206020347336900772180752629166321629975210460
159 70185808353033086807480636273678342496252011303749
160 314016193760287114720456029656528869271414955800626
161 345475676279033187611375902501513898940547530233297
162 1521609193931536869928488140799863189573668110149860
163 1715011196064688220314854627539256972699333966157510
164 1743379606358707233610479841553658589351345562658610
165 3538407464127576057933383462839365716561882010570559
166 3682828041013685084062466151105771551001156681556051
167 3683982195634835298294869096812955262744743868640051
168 3711381160732262608331205969695011919219576296837915
169 58754625732594503393398530706768430203958135757122290
170 1398752191360854666231479780933465591313098949973609784
171 1415528741101238030890068893249347341343678834135139252
172 2161379544561570735366970610217508831252046686239044188
173 2189628522422979451220755995906731117827400803489066000
