# A259388: Palindromic numbers in bases 5 and 9 written in base 10.
# complete for all terms < 9^42 (dbpal exhaustive search)
1 0
2 1
3 2
4 3
5 4
6 6
7 109
8 246
9 282
10 564
11 701
12 22386
13 32152
14 41667
15 47653
16 48553
17 1142597
18 1313858
19 1412768
20 1677684
21 12607012902
22 19671459008
23 20134447808
24 24208576998
25 24863844904
26 26358878059
27 70942565653068
28 71088928149468
29 137416991943786
30 145464252692586
31 4287997640956241
32 5744620259340762
33 6221009414075142
34 6284871831461142
35 256320146951057809
36 911840478745176528
37 960588069334571508
38 42838465487714339826
39 82763508198753336507
40 1813372452478843107346
41 2022907297133895992102
42 2419372800668579386862
43 3178469067542953830138
44 3364498607953856592018
45 3826106638174759948554
46 4158533008452431931664
47 4180822381716798634564
48 4269900239369675819239
49 6018052775013543104556
50 80878247205875106032413
51 103741003135040627183914
52 14873229511792835500014626
53 24389894698003872375601791
54 26106167832287485762598116
55 28219542855239030952110971
56 32069597049486899733035632
57 38033028802994716682305142
58 39133487208707938900931442
59 52650092749011789101832143
60 1253139356458664773321826288
61 1945569574489109337674727276
62 127176810382875796805687779992
63 346289086126623052276582372586
64 18820327513289762054337511287308
65 413445353827582758133504482317947
66 1789555577602281350635257466284312
67 73539835530453493100719997091117204
68 100250109491561578276602915544553326
69 7815922846817965006136307946852265563
70 12209297823179517733144815774867629676
71 489108693304843859701819181460277097616
72 572073682174496756633612704158282408402
73 953722338805362503464715832329267492388
74 999843014909060277653082006357850803768
75 1009895679068762940909452287838924253018
76 1031380386418482076375727389282782601818
