# A259381: Palindromic numbers in bases 3 and 8 written in base 10.
# complete for all terms < 3^84 (dbpal exhaustive search)
1 0
2 1
3 2
4 4
5 121
6 130
7 203
8 316
9 8578
10 9490
11 17492
12 944035
13 1141652
14 1276916
15 1554173
16 58961443
17 67470916
18 4099065139
19 5691134677
20 81452592329
21 81473867465
22 419572845958
23 21056462595764
24 363376288168081
25 2127271328430823
26 44880998812567514
27 73083110864755396
28 79174156601271388
29 2959907850689099042
30 2999263443800192930
31 4949458745712184468
32 5741752257294068668
33 120014682355984031785
34 150326844251484391042
35 153561319370542367554
36 195149355943974110314
37 196406739090043790506
38 249636212093446658075
39 249655679139170920475
40 304720541325476344844
41 330300143900971857820
42 360014620577548665916
43 364695395569897227580
44 15638859489377858244307
45 19696288940599156883084
46 1736119490786802694818797
47 62640237884220491248829899
48 104733087250486270746962077
49 1300971894075676453696832705
50 5587862667455230409238810148
51 6614183335974819598448840533
52 6847668294130407868079804581
53 9154421879941826706077226079
54 20782940150816165485329633068420
55 21859999990562955759271043477204
56 23910609634510060776103167339884
57 569575077446777325583456120099889
58 701779577426974646465095406098058
59 761574857827605036004917572912018
60 1491818307380069720999298521748388
61 1545361050726990388858175005695028
62 2563314770425925222774429866924159
63 39016075779003777250286104143356473
64 42753181234920874110656162125216450
65 43241121232235223138747522208461634
66 61574165797089552048768819677461370
67 89466983784470480418231015346096852
68 2683038259170255102377896506684256834
69 162359278520900215856383685780539773625
