# A259390: Palindromic numbers in bases 7 and 9 written in base 10.
# complete for all terms < 9^42 (dbpal exhaustive search)
1 0
2 1
3 2
4 3
5 4
6 5
7 6
8 8
9 40
10 50
11 100
12 164
13 200
14 264
15 300
16 328
17 400
18 2000
19 3550
20 8200
21 10252
22 14510
23 14762
24 22800
25 45600
26 164900
27 201720
28 400200
29 532900
30 555013
31 738100
32 2756120
33 2913368
34 3344352
35 3501600
36 4084000
37 12990350
38 22674550
39 194062432
40 1684866370
41 2225211080
42 13575144288
43 15127811455
44 20404027400
45 20537111057
46 22668403353
47 30862471355
48 83714515310
49 84668107250
50 796259955485
51 1202029647736
52 2088800185930
53 20268849562000
54 68503313361800
55 147993832352958
56 172921319185669
57 206576333227900
58 734723345582040
59 811740650692800
60 834424022498440
61 1104575959129640
62 1993926853603000
63 6221745601065984
64 9350709125459378
65 9812330223915785
66 10368492428697080
67 11132375103763458
68 63100241427288000
69 165908503654004197
70 208201514372069311
71 282488203379766646
72 432621948882842255
73 511220556702236100
74 568376956845068736
75 993715719098312400
76 1153224512261940400
77 2767723069416266000
78 2945908644901976360
79 3507460573508033960
80 6704825946724092370
81 12346857701296110730
82 18419097769705052893
83 47987409188845232688
84 92520418698791396512
85 512072044301517020050
86 854993738873524179850
87 3210760537386908728728
88 3729867203029045310472
89 9486441988338842652700
90 13859262950610032838100
91 29004727469187267108930
92 270328613129899251820176
93 689454128054325863868101
94 2202075122626280493933240
95 2248040982182921844543300
96 5430018859347320428141960
97 9093795028805821118788432
98 10386484431147622299992752
99 21043968508276327106413248
100 30329725142933080567150477
101 53769215474699117432355962
102 56610533075239750846784246
103 101413912165664911756048270
104 195089372162579264517015240
105 4425074642154021149132861768
106 4914741143220254562813792850
107 5721838755307007179215318850
108 27214311017969041744720493960
109 39848625675907011918412780040
110 41426184222597075506581698440
111 43707376624437644649803607592
112 82935828967850968849031431126
113 123413579154059368077612835121
114 170953031400893974935166933759
115 257705201158166898411831578040
116 261433037000838499933590963618
117 279943711425248093482540156629
118 368021811867878411318927613761
119 387175575406995959706292929760
120 1608089992043068591870006543360
121 2875192295457759077751700241500
122 5060391802040612284787762374699
123 5539936052668974793230591009703
124 8339234751578352454132747565702
125 8485427379895371445400448301388
126 8610708981295661970446456009105
127 14095051931520526645260979276864
128 18590403256193395886543930719256
129 19571135509749323237816669488808
130 82127725184083239604912302081920
131 202392614605747485985754892706140
132 507355686200370963511712248134535
133 674705682080674863417935143116464
134 890755865300581144066324604652393
135 5769960441485554417880080053188480
136 14539489993399946588211820589162960
137 30014261976450087256556014420388806
138 54236579291536383702427005915464432
139 188146097102561240655808118578560680
140 337345868784374988147965455743051550
141 1226391308235305826470154991754102940
142 5679002318902254630532753630628704752
143 12837063609273996685366749979559813248
144 14514798318561028935116235007587279952
145 359652919760286549623650245126841208480
146 941959263065815287787895985458011121034
147 2808470157144577567784123101458727184120
148 3307978228258948648725533043034809134330
149 4908860193492460996518486383286641045940
