# A259374: Palindromic numbers in bases 3 and 5 written in base 10.
# complete for all terms < 5^58 (dbpal exhaustive search)
1 0
2 1
3 2
4 4
5 26
6 52
7 1066
8 1667
9 2188
10 32152
11 67834
12 423176
13 437576
14 14752936
15 26513692
16 27711772
17 33274388
18 320785556
19 1065805109
20 9012701786
21 9256436186
22 12814126552
23 18814619428
24 201241053056
25 478999841578
26 670919564984
27 18432110906024
28 158312796835916
29 278737550525722
30 76226057197381156
31 149954769917489312
32 187908509573113078
33 198586101776613958
34 234679042329212848
35 2195151134400744286
36 4962844393339522708
37 6309131572703144884
38 105734861679582249272
39 1363633951126304641036
40 2072261080808910025382
41 2313109014064895895062
42 4611589421840328434224
43 31557988159203994267456
44 32035371021240853343356
45 76264883561776274379908
46 1108752440124277139412946
47 1708931826852220300687097
48 2072556502296995148346988
49 2163522239611873525643068
50 2855415541113186609997324
51 21561926939038211763219436
52 31290540575858153624967952
53 482691017369092830404474456
54 640283834536373649253906216
55 640985782336772789563675741
56 1342044022128899326901650193
57 25634071299382641576318335272
58 333606111528080715379480548536
59 359082849107933078822956954736
60 573626404720313270032340775712
61 588904426539734014417353667987
62 758029379825147963952378620833
63 959030355589505562758307094634
64 7261385687730490931264802333656
65 14788387235488337544459425781892
66 178460688215552617022863039015156
67 213596377894346205963141663680936
68 380813551428217937685319797984292
69 635730140688854381713947926325539
70 7078322413240812098152774070159996
71 7269990017523424642017382636233152
72 13499370674725123919625214721421868
73 136983023194851653941614777272405336
74 267141960244320726956163073287921253
75 281969044732536111647611202001002728
76 337640314862414423368271377010684398
77 407787223690836019209356178116306114
78 3700301558940565336230758027186929166
79 3874150642506089623309179674753069216
80 9347420880258935492931551048502203884
81 140705550899095073621529622743479302712
82 186186384479839078710563785227785488708
83 234484874714320301124704437182720953509
84 3122737401814098051317214506228960128907
85 3193156444804097678980914973672565877182
