# A259378: Palindromic numbers in bases 4 and 7 written in base 10.
# complete for all terms < 7^48 (dbpal exhaustive search)
1 0
2 1
3 2
4 3
5 5
6 85
7 150
8 235
9 257
10 8802
11 9958
12 13655
13 14811
14 189806
15 428585
16 786435
17 9262450
18 31946605
19 34179458
20 387973685
21 424623193
22 430421657
23 640680742
24 742494286
25 1692399385
26 22182595205
27 30592589645
28 1103782149121
29 1134972961921
30 1871644872505
31 2047644601565
32 3205015384750
33 3304611554563
34 3628335729863
35 4467627704385
36 6109256963409813
37 10490343658800214
38 10556338547376278
39 185569961319483162
40 188077235829465306
41 241521030849544855
42 4218808128230591659
43 6017746453312946885
44 12007980674606373530
45 13773316835159709950
46 203976863667466529550
47 818394448405038406990
48 926561758657919494947
49 10901860119248612490950
50 13582685517334809482286
51 25832614487515353354965
52 1176137521373269234724975
53 1432896717582234021128161
54 2638896559442399728684770
55 27587024291623263689560549
56 47566482518578810820594038
57 63995036322697967539289799
58 1224340447848565316937321599
59 1807856006417368403770842485
60 6623080511558364091888920149
61 69887316672175424501297268555
62 73909036072425415300315613115
63 89390244592391380553282968609
64 103363713333260713300185120197
65 163232869909980251059041593282
66 217075683400180543380200924666
67 321014843652281958838910064385
68 3121545992454685854367140046454
69 135474533133726096579796665874345
70 353896939394028102683384517288785
71 355381135697299622734425007625361
72 859483964152746075625377250083434
73 870331286866229899641376513071850
74 10384227571844686795237999694561277
75 20499494904235578987007818283907647
76 359488416905620428721990081961278545
77 485425984681195633774157830352633205
78 37328739440340518177796342278873175309
79 56972646383246025158373509395816943082
80 64829883146416318566976637838033474755
81 71016038223944683307593832890904026711
82 82220656561921215526951299399808793055
83 98783731441304499976688455660375917985
84 779785196113126502338217877568464448134
85 834105986086740570951451253087630396214
86 1930634892111749339055946970021674668965
87 3208335417623918881589225913802301351830
