# A259376: Palindromic numbers in bases 4 and 6 written in base 10.
# complete for all terms < 6^65 (dbpal exhaustive search)
1 0
2 1
3 2
4 3
5 5
6 21
7 55
8 215
9 819
10 1885
11 7373
12 7517
13 12691
14 14539
15 69313
16 196606
17 1856845
18 3314083
19 5494725
20 33348861
21 223892055
22 231755895
23 322509617
24 3614009815
25 4036503055
26 4165108015
27 9233901154
28 9330794722
29 12982275395
30 107074105033
31 186398221946
32 270747359295
33 401478741365
34 1809863435625
35 2281658774290
36 11931403417210
37 12761538567790
38 12887266632430
39 15822654274715
40 30255762326713
41 46164680151002
42 323292550693473
43 329536806222753
44 403705181414373
45 404400465825765
46 550117934650493
47 933118742276119
48 9998493962835122
49 10023898627083698
50 72073074246336513
51 80394116386707921
52 127154149795232525
53 434259874286090505
54 509127549196054605
55 523628978023895325
56 636351200832860530
57 1179899868668886337
58 4452455483471325407
59 11550098019396133130
60 24025722803574072773
61 258942009983706473995
62 284110399839401441695
63 716609877969961732582
64 727070725217607363190
65 6372205983137069544853
66 22385642689251517474785
67 262939069637352216846007
68 283921438192113318264079
69 387701073737712289539205
70 1173132863151708769544495
71 1884698605883136111383497
72 3590031701062539850854590
73 15385077897761866694440675
74 28905615700457082262133493
75 202296763292733127123834330
76 217597823403310886630768590
77 282113709278044189332596075
78 323965626852485400357158785
79 515105795301240011595010729
80 781581187910583794021042762
81 998454579783805691500588467
82 1528105232425594681769918705
83 9449489361159738349359876269
84 9454288917455153272429366445
85 19671180416335368378701954239
86 43030926448527690243993084130
87 46418171845004945369773915990
88 75797850684468208533520952095
89 780120037554707778887399629430
90 1163974736788262126982861685995
91 1335638324365197370295761942977
92 4120217153404425095566272368647
93 16181697280264383187286569483315
94 22504046897533455442004401357009
95 60480099631409366916133100836798
96 79931943689988905651066160426047
97 245608768726579309421994132439875
98 273590343090710902654959666907095
99 1867635467512717219892183743009845
100 2410155576375014613071514139695005
101 17303743332979711532168726131450199
102 46635555846738639920386858301726450
103 87188342810855990414323028409690305
104 109067277036831867133875591788253205
105 119779602610887394086017203646599477
106 1169771735138316862254490999883342155
107 3038334730951120707992412020559683974
108 3102436780539144032161715828289243478
109 25363552434268371326111705675297310001
110 56059291028882300933223406247088393770
111 62064501611954663666600449797970400174
112 62317545014224243734999801825982337774
113 127990230935372049374024491031514358025
114 447771564640709495843832642332808305685
115 3433323632809892363652255312406458726730
116 4278720928564228059585088913917719935075
117 102873741440716387047163098043327136208609
118 106091743841282505180618796609686859304817
119 106092929339431078597989999429247573643121
120 114469545668528509213106539664856686355477
121 677280887338519358752995059911654065461565
122 1429925631592133013928284282926000530926145
123 1906556749271469220821330572445174523093717
124 19701102399573734339912606927811647385184395
125 1202292360915663172568337834958297934507186903
126 1982490772421736865602756982691992509818297125
127 3258399843887900571684101004470209829402981510
128 7283529044251715699787420613147671758490212933
129 10866429341894392165500563959214725259628660589
130 16591921376502034600108334403423548808564113582
131 26256361575632354063282111416122980460457399905
132 177696199154500075319041059859487836065300873789
133 1702694523696950914236768315221033424496258183841
134 5554995758050086833411206928407639572130620391887
135 6326661838268687765742837250850024204094823252305
136 10063308976289744292432486507340933006500424181945
