# A259383: Palindromic numbers in bases 5 and 8 written in base 10.
# complete for all terms < 5^58 (dbpal exhaustive search)
1 0
2 1
3 2
4 3
5 4
6 6
7 18
8 36
9 186
10 438
11 2268
12 2709
13 11898
14 18076
15 151596
16 228222
17 563786
18 5359842
19 32285433
20 257161401
21 551366532
22 621319212
23 716064597
24 2459962002
25 5018349804
26 5067084204
27 7300948726
28 42360367356
29 139853034114
30 176616961826
31 469606524278
32 669367713609
33 1274936571666
34 1284108810066
35 5809320306961
36 8866678870082
37 11073162740322
38 14952142559323
39 325005646077513
40 610409921031306
41 1167704597006412
42 1837422543645798
43 4179976145681841
44 8630118003254643
45 10610347035085164
46 14586052232559006
47 15215146816292406
48 48200460817298154
49 54018307498782714
50 63919308246503651
51 72229221342410756
52 87070543138674036
53 108722249102656646
54 873874206536745222
55 927609347442003678
56 3127137795707197802
57 4367927778916423347
58 4952676794849410708
59 6018014891186143629
60 6205436790382323229
61 23183943016281734178
62 44026278992431183476
63 75003753306379661377
64 467299175833745311062
65 483298841095537541862
66 489739517365774724142
67 515771636274389087742
68 4080781443784421164734
69 22603325019284993823924
70 23000527446742697204724
71 26847971366701468478701
72 29877312337558868438806
73 30057860118055959950806
74 36480483178144959240111
75 1031476655591285803726491
76 1173840264933086345709627
77 1936348220773557932236958
78 2314030467732744126824623
79 2316228643359278894376623
80 25487382829812805699949841
81 86653822285652854777240476
82 322265722903275100867208514
83 377649275591334678573433626
84 648505255932708405862159116
85 3053223543895710223923768666
86 5211433500346198243270244172
87 8171005605901844408515835814
88 21100738434704355342831875082
89 46438994059207347160682520876
90 220260351765519944228321410674
91 357595141569724257077487795236
92 487938771528811220327544066702
93 560187112411271956401691265287
94 896446989033799914111331768473
95 3090778741727110833090893893692
96 3149343204321885312062520066492
97 11206410076507717304394001532746
98 86971039275718732701963738632778
99 114528413793498174580722250664754
100 467389194949078225316947712881433
101 691970779314652954139951658161674
102 1303427811674303419257616065507396
103 11799584771478617624858697911340708
104 17512378861941310889052884867668974
105 56954929815198954197283038262561258
106 98995243354098638221565508326338676
107 158516228193639583575113770934162991
108 1016304152858667096019165940375050182
109 1154579612265391524927184268602796862
110 2830932740172041632895071279774544906
111 3723080849496592997090112137131623666
112 56179125902668419643077402628968804501
113 216356970291969581839821472432527809698
114 255981979319542933061259228857677142019
115 526545478425776338340152759807156978446
116 559465038492731415388167215442393374502
117 3309321817878572564103781566803244831732
118 4338438084984344548548784567617174405078
119 24946338219804030731089635155115233669988
120 33711447497949604730596737087771627132174
