# A259377: Palindromic numbers in bases 3 and 7 written in base 10.
# complete for all terms < 7^48 (dbpal exhaustive search)
1 0
2 1
3 2
4 4
5 8
6 16
7 40
8 100
9 121
10 142
11 164
12 242
13 328
14 400
15 1312
16 8200
17 9103
18 14762
19 54008
20 76024
21 108016
22 112048
23 233920
24 532900
25 639721
26 741586
27 2585488
28 3316520
29 11502842
30 24919360
31 35664908
32 87001616
33 184827640
34 4346524576
35 5642510512
36 11641189600
37 65304259157
38 68095147754
39 469837033600
40 830172165614
41 17136683996456
42 21772277941544
43 22666883572232
44 45221839119556
45 429162107575160
46 1560764115683240
47 1734195226323428
48 2921460800777086
49 3660645308508736
50 3959720840467478
51 6410639089100872
52 11207352411046784
53 14959744316064584
54 31966439598053368
55 70150821079952416
56 145103278493444048
57 276769804176685816
58 315307247753837405
59 320754726799278860
60 332251822186446404
61 418138444696392656
62 988421346024174056
63 1555316911250634016
64 11517148240701376184
65 17263015931639807599
66 24633761312367628301
67 71005734774446229088
68 74378389632102455888
69 83996138774758424168
70 175469998392732393832
71 314121124263032247050
72 979838454518061976304
73 12740373453026608614499
74 14492914970724913820791
75 19792663061377198446029
76 20202287143923694819172
77 24871504126683981647015
78 37790674156897878083620
79 343550873981934470383600
80 378346857606056071274512
81 400341897012900468065488
82 553658983693788118137356
83 644449513925853629058500
84 736301183207717787147244
85 1629258710898659034459800
86 2272476265566123596598532
87 2939144234733141879192412
88 11899767742856504936509192
89 50772645098774794742632052
90 77149149093949161519687988
91 109364142046079127449894992
92 130320919751855769544582280
93 186204729659325754555223200
94 289708145913380867472049384
95 295875117757891884117362920
96 1341872810590023265242655058
97 1444906092442977652509262718
98 2269940463516952351456409164
99 5836729815257199982854661054
100 7518940881527350060352720446
101 14030649052851382158987629648
102 25011550774950155124138161224
103 32294028175738454804337734744
104 32883692758210804331422160480
105 84492178451293956724787212465
106 141834412742234014192980634228
107 266168831146417889941878259364
108 307681079259407637824134716956
109 342946905022314195630859239092
110 1444978125628902210544328253952
111 1446970566101398217236850980168
112 3259619353308680219542441994000
113 3664801694981750325053583215629
114 3828156743736467149216880722213
115 8538423781299887209564756044338
116 10455167211872589766263571512256
117 80024210936050940332438258314032
118 96063323405702524229074360085272
119 204830010118034713654379475050756
120 388804710544125891933512983903258
121 627494297754298017382997899558664
122 822578721566615001703440308658473
123 915963580476282976682950639532296
124 1408953588062681315540872990861432
125 2207432808008148895063279360852856
126 2314144703136766320339868466242568
127 3726742118366636819077237607170912
128 12617661824841373874073235792605256
129 12783253644156946310739823427082556
130 15535122756870190975169819864361104
131 16129411269653356858726580767823228
132 28494072033532592872103609900265757
133 60498008185585458104549917290276776
134 140979403986737997166874558303950064
135 202542517802318380461491592845449232
136 960160354394559570936213526826032108
137 996144397856120355913695145790473564
138 1023151565947065038676040993461180160
139 1347062558818883606968743762957628508
140 5071856555861661278669290778383961912
141 6914524111793982447475129301134629136
142 56021991587278934202956534959063211644
143 60895895751175828228172735225045870836
144 79696384314209288214808355751677026648
145 479612322769751771290035621368787890920
146 562839988544757143086167707462698346416
147 3950446641918978329429083490340918524321
148 4814125322255788484018851584723559828324
149 7426040455736833277049166191657584455648
