# A259375: Palindromic numbers in bases 3 and 6 written in base 10.
# complete for all terms < 6^70 (dbpal exhaustive search)
1 0
2 1
3 2
4 4
5 28
6 80
7 160
8 203
9 560
10 644
11 910
12 34216
13 34972
14 74647
15 87763
16 122420
17 221068
18 225064
19 6731644
20 6877120
21 6927700
22 7723642
23 8128762
24 8271430
25 77894071
26 78526951
27 539212009
28 28476193256
29 200267707484
30 200316968444
31 201509576804
32 201669082004
33 231852949304
34 232018753064
35 232039258376
36 333349186006
37 2947903946317
38 5816975658914
39 5817003372578
40 11610051837124
41 27950430282103
42 81041908142188
43 512166253983233
44 599825258665811
45 599852455637939
46 608310882180287
47 2783521300720846
48 17138747829520396
49 17444458374391288
50 49218128293009760
51 95810973516749932
52 97627162288019560
53 97995995365713424
54 341978130563929400
55 342284137776516584
56 378860371017195596
57 19337600565718137076
58 19337874710482930612
59 20916510485840386576
60 20926037022213386752
61 23166722366697502762
62 25262465853032800967
63 27584373079009300889
64 212319152360914299199
65 2096532244434311471270
66 2476827427759667740058
67 554185559226910297576844
68 554614586029708521730652
69 1002420668664158176457266
70 1020994160119368284769070
71 1020994496015397759874606
72 17369098972595585455801328
73 17372552269360368533427728
74 35182008390021076363643404
75 121450672184882474489597696
76 121583722740568273645446224
77 1536794541244623614925395429
78 7103022466726563098437477300
79 48662221161497564640062968696
80 48666483671636354835231550936
81 638228018280833672468328700837
82 892444846579400868411972866558
83 922247807023952096079498019250
84 928085433328865976914189592554
85 1040459991860676554211499131122
86 10408955723143058255630938570900
87 29500487160877915571949873474716
88 29832089443891964762204321101088
89 30899645028585883789312938179300
90 58191932019890336483147020588672
91 74176606393301843803684916774699
92 236839120327120465353574415531624
93 3870511214316086778015888271450741
94 12919278968442120196310663279017636
95 27798818896778243446298463375663343
96 33897013632546841908592394825727247
97 45252460828556043224118354404544980
98 45294951288867325428734741710248932
99 45300629670753108576348500644144388
100 45300629846087925635441123675286788
101 45517258868305770790045115577495644
102 83351050034645385470322112334272120
103 83388251188044394345369799632034920
104 83388278106313524478749756728798056
105 2501272231450190121324330414864101956
106 2502826660057608670977394101167199700
107 17790064827722034936924717405511805944
108 28164669568006439706598264319779387075
109 29223179163812020030867495297920039343
110 98133997882074558158949529616407746628
111 98466203104854439168465249689877383484
112 25485678281924874819782977027856907295343
113 73725082479119889044712599380245761654720
114 74163802637866387303547728446072000477224
115 77324026975495084345354118777096070228416
116 85422866049914363099454698887931898463436
117 85423249448114108300413920877622934322508
118 1068414344959216306439641319728880163224401
119 1197500645707796571045795354550905862523749
120 1197511019982662632958239962033701944645093
121 1495293824586623698276677036239134585581337
122 2138309599034464193662818226649700067194950
123 2450249542681981681970411143798176078547190
124 2478351848791330049930108805647351989341482
125 2907917360044648029346438632152445110597582
126 4227040037045299994537064849703522726888720
127 4240977020977913299128986796252909695345032
128 10384153301432981980913792616967642544925415
129 12171486204733441199234603380611222219069307
130 189403700304176275112370190723561706238418229
131 193676165784777975002348443739747649932119997
132 208222801495159979499775577907670208451018695
133 224508354183313749252754340231336294602121723
134 36297170890355815561949977865903080694380889344
135 125136647668190107827624990861975218884227718292
136 125894223869633928586691433666014582441811429596
137 126014438624048772053637054908278887159049394348
138 139676500578853843431576424109789980718093641160
139 139791591855401509200688434049077517072472872952
140 144827215384716086178756349128790527848407412240
141 144843577144971344960041283216463289214988890288
142 49558220621785322729984221117848867567136472788096
143 427095608838792843567425806261269051278537768117185
144 769692051402210152933845862089398997454577325542938
145 809534007860988369930895314535796257853521692178706
146 1030476142815811121168171597110799293457949917774342
147 3783411051826828879732431092622729374256415216637959
148 30428574575623817114651150378950602010974214130314160
149 60857125978109490598833653819137883936923289502661216
150 205364303509066134822034171935494294785115490948701588
151 205369828704629443416411770800617156856330127533176020
152 238186700364116450244766416979836340246964532182191832
153 372769179707255368129026145900669912497546782324311834
154 373587402500196567563283015169156965537261379755197362
