# A137723: First occurrence of a set of n consecutive numbers having at least one prime gap
# in their factorization: a(n) = smallest number of this set.
# Table of n, a(n) for n = 1..193.
# a(1)-a(31) as in the OEIS entry; a(32)-a(193) computed with a137723.c (Sep 16 2026):
# exhaustive scan of 1..100000000000 plus the structural search for even n (see README.md).
1 10
2 33
3 20
4 55
5 84
6 114
7 390
8 513
9 182
10 200
11 468
12 2941
13 774
14 65522
15 1832
16 1261
17 1130
18 1332
19 1638
20 524289
21 1952
22 4298
23 4524
24 69960
25 5120
26 16385
27 2972
28 4832
29 5352
30 10801
31 5592
32 18014398509481952
33 8468
34 1119745
35 9552
36 69264
37 39462
38 33554394
39 20810
40 74960
41 38502
42 107521
43 15684
44 274877906900
45 81464
46 214994
47 28230
48 124368
49 31908
50 2417851639229258349412302
51 19610
52 748388
53 35618
54 306109962
55 82074
56 268435400
57 44294
58 360092
59 43332
60 2799300
61 34062
62 23384026197294446691258957323460528314494920687554
63 89690
64 10616833
65 162144
66 5546311
67 134514
68 562949953421313
69 173360
70 3779930
71 31398
72 2296278
73 404598
74 9671406556917033397649409
75 212702
76 24883124
77 188030
78 860161
79 542604
80 562949953421232
81 155926
82 8648558
83 461718
84 322486273
85 338034
86 1099511627690
87 1155734
88 52072021
89 404852
90 335923110
91 927870
92 1152921504606846884
93 1100978
94 31701690482689
95 360654
96 185794464
97 604074
98 81129638414606681695789005144065
99 396734
100 84934657
101 1444310
102 147456001
103 1388484
104 9903520314283042199192993793
105 1098848
106 240844801
107 2238824
108 1422489492
109 1468278
110 9007199254740882
111 370262
112 153679568
113 492114
114 16698832846849
115 5845194
116 81129638414606681695789005143948
117 1349534
118 314572801
119 1895360
120 331775880
121 3117300
122 254629497041810760783555711051172270131433549208242031329517556169297662470417088272924550
123 6752624
124 65810851921133444
125 1671782
126 238140001
127 3851460
128 2251799813685120
129 5518688
130 338688001
131 1357202
132 1107168749868
133 6958668
134 4611686018427387905
135 6371402
136 2043740161
137 3826020
138 6531615091
139 7621260
140 158456325028528675187087900532
141 10343762
142 367499999858
143 11981444
144 7204542494255957664
145 6034248
146 649037107316853453566312041152513
147 2010734
148 4730879852
149 13626258
150 16747731001
151 8421252
152 89202980794122492566142873090593446023921512
153 4652354
154 383808888404050968577
155 17983718
156 3126242964
157 49269582
158 18014398509481985
159 33803690
160 48599999999840
161 39175218
162 4597292538
163 20285100
164 10633823966279326983230456482242756609
165 83751122
166 26078975834
167 37305714
168 69672960001
169 27915738
170 38685626227668133590597633
171 38394128
172 210108937501
173 52721114
174 14409084988511915442
175 38089278
176 9619630419041620901435312524449124464130795720328478190417063819395928166869436184427311097384012607618805661520
177 39389990
178 20258437501
179 17051708
180 72314827020
181 36271602
182 6427752177035961102167848369364650410088811975131171341205322
183 79167734
184 6655833320221310792
185 147684138
186 1771875001
187 134065830
188 13479973333575319897333507543509815336818572211270286240551805124609
189 142414670
190 191265338881
191 123454692
192 336213237361
193 166726368
